NODE,0.758893,999,103138.660000,6181413851,29213,11,0
NODE,0.758893,999,104783.150000,6859068263,29206,17,0
NODE,0.758893,999,105469.250000,6732493462,29209,1,0
NODE,0.758893,999,106292.710000,7068331516,29205,13,0
NODE,0.758893,999,106886.350000,6843683313,29207,3,0
NODE,0.758893,999,108908.980000,6990409986,29203,15,0
NODE,0.758893,999,109582.780000,7205608064,29211,12,0
NODE,0.758893,999,109861.240000,7020594112,29212,10,0
NODE,0.758893,999,113010.000000,7191831521,29240,133,0
NODE,0.758893,999,113172.220000,7564962303,29382,122,0
NODE,0.758893,999,113679.970000,7447939608,29214,9,0
NODE,0.758893,999,115477.530000,7572915516,29221,18,0
NODE,0.758893,999,116490.210000,7524849315,29219,2,0
NODE,0.758893,999,116649.210000,7591917592,29218,16,0
NODE,0.758893,999,117721.780000,7446368187,29208,7,0
NODE,0.758893,999,118196.960000,7172434661,29239,123,0
NODE,0.758893,999,118260.530000,7834687862,29220,6,0
NODE,0.758893,999,118275.540000,8452161896,29395,137,0
NODE,0.758893,999,118777.650000,7192421712,29381,120,0
NODE,0.758893,999,119413.510000,8557276185,29390,131,0
NODE,0.758893,999,119644.150000,7870239922,29387,128,0
NODE,0.758893,999,120442.290000,7883567158,29217,8,0
NODE,0.758893,999,120635.110000,7497791440,29216,4,0
NODE,0.758893,999,120953.860000,7725978072,29204,19,0
NODE,0.758893,999,122289.230000,8432849965,29383,124,0
NODE,0.758893,999,122557.930000,8197391670,29210,14,0
NODE,0.758893,999,123751.560000,6427894004,29500,276,0
NODE,0.758893,999,123784.950000,8542006908,29389,130,0
NODE,0.758893,999,124854.510000,7143838999,29334,64,0
NODE,0.758893,999,124925.370000,6151338056,29461,224,0
NODE,0.758893,999,125129.950000,7625833427,29466,231,0
NODE,0.758893,999,125270.960000,6944371514,29507,283,0
NODE,0.758893,999,125321.760000,9093436995,29388,129,0
NODE,0.758893,999,125364.380000,8451175202,29384,125,0
NODE,0.758893,999,125613.430000,6975493819,29499,275,0
NODE,0.758893,999,126725.360000,8344119701,29238,121,0
NODE,0.758893,999,126860.920000,7427604096,29269,337,0
NODE,0.758893,999,127415.070000,7075825244,29264,309,0
NODE,0.758893,999,127418.640000,8953634078,29385,126,0
NODE,0.758893,999,127449.990000,6994568621,29353,87,0
NODE,0.758893,999,127960.940000,6723361990,29265,311,0
NODE,0.758893,999,128053.400000,6669571268,29305,28,0
NODE,0.758893,999,128405.250000,7692143304,29497,273,0
NODE,0.758893,999,128832.500000,8949629779,29215,5,0
NODE,0.758893,999,129617.740000,6754890112,29491,266,0
NODE,0.758893,999,129674.240000,6964078285,29336,66,0
NODE,0.758893,999,129747.510000,7325101222,29501,277,0
NODE,0.758893,999,129941.700000,7167572971,29511,287,0
NODE,0.758893,999,130497.790000,9637582569,29393,135,0
NODE,0.758893,999,130752.400000,7709859609,29263,299,0
NODE,0.758893,999,130762.720000,7110309288,29453,213,0
NODE,0.758893,999,131191.990000,7721765340,29529,308,0
NODE,0.758893,999,131390.850000,7164792727,29468,235,0
NODE,0.758893,999,131389.010000,7691248443,29595,350,0
NODE,0.758893,999,131513.280000,9437884304,29396,138,0
NODE,0.758893,999,131581.170000,7181634160,29530,310,0
NODE,0.758893,999,131630.690000,6704939351,29450,209,0
NODE,0.758893,999,131701.800000,6278245526,29444,203,0
NODE,0.758893,999,131860.050000,7142256437,29242,153,0
NODE,0.758893,999,131939.470000,7588347673,29355,89,0
NODE,0.758893,999,132612.380000,7183342032,29267,323,0
NODE,0.758893,999,132640.700000,7329885874,29318,44,0
NODE,0.758893,999,132662.160000,7142406166,29262,297,0
NODE,0.758893,999,132787.810000,9121255290,29394,136,0
NODE,0.758893,999,132854.440000,6445400198,29445,204,0
NODE,0.758893,999,133096.270000,9741777241,29397,139,0
NODE,0.758893,999,133112.960000,7309329807,29289,393,0
NODE,0.758893,999,133650.520000,8155840033,29503,279,0
NODE,0.758893,999,133688.060000,8096730214,29415,167,0
NODE,0.758893,999,133834.280000,7112844771,29317,43,0
NODE,0.758893,999,133912.860000,7710568686,29546,329,0
NODE,0.758893,999,133993.200000,7400847257,29488,262,0
NODE,0.758893,999,134104.590000,7290784478,29441,199,0
NODE,0.758893,999,134127.900000,7633562271,29306,29,0
NODE,0.758893,999,134147.780000,7500966391,29515,291,0
NODE,0.758893,999,134363.100000,7112803508,29522,301,0
NODE,0.758893,999,134667.480000,7282515009,29551,335,0
NODE,0.758893,999,135147.350000,9240150600,29391,132,0
NODE,0.758893,999,135297.970000,7389839218,29365,101,0
NODE,0.758893,999,135419.940000,7240263332,29230,77,0
NODE,0.758893,999,135489.580000,7974608975,29351,85,0
NODE,0.758893,999,135564.220000,7591627949,29438,195,0
NODE,0.758893,999,135596.430000,7294302862,29440,198,0
NODE,0.758893,999,135619.980000,7605949899,29342,72,0
NODE,0.758893,999,135630.270000,7834910765,29408,160,0
NODE,0.758893,999,135686.910000,7549447625,29537,319,0
NODE,0.758893,999,135716.860000,8978861301,29386,127,0
NODE,0.758893,999,135876.710000,7139762059,29234,97,0
NODE,0.758893,999,136020.340000,7742027235,29277,381,0
NODE,0.758893,999,136056.020000,7782518983,29274,375,0
NODE,0.758893,999,136246.690000,7700015001,29462,225,0
NODE,0.758893,999,136347.360000,8424528060,29509,285,0
NODE,0.758893,999,136362.410000,7473103545,29489,264,0
NODE,0.758893,999,136445.820000,6631769083,29449,208,0
NODE,0.758893,999,136554.120000,7395213510,29320,46,0
NODE,0.758893,999,136641.260000,7664296711,29498,274,0
NODE,0.758893,999,136767.760000,8025008846,29260,269,0
NODE,0.758893,999,136785.510000,7423300482,29513,289,0
NODE,0.758893,999,136971.370000,7694112269,29285,389,0
NODE,0.758893,999,136994.820000,7410947938,29439,196,0
NODE,0.758893,999,137157.070000,7485891424,29287,391,0
NODE,0.758893,999,137249.030000,7164084768,29231,79,0
NODE,0.758893,999,137299.140000,8060394372,29486,259,0
NODE,0.758893,999,137503.960000,8256080480,29270,351,0
NODE,0.758893,999,137641.100000,8089460260,29598,355,0
NODE,0.758893,999,137752.050000,6899468557,29443,202,0
NODE,0.758893,999,137776.720000,7592602869,29226,49,0
NODE,0.758893,999,137837.090000,8162809097,29413,165,0
NODE,0.758893,999,137971.140000,7678175724,29460,223,0
NODE,0.758893,999,138110.300000,7932324966,29311,35,0
NODE,0.758893,999,138207.670000,8826595257,29594,349,0
NODE,0.758893,999,138302.250000,7255857791,29294,398,0
NODE,0.758893,999,138334.000000,7598998515,29419,171,0
NODE,0.758893,999,138368.620000,7645096209,29326,54,0
NODE,0.758893,999,138577.270000,8299067093,29252,215,0
NODE,0.758893,999,138762.870000,8674692503,29593,347,0
NODE,0.758893,999,138792.370000,7524232311,29268,333,0
NODE,0.758893,999,138908.750000,8170527901,29592,346,0
NODE,0.758893,999,138993.040000,7591287842,29266,313,0
NODE,0.758893,999,139013.410000,7838045643,29345,76,0
NODE,0.758893,999,139033.550000,8192916735,29329,59,0
NODE,0.758893,999,139144.340000,7770315073,29578,150,0
NODE,0.758893,999,139208.570000,7765948859,29271,353,0
NODE,0.758893,999,139629.010000,7497497117,29325,53,0
NODE,0.758893,999,139638.570000,7713543758,29222,241,0
NODE,0.758893,999,139651.000000,7379843448,29458,219,0
NODE,0.758893,999,139786.690000,8401859319,29258,261,0
NODE,0.758893,999,139787.470000,7940538715,29341,71,0
NODE,0.758893,999,139839.420000,7592335501,29246,177,0
NODE,0.758893,999,139915.800000,7220008627,29437,194,0
NODE,0.758893,999,139946.920000,7997719409,29337,67,0
NODE,0.758893,999,140010.040000,8036890129,29538,320,0
NODE,0.758893,999,140018.540000,7705693265,29360,95,0
NODE,0.758893,999,140189.760000,8302093132,29340,70,0
NODE,0.758893,999,140205.900000,6810894444,29280,384,0
NODE,0.758893,999,140212.480000,7653117672,29380,119,0
NODE,0.758893,999,140341.920000,7858077868,29300,23,0
NODE,0.758893,999,140500.750000,8079246365,29542,325,0
NODE,0.758893,999,140536.730000,7519036291,29570,378,0
NODE,0.758893,999,140785.480000,8068509315,29283,387,0
NODE,0.758893,999,140807.750000,7848540295,29549,332,0
NODE,0.758893,999,140854.130000,7533448129,29316,42,0
NODE,0.758893,999,140949.530000,7984490303,29474,245,0
NODE,0.758893,999,141015.280000,8740920424,29367,103,0
NODE,0.758893,999,141023.030000,7624519646,29235,105,0
NODE,0.758893,999,141140.530000,7702794032,29447,206,0
NODE,0.758893,999,141238.440000,7527333335,29335,65,0
NODE,0.758893,999,141239.540000,8065247569,29531,312,0
NODE,0.758893,999,141275.700000,7453287323,29523,302,0
NODE,0.758893,999,141331.840000,8620675295,29308,31,0
NODE,0.758893,999,141380.650000,7713314549,29567,373,0
NODE,0.758893,999,141421.950000,7539155750,29448,207,0
NODE,0.758893,999,141462.310000,8010447202,29248,193,0
NODE,0.758893,999,141740.330000,8189675490,29331,61,0
NODE,0.758893,999,141798.530000,8352278201,29255,237,0
NODE,0.758893,999,141905.640000,7044913300,29446,205,0
NODE,0.758893,999,141923.120000,8112108954,29406,157,0
NODE,0.758893,999,141935.200000,7906829421,29525,304,0
NODE,0.758893,999,142003.090000,8051322113,29504,280,0
NODE,0.758893,999,142013.210000,7605910579,29451,210,0
NODE,0.758893,999,142033.310000,8379499185,29558,363,0
NODE,0.758893,999,142170.910000,7270021358,29243,154,0
NODE,0.758893,999,142184.030000,8173226720,29426,181,0
NODE,0.758893,999,142224.680000,9044494431,29556,361,0
NODE,0.758893,999,142239.890000,7780728761,29411,163,0
NODE,0.758893,999,142239.180000,7453742304,29459,220,0
NODE,0.758893,999,142238.180000,8174659304,29484,257,0
NODE,0.758893,999,142649.440000,7516663727,29362,98,0
NODE,0.758893,999,142784.750000,8094474849,29599,356,0
NODE,0.758893,999,142876.030000,8336809066,29495,271,0
NODE,0.758893,999,142937.440000,8386438795,29465,229,0
NODE,0.758893,999,143121.470000,8173466573,29302,25,0
NODE,0.758893,999,143156.060000,7837818318,29403,152,0
NODE,0.758893,999,143181.240000,7494883350,29352,86,0
NODE,0.758893,999,143476.140000,8319461627,29600,358,0
NODE,0.758893,999,143510.480000,7947196715,29422,176,0
NODE,0.758893,999,143539.520000,7957747538,29429,184,0
NODE,0.758893,999,143547.510000,8574689628,29550,334,0
NODE,0.758893,999,143644.100000,7763231792,29276,380,0
NODE,0.758893,999,143684.730000,8525838931,29526,305,0
NODE,0.758893,999,143933.630000,8307907269,29344,75,0
NODE,0.758893,999,143974.140000,7383503196,29227,52,0
NODE,0.758893,999,143998.710000,7377391445,29315,41,0
NODE,0.758893,999,144036.770000,7657533903,29410,162,0
NODE,0.758893,999,144209.700000,8292116347,29571,379,0
NODE,0.758893,999,144221.930000,8283528406,29557,362,0
NODE,0.758893,999,144276.990000,7681151646,29241,146,0
NODE,0.758893,999,144309.940000,7715192933,29229,73,0
NODE,0.758893,999,144313.590000,8550736825,29348,81,0
NODE,0.758893,999,144318.930000,8328850754,29577,148,0
NODE,0.758893,999,144323.740000,7980422160,29224,37,0
NODE,0.758893,999,144366.220000,7606848448,29442,200,0
NODE,0.758893,999,144431.610000,8018055082,29544,327,0
NODE,0.758893,999,144449.910000,7772655127,29543,326,0
NODE,0.758893,999,144493.850000,8033177212,29327,55,0
NODE,0.758893,999,144514.910000,8546980285,29378,117,0
NODE,0.758893,999,144537.370000,7787221603,29228,58,0
NODE,0.758893,999,144544.640000,8754602386,29560,365,0
NODE,0.758893,999,144597.290000,8051243198,29304,27,0
NODE,0.758893,999,144675.810000,8060453044,29425,180,0
NODE,0.758893,999,144681.420000,8120783252,29506,282,0
NODE,0.758893,999,144732.790000,7484241994,29282,386,0
NODE,0.758893,999,144796.380000,8352107241,29346,78,0
NODE,0.758893,999,144822.030000,7445162024,29452,212,0
NODE,0.758893,999,144843.700000,8605462552,29332,62,0
NODE,0.758893,999,144860.470000,8061196808,29541,324,0
NODE,0.758893,999,144865.450000,9282835184,29273,367,0
NODE,0.758893,999,145014.200000,8492970582,29517,293,0
NODE,0.758893,999,145087.830000,8394319329,29237,113,0
NODE,0.758893,999,145095.910000,7773085942,29420,172,0
NODE,0.758893,999,145112.340000,8271036380,29407,158,0
NODE,0.758893,999,145189.520000,8552771454,29338,68,0
NODE,0.758893,999,145300.760000,7505425596,29514,290,0
NODE,0.758893,999,145342.120000,8163109181,29534,316,0
NODE,0.758893,999,145363.720000,7751426871,29559,364,0
NODE,0.758893,999,145434.190000,8462263045,29587,341,0
NODE,0.758893,999,145642.410000,8559322498,29547,330,0
NODE,0.758893,999,145646.430000,8050907839,29288,392,0
NODE,0.758893,999,145663.710000,8332904721,29572,159,0
NODE,0.758893,999,145777.520000,8191811056,29575,143,0
NODE,0.758893,999,145783.850000,7669432002,29225,39,0
NODE,0.758893,999,145832.110000,7830860065,29418,170,0
NODE,0.758893,999,145842.530000,7967442626,29564,370,0
NODE,0.758893,999,145997.110000,7811467155,29427,182,0
NODE,0.758893,999,146214.470000,8595647659,29339,69,0
NODE,0.758893,999,146295.920000,8262657145,29377,116,0
NODE,0.758893,999,146397.080000,8610882581,29414,166,0
NODE,0.758893,999,146404.890000,8762188237,29579,348,0
NODE,0.758893,999,146427.450000,7815156443,29245,175,0
NODE,0.758893,999,146566.720000,8065955543,29568,374,0
NODE,0.758893,999,146629.620000,8776992304,29233,91,0
NODE,0.758893,999,146628.440000,7623030251,29573,140,0
NODE,0.758893,999,146873.120000,8476362707,29494,270,0
NODE,0.758893,999,146928.020000,8151261111,29590,344,0
NODE,0.758893,999,147091.700000,7920828568,29524,303,0
NODE,0.758893,999,147200.360000,8122489791,29532,314,0
NODE,0.758893,999,147276.210000,9241783291,29256,247,0
NODE,0.758893,999,147452.270000,8457055032,29424,179,0
NODE,0.758893,999,147492.060000,8020112730,29281,385,0
NODE,0.758893,999,147547.970000,8372650208,29236,107,0
NODE,0.758893,999,147592.010000,7967998821,29404,155,0
NODE,0.758893,999,147630.010000,8168916943,29428,183,0
NODE,0.758893,999,147650.730000,8401594133,29464,228,0
NODE,0.758893,999,147717.640000,8269603377,29284,388,0
NODE,0.758893,999,147759.080000,8339429852,29412,164,0
NODE,0.758893,999,147937.940000,8277448002,29516,292,0
NODE,0.758893,999,147976.460000,8150737875,29581,226,0
NODE,0.758893,999,148020.730000,8310678445,29330,60,0
NODE,0.758893,999,148028.760000,8246861860,29456,217,0
NODE,0.758893,999,148056.130000,8418284875,29333,63,0
NODE,0.758893,999,148069.410000,8438202948,29586,340,0
NODE,0.758893,999,148130.560000,8400611635,29247,189,0
NODE,0.758893,999,148205.450000,8087686594,29562,368,0
NODE,0.758893,999,148288.510000,7681696356,29312,36,0
NODE,0.758893,999,148326.730000,8460403224,29275,377,0
NODE,0.758893,999,148334.700000,7974925127,29402,151,0
NODE,0.758893,999,148347.660000,8858200952,29519,296,0
NODE,0.758893,999,148373.540000,8363036503,29467,232,0
NODE,0.758893,999,148399.830000,7636204968,29278,382,0
NODE,0.758893,999,148517.560000,8598145432,29279,383,0
NODE,0.758893,999,148699.350000,8144167358,29373,111,0
NODE,0.758893,999,148704.820000,8941660125,29502,278,0
NODE,0.758893,999,148707.440000,8425818686,29272,357,0
NODE,0.758893,999,148789.480000,8002341171,29310,34,0
NODE,0.758893,999,148820.340000,8317523907,29366,102,0
NODE,0.758893,999,148896.290000,7917343382,29469,239,0
NODE,0.758893,999,149019.370000,9116826955,29553,338,0
NODE,0.758893,999,149110.530000,8213605976,29249,197,0
NODE,0.758893,999,149184.400000,7569358597,29350,84,0
NODE,0.758893,999,149353.720000,8886693214,29261,295,0
NODE,0.758893,999,149509.550000,8375317438,29473,244,0
NODE,0.758893,999,149618.390000,8863842361,29548,331,0
NODE,0.758893,999,149694.670000,8486209997,29554,339,0
NODE,0.758893,999,149697.060000,8344272250,29286,390,0
NODE,0.758893,999,149788.520000,8979323208,29520,298,0
NODE,0.758893,999,149837.450000,8249048725,29232,83,0
NODE,0.758893,999,150013.350000,10860821349,29392,134,0
NODE,0.758893,999,150198.450000,9452150425,29588,342,0
NODE,0.758893,999,150213.790000,8426943031,29319,45,0
NODE,0.758893,999,150270.670000,7781531808,29566,372,0
NODE,0.758893,999,150412.990000,8053391561,29309,32,0
NODE,0.758893,999,150597.590000,9055137275,29589,343,0
NODE,0.758893,999,150663.260000,8902683182,29324,51,0
NODE,0.758893,999,150685.120000,8834896183,29528,307,0
NODE,0.758893,999,150697.610000,9239792993,29257,255,0
NODE,0.758893,999,150715.870000,7944511611,29292,396,0
NODE,0.758893,999,150803.290000,8287555308,29540,322,0
NODE,0.758893,999,150808.910000,8435421619,29364,100,0
NODE,0.758893,999,150930.470000,8398799259,29423,178,0
NODE,0.758893,999,150930.790000,8820231933,29527,306,0
NODE,0.758893,999,150967.770000,7839761044,29307,30,0
NODE,0.758893,999,151178.480000,8989735110,29251,211,0
NODE,0.758893,999,151230.720000,8996946740,29496,272,0
NODE,0.758893,999,151470.630000,8739253924,29457,218,0
NODE,0.758893,999,151510.670000,7731018054,29585,238,0
NODE,0.758893,999,151520.730000,7848113023,29322,48,0
NODE,0.758893,999,151601.230000,8881720952,29370,108,0
NODE,0.758893,999,151610.070000,9466918792,29481,253,0
NODE,0.758893,999,151817.910000,8357591782,29493,268,0
NODE,0.758893,999,151825.250000,8844012513,29431,186,0
NODE,0.758893,999,151858.370000,8005481308,29417,169,0
NODE,0.758893,999,151859.400000,8879528111,29343,74,0
NODE,0.758893,999,151952.040000,8650341057,29539,321,0
NODE,0.758893,999,152183.340000,7639987720,29485,258,0
NODE,0.758893,999,152196.390000,8759971390,29480,252,0
NODE,0.758893,999,152233.280000,7955483710,29454,214,0
NODE,0.758893,999,152285.890000,8230090315,29512,288,0
NODE,0.758893,999,152387.580000,8484060073,29223,33,0
NODE,0.758893,999,152443.770000,7763222369,29421,174,0
NODE,0.758893,999,152527.730000,8255354839,29363,99,0
NODE,0.758893,999,152558.680000,8741134370,29435,191,0
NODE,0.758893,999,152702.660000,8367638063,29455,216,0
NODE,0.758893,999,152730.120000,8558530453,29535,317,0
NODE,0.758893,999,152741.990000,9446547541,29259,263,0
NODE,0.758893,999,152795.070000,8274458848,29313,38,0
NODE,0.758893,999,152860.020000,8431131067,29536,318,0
NODE,0.758893,999,152869.030000,8771541553,29291,395,0
NODE,0.758893,999,153049.270000,8509777575,29569,376,0
NODE,0.758893,999,153216.290000,8121176070,29290,394,0
NODE,0.758893,999,153241.990000,9331935906,29376,115,0
NODE,0.758893,999,153408.460000,8134763914,29354,88,0
NODE,0.758893,999,153739.030000,9546413015,29398,141,0
NODE,0.758893,999,153757.760000,9821358504,29479,251,0
NODE,0.758893,999,153804.360000,9173775305,29472,243,0
NODE,0.758893,999,153906.170000,9746305471,29432,187,0
NODE,0.758893,999,154058.640000,8357752858,29293,397,0
NODE,0.758893,999,154263.740000,8378787372,29244,173,0
NODE,0.758893,999,154268.720000,8528955599,29379,118,0
NODE,0.758893,999,154351.860000,8422813218,29347,80,0
NODE,0.758893,999,154366.300000,8904420604,29296,57,0
NODE,0.758893,999,154857.290000,9326712505,29596,352,0
NODE,0.758893,999,154971.220000,9105782561,29565,371,0
NODE,0.758893,999,154991.890000,8263144938,29254,233,0
NODE,0.758893,999,155039.490000,8144924840,29359,94,0
NODE,0.758893,999,155076.330000,9013764006,29463,227,0
NODE,0.758893,999,155143.530000,8864213564,29574,142,0
NODE,0.758893,999,155201.500000,8790520152,29482,254,0
NODE,0.758893,999,155228.650000,8874171161,29555,360,0
NODE,0.758893,999,155497.640000,8819646715,29328,56,0
NODE,0.758893,999,155514.330000,8850585290,29295,399,0
NODE,0.758893,999,155562.060000,8960761294,29433,188,0
NODE,0.758893,999,155594.430000,8945025518,29405,156,0
NODE,0.758893,999,155844.400000,9110461987,29601,359,0
NODE,0.758893,999,156049.730000,8361264718,29356,90,0
NODE,0.758893,999,156118.700000,9261955179,29416,168,0
NODE,0.758893,999,156193.900000,8448146213,29297,20,0
NODE,0.758893,999,156228.370000,8396967755,29314,40,0
NODE,0.758893,999,156309.880000,8990880277,29436,192,0
NODE,0.758893,999,156511.020000,9522384494,29505,281,0
NODE,0.758893,999,156507.730000,8536691883,29518,294,0
NODE,0.758893,999,156522.730000,9243162699,29492,267,0
NODE,0.758893,999,156899.740000,7992864975,29361,96,0
NODE,0.758893,999,156940.230000,9440241458,29478,250,0
NODE,0.758893,999,157437.680000,8945337551,29510,286,0
NODE,0.758893,999,157511.670000,9672241982,29490,265,0
NODE,0.758893,999,157624.190000,8538043735,29250,201,0
NODE,0.758893,999,157677.250000,9402126107,29409,161,0
NODE,0.758893,999,157879.920000,8404240282,29475,246,0
NODE,0.758893,999,158247.690000,9116683386,29508,284,0
NODE,0.758893,999,158288.940000,8819512826,29321,47,0
NODE,0.758893,999,158346.930000,8760091107,29582,230,0
NODE,0.758893,999,158529.050000,8407266246,29470,240,0
NODE,0.758893,999,158850.280000,9106378400,29372,110,0
NODE,0.758893,999,159308.070000,8930617517,29583,234,0
NODE,0.758893,999,159338.010000,9118027397,29533,315,0
NODE,0.758893,999,159343.430000,8664484077,29487,260,0
NODE,0.758893,999,159358.660000,9176298791,29374,112,0
NODE,0.758893,999,159770.830000,9010042240,29552,336,0
NODE,0.758893,999,159796.080000,9316389904,29477,249,0
NODE,0.758893,999,159995.640000,9487413307,29401,149,0
NODE,0.758893,999,160794.140000,9159929784,29576,144,0
NODE,0.758893,999,160817.520000,9281186745,29430,185,0
NODE,0.758893,999,160896.900000,9585904246,29253,221,0
NODE,0.758893,999,161206.870000,8270424813,29483,256,0
NODE,0.758893,999,161402.890000,9498567243,29400,147,0
NODE,0.758893,999,161730.410000,9048134735,29597,354,0
NODE,0.758893,999,161993.380000,9286428157,29303,26,0
NODE,0.758893,999,162342.110000,9880260391,29580,222,0
NODE,0.758893,999,162490.240000,9160379260,29298,21,0
NODE,0.758893,999,162715.040000,8991949291,29323,50,0
NODE,0.758893,999,162746.560000,9390995919,29369,106,0
NODE,0.758893,999,162781.100000,9740539640,29563,369,0
NODE,0.758893,999,163072.520000,9369856151,29434,190,0
NODE,0.758893,999,163240.980000,9081184206,29349,82,0
NODE,0.758893,999,164894.620000,10373270356,29399,145,0
NODE,0.758893,999,165002.780000,10593407740,29371,109,0
NODE,0.758893,999,165762.200000,8976227633,29584,236,0
NODE,0.758893,999,165953.830000,9338592744,29358,93,0
NODE,0.758893,999,166024.010000,9734647019,29299,22,0
NODE,0.758893,999,166227.210000,10234187519,29591,345,0
NODE,0.758893,999,166835.450000,9382498513,29375,114,0
NODE,0.758893,999,167214.660000,9337519563,29301,24,0
NODE,0.758893,999,167557.530000,9845407812,29561,366,0
NODE,0.758893,999,169462.710000,8425509961,29476,248,0
NODE,0.758893,999,170940.790000,10716640886,29368,104,0
NODE,0.758893,999,171862.320000,9911934200,29545,328,0
NODE,0.758893,999,172254.380000,10264738641,29521,300,0
NODE,0.758893,999,173467.970000,9382559073,29471,242,0
NODE,0.758893,999,183395.900000,9801532893,29357,92,0
NODE,0.758893,999,107225.590000,6734444139,29607,15,0
NODE,0.758893,999,113261.710000,7465206266,29602,11,0
NODE,0.758893,999,117674.210000,8480775317,29605,13,0
NODE,0.758893,999,107727.080000,6987845991,29617,123,0
NODE,0.758893,999,121638.200000,8467502936,29606,3,0
NODE,0.758893,999,125058.210000,8600226299,29604,1,0
NODE,0.758893,999,117603.900000,8588376420,29610,133,0
NODE,0.758893,999,115266.970000,7935717541,29614,2,0
NODE,0.758893,999,122989.140000,8621034552,29608,12,0
NODE,0.758893,999,114558.290000,7622964083,29618,6,0
NODE,0.758893,999,118558.650000,7913909893,29613,18,0
NODE,0.758893,999,120904.060000,8679429401,29611,122,0
NODE,0.758893,999,124788.720000,9005418331,29609,10,0
NODE,0.758893,999,118135.360000,8302621397,29615,16,0
NODE,0.758893,999,107546.990000,6830727906,29640,126,0
NODE,0.758893,999,115973.080000,8418607988,29621,131,0
NODE,0.758893,999,120417.200000,8618344088,29616,7,0
NODE,0.758893,999,134054.950000,10255547903,29603,17,0
NODE,0.758893,999,117236.380000,8544796071,29635,125,0
NODE,0.758893,999,124071.030000,8651335322,29620,120,0
NODE,0.758893,999,112496.340000,8082125342,29656,138,0
NODE,0.758893,999,118475.480000,7798767000,29637,121,0
NODE,0.758893,999,109521.340000,7781699850,29688,127,0
NODE,0.758893,999,124564.800000,8437392213,29626,124,0
NODE,0.758893,999,127584.860000,8626204137,29622,128,0
NODE,0.758893,999,126950.450000,8528283326,29623,8,0
NODE,0.758893,999,114663.190000,7847894314,29667,139,0
NODE,0.758893,999,112659.340000,8183416259,29679,132,0
NODE,0.758893,999,135032.830000,10290370691,29612,9,0
NODE,0.758893,999,128852.490000,7936266628,29625,19,0
NODE,0.758893,999,128018.980000,8587355004,29627,14,0
NODE,0.758893,999,127690.650000,8525126499,29629,130,0
NODE,0.758893,999,119435.780000,8045284096,29665,136,0
NODE,0.758893,999,127718.120000,8810659237,29634,129,0
NODE,0.758893,999,135634.840000,9932142131,29619,137,0
NODE,0.758893,999,117509.470000,6559508467,29708,49,0
NODE,0.758893,999,126754.710000,7190350725,29652,213,0
NODE,0.758893,999,122839.020000,7010876867,29709,165,0
NODE,0.758893,999,132194.380000,8714450440,29645,5,0
NODE,0.758893,999,125105.590000,7299747789,29690,381,0
NODE,0.758893,999,136892.690000,7589668712,29632,231,0
NODE,0.758893,999,125026.950000,6688827204,29701,196,0
NODE,0.758893,999,131617.540000,8970442164,29650,135,0
NODE,0.758893,999,124145.740000,7200501889,29725,53,0
NODE,0.758893,999,128137.330000,8051167808,29686,160,0
NODE,0.758893,999,128396.450000,7732374353,29683,195,0
NODE,0.758893,999,124606.790000,6915877968,29730,177,0
NODE,0.758893,999,137734.450000,7752826688,29638,337,0
NODE,0.758893,999,140090.010000,8067688543,29630,64,0
NODE,0.758893,999,132785.740000,7847563659,29664,297,0
NODE,0.758893,999,133827.590000,7683635611,29658,209,0
NODE,0.758893,999,131263.510000,7551694461,29689,97,0
NODE,0.758893,999,140236.170000,8287065940,29639,309,0
NODE,0.758893,999,130785.430000,7102904568,29702,391,0
NODE,0.758893,999,131429.850000,7329072911,29697,274,0
NODE,0.758893,999,122880.690000,6436190470,29817,341,0
NODE,0.758893,999,130361.510000,7347092207,29712,349,0
NODE,0.758893,999,140945.560000,8467573837,29644,273,0
NODE,0.758893,999,132698.640000,7267598631,29700,389,0
NODE,0.758893,999,128035.770000,6950625772,29755,61,0
NODE,0.758893,999,133163.920000,7974204082,29699,289,0
NODE,0.758893,999,129860.700000,6829650662,29737,119,0
NODE,0.758893,999,130506.850000,7285645499,29728,261,0
NODE,0.758893,999,131901.500000,7495667122,29722,59,0
NODE,0.758893,999,143240.260000,8440355830,29642,311,0
NODE,0.758893,999,133903.720000,7734410295,29704,259,0
NODE,0.758893,999,129876.870000,7540047074,29751,31,0
NODE,0.758893,999,144287.270000,8073555011,29641,87,0
NODE,0.758893,999,130125.940000,7911332077,29756,237,0
NODE,0.758893,999,126723.030000,6803048472,29814,290,0
NODE,0.758893,999,147147.770000,7956999362,29631,224,0
NODE,0.758893,999,132629.780000,7286564970,29726,241,0
NODE,0.758893,999,130446.870000,7694337923,29757,205,0
NODE,0.758893,999,127711.230000,6932439534,29812,158,0
NODE,0.758893,999,131651.870000,7317761310,29748,65,0
NODE,0.758893,999,135714.180000,7274460567,29703,79,0
NODE,0.758893,999,127477.890000,7040392412,29818,330,0
NODE,0.758893,999,135607.130000,7675612149,29710,223,0
NODE,0.758893,999,132092.140000,7736441257,29758,157,0
NODE,0.758893,999,135741.800000,7636944850,29715,54,0
NODE,0.758893,999,138060.350000,8001987749,29691,375,0
NODE,0.758893,999,138764.670000,7930331909,29687,319,0
NODE,0.758893,999,129135.650000,6813236325,29815,316,0
NODE,0.758893,999,132332.730000,8003588339,29765,361,0
NODE,0.758893,999,136554.670000,7551656983,29711,35,0
NODE,0.758893,999,133899.830000,7697728527,29745,103,0
NODE,0.758893,999,142349.240000,7784292162,29663,44,0
NODE,0.758893,999,137408.240000,8063506955,29706,355,0
NODE,0.758893,999,134145.210000,7438724855,29750,302,0
NODE,0.758893,999,128663.430000,6699570987,29835,344,0
NODE,0.758893,999,139994.260000,7640655335,29684,198,0
NODE,0.758893,999,132506.340000,7534748387,29773,25,0
NODE,0.758893,999,141046.310000,8043476086,29678,335,0
NODE,0.758893,999,134365.700000,8167781874,29754,193,0
NODE,0.758893,999,147792.740000,7388298270,29643,28,0
NODE,0.758893,999,146313.510000,8361607727,29648,277,0
NODE,0.758893,999,150844.030000,9031458407,29633,283,0
NODE,0.758893,999,143892.000000,7754293437,29666,204,0
NODE,0.758893,999,139999.470000,8575954445,29698,269,0
NODE,0.758893,999,136056.380000,7716190190,29743,42,0
NODE,0.758893,999,140799.120000,7940954968,29696,46,0
NODE,0.758893,999,133666.070000,7793047591,29784,41,0
NODE,0.758893,999,157205.150000,10701847360,29624,4,0
NODE,0.758893,999,133988.810000,7504186029,29783,52,0
NODE,0.758893,999,132843.900000,7641917570,29813,68,0
NODE,0.758893,999,139814.490000,7560776757,29713,398,0
NODE,0.758893,999,142794.430000,8383477124,29685,72,0
NODE,0.758893,999,142359.990000,8019088459,29692,225,0
NODE,0.758893,999,134548.020000,7427992679,29788,146,0
NODE,0.758893,999,139827.990000,8099851848,29721,76,0
NODE,0.758893,999,147753.470000,8548115152,29653,308,0
NODE,0.758893,999,138015.980000,8788246362,29744,245,0
NODE,0.758893,999,144694.860000,9294534753,29677,301,0
NODE,0.758893,999,138202.640000,8098417950,29746,105,0
NODE,0.758893,999,156023.310000,8005758671,29628,276,0
NODE,0.758893,999,139852.870000,8220490786,29733,320,0
NODE,0.758893,999,139067.290000,7471263072,29749,312,0
NODE,0.758893,999,129351.290000,7655205754,29893,211,0
NODE,0.758893,999,135647.040000,8122491578,29809,293,0
NODE,0.758893,999,145819.590000,8935462274,29681,77,0
NODE,0.758893,999,146097.480000,8683408458,29680,101,0
NODE,0.758893,999,142192.320000,8046779173,29724,353,0
NODE,0.758893,999,138789.390000,7895376581,29770,356,0
NODE,0.758893,999,136648.000000,7747916991,29810,113,0
NODE,0.758893,999,140160.610000,7885566274,29759,304,0
NODE,0.758893,999,149510.660000,8891561961,29662,323,0
NODE,0.758893,999,150535.550000,8916265251,29659,203,0
NODE,0.758893,999,131437.120000,7278468316,29890,178,0
NODE,0.758893,999,136969.000000,8022194132,29823,170,0
NODE,0.758893,999,135514.340000,7588482975,29839,179,0
NODE,0.758893,999,151663.220000,8773921596,29655,350,0
NODE,0.758893,999,146766.670000,7752867345,29695,208,0
NODE,0.758893,999,150462.210000,8805121853,29668,393,0
NODE,0.758893,999,142179.040000,8798823615,29753,207,0
NODE,0.758893,999,136155.810000,7410723503,29841,107,0
NODE,0.758893,999,152349.740000,8970454759,29654,235,0
NODE,0.758893,999,133721.600000,7924881366,29878,134,0
NODE,0.758893,999,144696.520000,7995560884,29723,150,0
NODE,0.758893,999,141051.140000,8566538203,29771,271,0
NODE,0.758893,999,138204.340000,7981383098,29821,143,0
NODE,0.758893,999,133215.390000,7389138297,29889,100,0
NODE,0.758893,999,144400.640000,7349626981,29731,194,0
NODE,0.758893,999,152496.260000,9332248971,29660,153,0
NODE,0.758893,999,139096.640000,7391188520,29816,364,0
NODE,0.758893,999,140163.570000,7539535549,29790,81,0
NODE,0.758893,999,152717.570000,8761914530,29661,89,0
NODE,0.758893,999,137027.960000,8017380665,29843,183,0
NODE,0.758893,999,143367.310000,9119096376,29752,373,0
NODE,0.758893,999,145219.790000,9027223424,29727,219,0
NODE,0.758893,999,146121.860000,8403753225,29719,346,0
NODE,0.758893,999,140236.930000,8198282993,29808,367,0
NODE,0.758893,999,154625.600000,8848072414,29651,299,0
NODE,0.758893,999,151505.730000,9880445576,29674,199,0
NODE,0.758893,999,146262.190000,7883464072,29729,71,0
NODE,0.758893,999,154546.350000,8905556697,29657,310,0
NODE,0.758893,999,147582.970000,8985604555,29716,215,0
NODE,0.758893,999,140311.870000,7667182118,29825,182,0
NODE,0.758893,999,148250.340000,8310000126,29714,171,0
NODE,0.758893,999,156909.880000,9065032274,29647,66,0
NODE,0.758893,999,152652.270000,8860696064,29675,29,0
NODE,0.758893,999,134280.090000,7808352563,29912,191,0
NODE,0.758893,999,157192.450000,9034767484,29649,287,0
NODE,0.758893,999,157632.970000,8323574049,29646,266,0
NODE,0.758893,999,142506.580000,8839729664,29804,78,0
NODE,0.758893,999,147519.020000,8333680675,29732,67,0
NODE,0.758893,999,151149.120000,8796513158,29693,285,0
NODE,0.758893,999,135993.910000,6950914304,29897,48,0
NODE,0.758893,999,143433.260000,8205712904,29792,37,0
NODE,0.758893,999,141507.780000,8145285897,29829,348,0
NODE,0.758893,999,149165.280000,8256289185,29718,333,0
NODE,0.758893,999,150340.470000,8397796799,29707,202,0
NODE,0.758893,999,136574.660000,7350458076,29902,169,0
NODE,0.758893,999,144159.310000,7952563304,29791,148,0
NODE,0.758893,999,137628.020000,7375229588,29891,306,0
NODE,0.758893,999,144415.960000,8216076773,29789,73,0
NODE,0.758893,999,145098.040000,8190527215,29781,305,0
NODE,0.758893,999,148068.180000,8381661945,29747,206,0
NODE,0.758893,999,153866.140000,9020112355,29682,85,0
NODE,0.758893,999,131885.500000,7451663363,29958,161,0
NODE,0.758893,999,149356.080000,8717906881,29738,23,0
NODE,0.758893,999,138243.210000,6845727302,29896,238,0
NODE,0.758893,999,156266.570000,9331145112,29670,167,0
NODE,0.758893,999,144928.820000,8476091309,29811,172,0
NODE,0.758893,999,136341.010000,7450869365,29925,243,0
NODE,0.758893,999,146234.920000,8286679015,29785,162,0
NODE,0.758893,999,156317.510000,9035819343,29673,262,0
NODE,0.758893,999,151610.510000,9021253308,29717,347,0
NODE,0.758893,999,147454.570000,8551740419,29772,229,0
NODE,0.758893,999,140282.380000,8019559951,29880,45,0
NODE,0.758893,999,147110.480000,8060801325,29779,334,0
NODE,0.758893,999,157123.640000,9346563538,29669,279,0
NODE,0.758893,999,151852.640000,9098559179,29720,313,0
NODE,0.758893,999,150671.490000,9021817311,29739,325,0
NODE,0.758893,999,145085.140000,8382835994,29826,69,0
NODE,0.758893,999,142800.840000,7507198321,29866,102,0
NODE,0.758893,999,134342.700000,7637974372,29956,265,0
NODE,0.758893,999,136829.600000,8010578482,29936,227,0
NODE,0.758893,999,148489.230000,9600570560,29777,176,0
NODE,0.758893,999,138869.560000,7264445959,29920,394,0
NODE,0.758893,999,137122.210000,8099683306,29934,233,0
NODE,0.758893,999,152160.670000,8954173558,29734,95,0
NODE,0.758893,999,166837.220000,9621442738,29636,275,0
NODE,0.758893,999,145025.310000,7992916966,29840,385,0
NODE,0.758893,999,134130.580000,6690954068,29963,240,0
NODE,0.758893,999,146370.020000,8155939825,29827,116,0
NODE,0.758893,999,148270.730000,9030316819,29794,327,0
NODE,0.758893,999,150801.880000,9208306371,29764,181,0
NODE,0.758893,999,149676.290000,8552953945,29776,358,0
NODE,0.758893,999,141429.140000,6921690630,29900,268,0
NODE,0.758893,999,151169.850000,9098346055,29768,257,0
NODE,0.758893,999,149200.830000,8255189576,29787,362,0
NODE,0.758893,999,159394.290000,9806676074,29676,291,0
NODE,0.758893,999,146288.010000,8283293765,29838,247,0
NODE,0.758893,999,141641.500000,8063337230,29904,321,0
NODE,0.758893,999,137541.430000,7065840752,29949,192,0
NODE,0.758893,999,138950.330000,7780812788,29933,371,0
NODE,0.758893,999,148176.540000,8367620666,29822,39,0
NODE,0.758893,999,148316.930000,8503989004,29820,159,0
NODE,0.758893,999,160347.110000,9024207622,29671,43,0
NODE,0.758893,999,141472.110000,7783504078,29914,317,0
NODE,0.758893,999,147799.590000,9121872753,29830,175,0
NODE,0.758893,999,152251.410000,8572397766,29760,280,0
NODE,0.758893,999,142389.080000,7347379647,29913,216,0
NODE,0.758893,999,143858.070000,8350688921,29899,253,0
NODE,0.758893,999,142969.380000,8297250639,29911,99,0
NODE,0.758893,999,147216.480000,7897097367,29857,151,0
NODE,0.758893,999,158190.840000,9620395370,29705,351,0
NODE,0.758893,999,139208.730000,7903733996,29950,281,0
NODE,0.758893,999,153506.900000,8861026397,29767,220,0
NODE,0.758893,999,159696.620000,8641855557,29694,264,0
NODE,0.758893,999,151699.200000,8392580267,29793,200,0
NODE,0.758893,999,154194.600000,8928280345,29766,163,0
NODE,0.758893,999,138185.370000,7463485402,29960,284,0
NODE,0.758893,999,149434.710000,8198834021,29836,303,0
NODE,0.758893,999,152685.430000,9089931666,29782,75,0
NODE,0.758893,999,149026.710000,7779496577,29848,226,0
NODE,0.758893,999,154438.410000,8328203210,29769,98,0
NODE,0.758893,999,149507.650000,8539237274,29842,155,0
NODE,0.758893,999,145961.300000,9014583097,29895,218,0
NODE,0.758893,999,144637.510000,7332484357,29917,318,0
NODE,0.758893,999,155635.030000,9418727153,29762,363,0
NODE,0.758893,999,138345.640000,8023472300,29966,315,0
NODE,0.758893,999,147187.600000,8816123563,29886,255,0
NODE,0.758893,999,145224.180000,8280983608,29915,263,0
NODE,0.758893,999,141877.580000,6921795927,29947,20,0
NODE,0.758893,999,150392.040000,8395263818,29853,189,0
NODE,0.758893,999,147318.970000,8819591003,29894,272,0
NODE,0.758893,999,154909.910000,8426821052,29780,380,0
NODE,0.758893,999,146865.560000,8111867941,29903,74,0
NODE,0.758893,999,158347.100000,8642846534,29740,378,0
NODE,0.758893,999,153279.380000,7812360249,29824,370,0
NODE,0.758893,999,154611.270000,9469424999,29802,282,0
NODE,0.758893,999,150056.920000,8568584747,29871,295,0
NODE,0.758893,999,139795.930000,7702674568,29969,336,0
NODE,0.758893,999,155197.160000,9317595505,29796,55,0
NODE,0.758893,999,153195.040000,8257467175,29831,374,0
NODE,0.758893,999,148855.430000,8135843983,29892,30,0
NODE,0.758893,999,158042.920000,9330406420,29761,210,0
NODE,0.758893,999,159908.010000,8245992557,29736,384,0
NODE,0.758893,999,144088.340000,7330747471,29948,40,0
NODE,0.758893,999,153580.950000,8447671456,29834,270,0
NODE,0.758893,999,150760.190000,8561764350,29875,390,0
NODE,0.758893,999,153122.680000,8796925793,29849,60,0
NODE,0.758893,999,141232.450000,8522746705,29971,149,0
NODE,0.758893,999,167345.120000,10033300954,29672,329,0
NODE,0.758893,999,146019.110000,8772133354,29941,399,0
NODE,0.758893,999,155474.060000,9354758271,29828,166,0
NODE,0.758893,999,150507.580000,7949541355,29901,186,0
NODE,0.758893,999,158003.400000,8887641978,29795,326,0
NODE,0.758893,999,152911.230000,8561969195,29873,331,0
NODE,0.758893,999,153646.950000,8816254401,29868,338,0
NODE,0.758893,999,154018.370000,8523804573,29862,111,0
NODE,0.758893,999,155003.680000,8870429176,29846,164,0
NODE,0.758893,999,146308.730000,7967831152,29952,267,0
NODE,0.758893,999,153024.410000,8298692467,29877,83,0
NODE,0.758893,999,152163.900000,9000765691,29888,322,0
NODE,0.758893,999,158377.160000,8877025518,29800,27,0
NODE,0.758893,999,148799.950000,8071910743,29929,118,0
NODE,0.758893,999,148716.980000,8265490336,29931,57,0
NODE,0.758893,999,152364.070000,8479064184,29887,396,0
NODE,0.758893,999,149079.360000,8784146217,29927,397,0
NODE,0.758893,999,160082.730000,9050959897,29775,86,0
NODE,0.758893,999,162525.940000,9262728000,29742,332,0
NODE,0.758893,999,151204.630000,8114695788,29908,288,0
NODE,0.758893,999,156971.970000,8606141076,29833,140,0
NODE,0.758893,999,144362.890000,7822850971,29965,234,0
NODE,0.758893,999,150922.410000,7585727434,29916,38,0
NODE,0.758893,999,154982.930000,8911563092,29867,239,0
NODE,0.758893,999,144199.720000,8292804864,29970,249,0
NODE,0.758893,999,145799.610000,7900446550,29961,47,0
NODE,0.758893,999,156096.100000,9265007962,29850,217,0
NODE,0.758893,999,144804.390000,7847818236,29967,260,0
NODE,0.758893,999,151136.710000,7554631902,29922,88,0
NODE,0.758893,999,151789.780000,8472368986,29918,395,0
NODE,0.758893,999,149642.450000,7911996528,29935,94,0
NODE,0.758893,999,157698.080000,8866230776,29837,314,0
NODE,0.758893,999,147365.220000,8238267767,29957,201,0
NODE,0.758893,999,154615.950000,7989013438,29882,32,0
NODE,0.758893,999,144372.970000,8548030130,29973,185,0
NODE,0.758893,999,152854.670000,8762119261,29909,33,0
NODE,0.758893,999,160441.210000,8457858598,29805,212,0
NODE,0.758893,999,147050.530000,8192600415,29962,230,0
NODE,0.758893,999,160611.810000,8472367187,29806,62,0
NODE,0.758893,999,157287.840000,8684244366,29855,36,0
NODE,0.758893,999,157274.480000,7994064054,29859,232,0
NODE,0.758893,999,151460.080000,8393374441,29928,173,0
NODE,0.758893,999,156536.960000,8338613386,29872,244,0
NODE,0.758893,999,152329.550000,8694202792,29926,187,0
NODE,0.758893,999,157806.570000,8159928815,29861,383,0
NODE,0.758893,999,155791.010000,8579310053,29883,343,0
NODE,0.758893,999,158742.600000,8541070976,29852,340,0
NODE,0.758893,999,151906.270000,8132684224,29937,142,0
NODE,0.758893,999,156836.760000,8692474934,29881,372,0
NODE,0.758893,999,159581.700000,8739125270,29845,388,0
NODE,0.758893,999,155120.110000,7934724654,29905,258,0
NODE,0.758893,999,146074.390000,9042191038,29976,147,0
NODE,0.758893,999,164395.100000,9866345432,29774,152,0
NODE,0.758893,999,150654.350000,7995069316,29953,96,0
NODE,0.758893,999,155203.300000,8874793513,29910,174,0
NODE,0.758893,999,163508.000000,9395556104,29807,324,0
NODE,0.758893,999,158564.260000,9002237216,29879,342,0
NODE,0.758893,999,162322.320000,9748060019,29832,91,0
NODE,0.758893,999,155847.550000,8843462515,29921,115,0
NODE,0.758893,999,160129.220000,9024673525,29869,197,0
NODE,0.758893,999,167130.510000,9589107116,29763,154,0
NODE,0.758893,999,154531.330000,8675698934,29932,352,0
NODE,0.758893,999,148606.320000,9366525253,29974,221,0
NODE,0.758893,999,144685.720000,7618487844,29986,145,0
NODE,0.758893,999,161571.670000,9448064200,29854,368,0
NODE,0.758893,999,154252.830000,8556148939,29942,188,0
NODE,0.758893,999,156623.780000,9053491231,29923,141,0
NODE,0.758893,999,151784.700000,8083332212,29964,110,0
NODE,0.758893,999,165008.950000,8659116395,29819,392,0
NODE,0.758893,999,147988.740000,8409510010,29981,50,0
NODE,0.758893,999,159152.960000,8360973685,29898,108,0
NODE,0.758893,999,166602.340000,9491932300,29786,379,0
NODE,0.758893,999,170700.650000,9832082300,29735,70,0
NODE,0.758893,999,161254.790000,8743847075,29874,339,0
NODE,0.758893,999,163065.740000,8690177299,29847,292,0
NODE,0.758893,999,162343.110000,9142914379,29863,278,0
NODE,0.758893,999,162358.150000,9545228537,29864,357,0
NODE,0.758893,999,167024.440000,10303214685,29797,117,0
NODE,0.758893,999,149687.530000,8780840403,29983,369,0
NODE,0.758893,999,169542.560000,9802148210,29778,184,0
NODE,0.758893,999,172438.150000,10252705040,29741,387,0
NODE,0.758893,999,164228.170000,8730161638,29870,84,0
NODE,0.758893,999,157412.210000,8087369520,29945,90,0
NODE,0.758893,999,150446.990000,7797743754,29984,190,0
NODE,0.758893,999,165984.930000,9290080124,29844,228,0
NODE,0.758893,999,164073.410000,9319331557,29876,298,0
NODE,0.758893,999,158141.520000,8760398873,29944,359,0
NODE,0.758893,999,169377.560000,9692556136,29801,180,0
NODE,0.758893,999,163465.680000,9838470360,29885,307,0
NODE,0.758893,999,152592.680000,9076055750,29977,354,0
NODE,0.758893,999,157286.780000,7905970477,29959,246,0
NODE,0.758893,999,170492.640000,9955315050,29803,386,0
NODE,0.758893,999,150789.940000,8817985036,29987,109,0
NODE,0.758893,999,162139.330000,8274045200,29930,80,0
NODE,0.758893,999,172433.980000,10537460138,29799,365,0
NODE,0.758893,999,151177.880000,8254789134,29991,345,0
NODE,0.758893,999,158067.710000,8325752817,29968,112,0
NODE,0.758893,999,162230.460000,8481219840,29938,254,0
NODE,0.758893,999,161017.430000,9228026724,29951,294,0
NODE,0.758893,999,166987.490000,9337575903,29884,51,0
NODE,0.758893,999,164622.940000,8492844469,29919,376,0
NODE,0.758893,999,151891.620000,9039894341,29989,93,0
NODE,0.758893,999,162372.000000,8646122933,29943,156,0
NODE,0.758893,999,156170.490000,9117361797,29978,26,0
NODE,0.758893,999,174033.010000,9557135395,29798,58,0
NODE,0.758893,999,165309.390000,9533805290,29924,251,0
NODE,0.758893,999,167610.650000,8656322784,29906,252,0
NODE,0.758893,999,162952.100000,8389155040,29954,250,0
NODE,0.758893,999,149117.160000,8184912436,29996,104,0
NODE,0.758893,999,162877.220000,8715389558,29955,286,0
NODE,0.758893,999,159665.840000,9145017664,29972,144,0
NODE,0.758893,999,166609.880000,8810613252,29940,56,0
NODE,0.758893,999,170375.430000,9043098568,29907,214,0
NODE,0.758893,999,166800.400000,9175907432,29946,168,0
NODE,0.758893,999,161117.160000,8977264225,29980,21,0
NODE,0.758893,999,175034.540000,9432429651,29865,34,0
NODE,0.758893,999,152214.220000,8104904544,29997,328,0
NODE,0.758893,999,154943.310000,8031358135,29995,248,0
NODE,0.758893,999,159560.580000,8791819495,29988,236,0
NODE,0.758893,999,164799.850000,9197400992,29975,256,0
NODE,0.758893,999,159188.250000,8879614851,29992,114,0
NODE,0.758893,999,177809.690000,10054058863,29856,377,0
NODE,0.758893,999,179909.440000,10584499635,29851,63,0
NODE,0.758893,999,160460.050000,8705027250,29994,366,0
NODE,0.758893,999,167654.360000,8422047558,29985,82,0
NODE,0.758893,999,183580.550000,9415302117,29858,296,0
NODE,0.758893,999,169772.110000,9444108794,29979,222,0
NODE,0.758893,999,168032.710000,9304571236,29993,24,0
NODE,0.758893,999,180694.850000,9829209147,29939,360,0
NODE,0.758893,999,188156.050000,9542787582,29860,382,0
NODE,0.758893,999,171265.330000,8820244072,29990,22,0
NODE,0.758893,999,175388.340000,10040702527,29982,106,0
NODE,0.758893,999,167106.610000,9214824894,29998,300,0
NODE,0.758893,999,177955.770000,8968937901,29999,242,0
NODE,0.758893,999,177816.650000,9199379710,30000,92,0
