NODE,0.758893,999,123102.500000,7438155401,24297,77,0
NODE,0.758893,999,126026.720000,6705108891,24002,7,0
NODE,0.758893,999,126038.000000,7145894132,24290,63,0
NODE,0.758893,999,126230.060000,7240379689,24292,65,0
NODE,0.758893,999,127631.900000,7584388557,24114,311,0
NODE,0.758893,999,127634.410000,7152517579,24276,437,0
NODE,0.758893,999,128294.000000,6710391831,24001,1,0
NODE,0.758893,999,128752.390000,8031236496,24162,359,0
NODE,0.758893,999,128980.890000,6955655322,24000,17,0
NODE,0.758893,999,129218.780000,6955042372,24326,394,0
NODE,0.758893,999,129456.510000,7490855522,24110,307,0
NODE,0.758893,999,129501.500000,7356381991,24079,218,0
NODE,0.758893,999,129602.990000,7144940413,24211,568,0
NODE,0.758893,999,130092.980000,8333637385,24581,181,0
NODE,0.758893,999,130528.370000,7877205028,24144,341,0
NODE,0.758893,999,130741.920000,7384530363,24068,207,0
NODE,0.758893,999,130965.010000,7358663372,24170,467,0
NODE,0.758893,999,131059.060000,6831581386,24039,99,0
NODE,0.758893,999,131214.940000,7789061939,24116,313,0
NODE,0.758893,999,131700.280000,7192723429,24272,431,0
NODE,0.758893,999,131788.390000,7190138675,24291,64,0
NODE,0.758893,999,131869.180000,7437704290,24097,236,0
NODE,0.758893,999,132073.700000,7972709740,24015,5,0
NODE,0.758893,999,132091.890000,6624264376,24280,444,0
NODE,0.758893,999,132092.210000,7546514897,24294,69,0
NODE,0.758893,999,132511.370000,6839501334,24343,516,0
NODE,0.758893,999,132627.340000,7071852122,24299,240,0
NODE,0.758893,999,132733.280000,7482329429,24261,408,0
NODE,0.758893,999,132861.550000,7102261308,24286,456,0
NODE,0.758893,999,133061.110000,8276432191,24164,461,0
NODE,0.758893,999,133199.450000,8075816474,24224,23,0
NODE,0.758893,999,133264.630000,7552959153,24108,305,0
NODE,0.758893,999,133324.930000,7765131020,24352,553,0
NODE,0.758893,999,133326.350000,7155319146,24071,210,0
NODE,0.758893,999,133420.090000,7268836822,24307,258,0
NODE,0.758893,999,133575.580000,7722219995,24298,78,0
NODE,0.758893,999,133595.100000,7564119563,24283,452,0
NODE,0.758893,999,133986.340000,7577752993,24285,455,0
NODE,0.758893,999,134163.550000,7744671647,24461,30,0
NODE,0.758893,999,134450.570000,7764447945,24318,377,0
NODE,0.758893,999,134608.750000,7670999462,24263,412,0
NODE,0.758893,999,134718.260000,7915951858,24378,59,0
NODE,0.758893,999,134790.280000,7543839482,24035,95,0
NODE,0.758893,999,134790.760000,7886651655,24022,82,0
NODE,0.758893,999,134840.810000,7933301696,24351,552,0
NODE,0.758893,999,134852.940000,7913040525,24027,87,0
NODE,0.758893,999,134876.790000,7772031824,24174,471,0
NODE,0.758893,999,134902.300000,7814035225,24028,88,0
NODE,0.758893,999,134932.920000,7760841748,24338,507,0
NODE,0.758893,999,135007.460000,7036082421,24070,209,0
NODE,0.758893,999,135038.990000,7576710746,24301,243,0
NODE,0.758893,999,135100.980000,7252304466,24339,508,0
NODE,0.758893,999,135123.030000,8087035627,24085,224,0
NODE,0.758893,999,135208.270000,7449318885,24269,427,0
NODE,0.758893,999,135415.080000,7726305804,24013,3,0
NODE,0.758893,999,135507.900000,7756741704,24118,315,0
NODE,0.758893,999,135617.650000,7242816117,24037,97,0
NODE,0.758893,999,135656.200000,6808378653,24090,229,0
NODE,0.758893,999,135665.660000,8072935956,24279,441,0
NODE,0.758893,999,135949.010000,6957497786,24469,378,0
NODE,0.758893,999,136091.560000,8133147803,24206,563,0
NODE,0.758893,999,136164.250000,8169507367,24460,29,0
NODE,0.758893,999,136203.690000,7703572753,24484,396,0
NODE,0.758893,999,136204.680000,8846086396,24152,349,0
NODE,0.758893,999,136244.800000,8398943771,24128,325,0
NODE,0.758893,999,136317.090000,7833470167,24187,524,0
NODE,0.758893,999,136421.320000,7866677128,24361,589,0
NODE,0.758893,999,136431.460000,7288221818,24362,590,0
NODE,0.758893,999,136463.560000,7655010551,24289,60,0
NODE,0.758893,999,136536.420000,8376498611,24112,309,0
NODE,0.758893,999,136630.670000,7544235528,24115,312,0
NODE,0.758893,999,136651.980000,7820872740,24168,465,0
NODE,0.758893,999,136710.350000,8092744100,24078,217,0
NODE,0.758893,999,136716.500000,7491427066,24464,35,0
NODE,0.758893,999,136743.880000,7661974013,24008,15,0
NODE,0.758893,999,136849.280000,7879222230,24209,566,0
NODE,0.758893,999,136849.450000,7936582778,24327,395,0
NODE,0.758893,999,136893.760000,7562625549,24111,308,0
NODE,0.758893,999,136900.610000,7528766159,24073,212,0
NODE,0.758893,999,136928.270000,7243939752,24003,6,0
NODE,0.758893,999,137108.000000,7899230264,24324,392,0
NODE,0.758893,999,137186.490000,7902767689,24296,76,0
NODE,0.758893,999,137335.040000,7626069508,24432,453,0
NODE,0.758893,999,137376.720000,7231108842,24341,512,0
NODE,0.758893,999,137390.040000,8258028466,24113,310,0
NODE,0.758893,999,137685.630000,8212135301,24219,576,0
NODE,0.758893,999,137901.890000,7711074644,24052,171,0
NODE,0.758893,999,138002.640000,7956150985,24029,89,0
NODE,0.758893,999,138100.300000,8122685438,24344,517,0
NODE,0.758893,999,138265.020000,7871307317,24262,409,0
NODE,0.758893,999,138310.610000,7581322614,24057,176,0
NODE,0.758893,999,138348.910000,8411638925,24207,564,0
NODE,0.758893,999,138350.700000,7826098080,24462,31,0
NODE,0.758893,999,138429.090000,8039337835,24173,470,0
NODE,0.758893,999,138458.930000,7557050674,24250,290,0
NODE,0.758893,999,138475.640000,7686008698,24188,525,0
NODE,0.758893,999,138661.720000,8263859212,24240,149,0
NODE,0.758893,999,138716.690000,7446642426,24066,205,0
NODE,0.758893,999,138842.740000,8123020601,24281,447,0
NODE,0.758893,999,138863.810000,7402148093,24456,197,0
NODE,0.758893,999,139078.830000,7881603744,24020,80,0
NODE,0.758893,999,139258.720000,8062716253,24374,50,0
NODE,0.758893,999,139286.990000,7727088689,24210,567,0
NODE,0.758893,999,139519.480000,8241222036,24454,189,0
NODE,0.758893,999,139595.810000,7683664285,24455,190,0
NODE,0.758893,999,139687.920000,8015390501,24120,317,0
NODE,0.758893,999,139695.150000,8530761899,24439,291,0
NODE,0.758893,999,139695.360000,8376321717,24328,399,0
NODE,0.758893,999,139710.430000,8311109946,24437,285,0
NODE,0.758893,999,139750.460000,8448331220,24101,253,0
NODE,0.758893,999,139830.900000,8356119692,24330,481,0
NODE,0.758893,999,139890.990000,7449385708,24248,286,0
NODE,0.758893,999,140044.000000,7274980059,24119,316,0
NODE,0.758893,999,140058.100000,7502874335,24568,277,0
NODE,0.758893,999,140242.490000,8040269644,24095,234,0
NODE,0.758893,999,140250.690000,8348239560,24267,423,0
NODE,0.758893,999,140270.260000,7817141345,24056,175,0
NODE,0.758893,999,140275.610000,8167257012,24453,185,0
NODE,0.758893,999,140356.890000,7962372784,24268,425,0
NODE,0.758893,999,140367.960000,8361274055,24159,356,0
NODE,0.758893,999,140417.060000,8465678885,24467,39,0
NODE,0.758893,999,140487.270000,9016027237,24231,52,0
NODE,0.758893,999,140586.300000,7669775352,24177,474,0
NODE,0.758893,999,140604.560000,7543275936,24348,545,0
NODE,0.758893,999,140711.720000,8256659633,24270,429,0
NODE,0.758893,999,140713.890000,9049781437,24080,219,0
NODE,0.758893,999,140769.850000,8406680897,24547,101,0
NODE,0.758893,999,140770.160000,7440034048,24465,36,0
NODE,0.758893,999,140786.660000,7612486947,24054,173,0
NODE,0.758893,999,140806.370000,7826090714,24550,104,0
NODE,0.758893,999,140829.130000,7487630697,24375,54,0
NODE,0.758893,999,140896.360000,8531049949,24534,503,0
NODE,0.758893,999,140934.960000,7384987222,24592,22,0
NODE,0.758893,999,141064.310000,8287954600,24075,214,0
NODE,0.758893,999,141074.770000,8500253445,24076,215,0
NODE,0.758893,999,141127.490000,7681752705,24109,306,0
NODE,0.758893,999,141191.600000,8067672944,24446,129,0
NODE,0.758893,999,141193.470000,7925873954,24314,369,0
NODE,0.758893,999,141243.030000,7409539811,24447,131,0
NODE,0.758893,999,141326.730000,8022052050,24043,161,0
NODE,0.758893,999,141334.330000,7510199990,24067,206,0
NODE,0.758893,999,141395.310000,8456418652,24278,439,0
NODE,0.758893,999,141522.080000,7670583227,24594,25,0
NODE,0.758893,999,141558.820000,8355242658,24213,570,0
NODE,0.758893,999,141573.020000,8548791471,24319,379,0
NODE,0.758893,999,141659.620000,7904444969,24157,354,0
NODE,0.758893,999,141660.690000,7732068049,24121,318,0
NODE,0.758893,999,141776.480000,8049271443,24287,459,0
NODE,0.758893,999,141778.460000,8113027475,24360,588,0
NODE,0.758893,999,141793.180000,8081465010,24031,91,0
NODE,0.758893,999,141882.470000,8313076556,24230,51,0
NODE,0.758893,999,141887.290000,8493996299,24106,303,0
NODE,0.758893,999,141899.390000,7622788206,24123,320,0
NODE,0.758893,999,141954.440000,8705754771,24229,49,0
NODE,0.758893,999,141973.670000,8037675181,24284,454,0
NODE,0.758893,999,141998.810000,7421166742,24293,68,0
NODE,0.758893,999,142042.300000,8171625023,24579,194,0
NODE,0.758893,999,142054.880000,8062226822,24012,10,0
NODE,0.758893,999,142058.620000,8189385390,24359,586,0
NODE,0.758893,999,142140.230000,8186485543,24390,143,0
NODE,0.758893,999,142223.480000,8282329946,24009,9,0
NODE,0.758893,999,142218.370000,8508519825,24503,548,0
NODE,0.758893,999,142248.480000,7967313412,24303,246,0
NODE,0.758893,999,142282.580000,8267326189,24309,363,0
NODE,0.758893,999,142425.280000,8090850657,24416,417,0
NODE,0.758893,999,142469.330000,8646950356,24205,562,0
NODE,0.758893,999,142463.410000,8938356924,24216,573,0
NODE,0.758893,999,142555.910000,8334239940,24490,67,0
NODE,0.758893,999,142564.840000,8409734444,24563,265,0
NODE,0.758893,999,142579.470000,7655082892,24053,172,0
NODE,0.758893,999,142600.570000,7536420710,24050,168,0
NODE,0.758893,999,142793.680000,8180191242,24192,529,0
NODE,0.758893,999,142801.470000,8431333364,24473,372,0
NODE,0.758893,999,142863.500000,8087560287,24149,346,0
NODE,0.758893,999,143111.660000,8295805085,24150,347,0
NODE,0.758893,999,143193.140000,8327565646,24242,157,0
NODE,0.758893,999,143236.950000,8632257810,24417,419,0
NODE,0.758893,999,143270.290000,7099393147,24476,380,0
NODE,0.758893,999,143283.260000,8223586382,24024,84,0
NODE,0.758893,999,143353.730000,8847731900,24180,477,0
NODE,0.758893,999,143398.080000,7550828929,24072,211,0
NODE,0.758893,999,143396.440000,8273985361,24569,278,0
NODE,0.758893,999,143486.500000,8562497239,24487,61,0
NODE,0.758893,999,143498.750000,7675415401,24241,154,0
NODE,0.758893,999,143558.250000,7780841599,24058,177,0
NODE,0.758893,999,143564.380000,8060956096,24582,182,0
NODE,0.758893,999,143561.700000,8062714887,24236,132,0
NODE,0.758893,999,143683.750000,8160911080,24239,148,0
NODE,0.758893,999,143703.260000,8327409535,24021,81,0
NODE,0.758893,999,143714.980000,7994728011,24379,105,0
NODE,0.758893,999,143739.020000,8216520004,24104,301,0
NODE,0.758893,999,143771.220000,7545798399,24334,495,0
NODE,0.758893,999,143779.440000,8518261417,24305,249,0
NODE,0.758893,999,143812.520000,8417380565,24366,595,0
NODE,0.758893,999,143824.790000,8434462424,24175,472,0
NODE,0.758893,999,143975.240000,8845463909,24347,544,0
NODE,0.758893,999,144001.580000,8160368929,24264,414,0
NODE,0.758893,999,144028.510000,8385991735,24166,463,0
NODE,0.758893,999,144234.660000,8069218194,24382,110,0
NODE,0.758893,999,144262.120000,8475783948,24204,561,0
NODE,0.758893,999,144278.830000,8917080696,24158,355,0
NODE,0.758893,999,144279.290000,7688920352,24069,208,0
NODE,0.758893,999,144335.480000,7692920361,24463,34,0
NODE,0.758893,999,144386.340000,7998567135,24353,554,0
NODE,0.758893,999,144445.800000,8524985794,24225,40,0
NODE,0.758893,999,144589.770000,7896334760,24367,596,0
NODE,0.758893,999,144607.120000,7878317322,24167,464,0
NODE,0.758893,999,144628.320000,7574770704,24091,230,0
NODE,0.758893,999,144697.880000,8817326296,24470,361,0
NODE,0.758893,999,144720.120000,7849670970,24575,130,0
NODE,0.758893,999,144764.640000,8064943851,24332,483,0
NODE,0.758893,999,144779.230000,9047336120,24580,180,0
NODE,0.758893,999,144795.200000,8458147455,24321,385,0
NODE,0.758893,999,144857.730000,8391197066,24243,159,0
NODE,0.758893,999,144872.760000,7980077243,24316,374,0
NODE,0.758893,999,144944.540000,8704123193,24122,319,0
NODE,0.758893,999,144950.450000,7940330375,24218,575,0
NODE,0.758893,999,144960.200000,8490908029,24491,70,0
NODE,0.758893,999,145114.000000,8671773044,24099,238,0
NODE,0.758893,999,145128.200000,8145462610,24584,184,0
NODE,0.758893,999,145140.300000,8698151277,24349,549,0
NODE,0.758893,999,145200.040000,8079507316,24496,79,0
NODE,0.758893,999,145203.560000,8186060718,24380,106,0
NODE,0.758893,999,145207.730000,8187470623,24255,298,0
NODE,0.758893,999,145214.380000,7956318991,24127,324,0
NODE,0.758893,999,145262.980000,8251219580,24257,400,0
NODE,0.758893,999,145384.930000,8904071505,24019,169,0
NODE,0.758893,999,145471.970000,7864200146,24010,19,0
NODE,0.758893,999,145567.720000,8270855514,24081,220,0
NODE,0.758893,999,145581.260000,8373121173,24049,167,0
NODE,0.758893,999,145643.880000,8304866423,24006,16,0
NODE,0.758893,999,145655.820000,7918703779,24494,74,0
NODE,0.758893,999,145700.190000,8545352226,24191,528,0
NODE,0.758893,999,145728.510000,7690541457,24141,338,0
NODE,0.758893,999,145756.260000,8823764313,24377,58,0
NODE,0.758893,999,145769.300000,8206726501,24163,460,0
NODE,0.758893,999,145825.670000,9031441820,24472,371,0
NODE,0.758893,999,145845.970000,8312107151,24448,137,0
NODE,0.758893,999,145890.810000,8336083505,24598,33,0
NODE,0.758893,999,145952.500000,8703058846,24184,521,0
NODE,0.758893,999,145961.860000,8184290773,24495,75,0
NODE,0.758893,999,145971.330000,8614754830,24544,597,0
NODE,0.758893,999,146026.410000,8187731413,24201,538,0
NODE,0.758893,999,146021.250000,8650108530,24485,397,0
NODE,0.758893,999,146091.840000,8231434929,24016,11,0
NODE,0.758893,999,146122.400000,7632979392,24107,304,0
NODE,0.758893,999,146166.610000,8003531536,24302,244,0
NODE,0.758893,999,146287.790000,9075473021,24202,539,0
NODE,0.758893,999,146418.840000,7930174849,24093,232,0
NODE,0.758893,999,146441.690000,8267396101,24040,147,0
NODE,0.758893,999,146456.470000,8954550317,24414,415,0
NODE,0.758893,999,146505.350000,8517553114,24041,151,0
NODE,0.758893,999,146588.480000,8261693516,24034,94,0
NODE,0.758893,999,146597.410000,8482469448,24212,569,0
NODE,0.758893,999,146654.430000,8981044798,24555,115,0
NODE,0.758893,999,146685.220000,9542742418,24586,187,0
NODE,0.758893,999,146704.190000,8460818983,24372,46,0
NODE,0.758893,999,146765.780000,8898108461,24228,47,0
NODE,0.758893,999,146782.690000,7503077262,24593,24,0
NODE,0.758893,999,146955.330000,7708385764,24590,195,0
NODE,0.758893,999,146955.630000,8610118397,24304,248,0
NODE,0.758893,999,146977.950000,8717116728,24505,555,0
NODE,0.758893,999,147008.960000,7904053903,24466,38,0
NODE,0.758893,999,147012.150000,7487012181,24317,376,0
NODE,0.758893,999,147015.720000,8604717382,24376,57,0
NODE,0.758893,999,147110.910000,8556903418,24208,565,0
NODE,0.758893,999,147115.030000,8668986432,24518,484,0
NODE,0.758893,999,147199.030000,8467339283,24077,216,0
NODE,0.758893,999,147362.630000,9004550318,24559,261,0
NODE,0.758893,999,147412.570000,8554468778,24142,339,0
NODE,0.758893,999,147435.950000,7993817076,24249,289,0
NODE,0.758893,999,147463.470000,8016375811,24105,302,0
NODE,0.758893,999,147467.200000,8894857479,24403,273,0
NODE,0.758893,999,147561.630000,8356886497,24346,542,0
NODE,0.758893,999,147691.450000,8304055848,24197,534,0
NODE,0.758893,999,147707.410000,8518055934,24130,327,0
NODE,0.758893,999,147753.410000,9028330764,24215,572,0
NODE,0.758893,999,147769.910000,7918383540,24092,231,0
NODE,0.758893,999,147788.770000,8921781495,24477,382,0
NODE,0.758893,999,147856.050000,9054616376,24445,127,0
NODE,0.758893,999,147901.820000,8031985171,24060,179,0
NODE,0.758893,999,147947.220000,8898982943,24492,71,0
NODE,0.758893,999,148093.820000,9049790576,24023,83,0
NODE,0.758893,999,148135.010000,9187310677,24155,352,0
NODE,0.758893,999,148200.980000,8524375795,24117,314,0
NODE,0.758893,999,148215.800000,8406673751,24064,203,0
NODE,0.758893,999,148246.210000,8589953399,24045,163,0
NODE,0.758893,999,148322.510000,7522557097,24271,430,0
NODE,0.758893,999,148368.040000,7984701864,24004,8,0
NODE,0.758893,999,148398.240000,7680214002,24096,235,0
NODE,0.758893,999,148422.440000,8009048957,24371,45,0
NODE,0.758893,999,148422.600000,8197348055,24478,383,0
NODE,0.758893,999,148489.740000,9070699700,24256,299,0
NODE,0.758893,999,148584.290000,7621024597,24007,2,0
NODE,0.758893,999,148677.420000,8924375882,24325,393,0
NODE,0.758893,999,148753.390000,8498531327,24398,158,0
NODE,0.758893,999,148773.130000,8482272162,24169,466,0
NODE,0.758893,999,148829.910000,8807503989,24138,335,0
NODE,0.758893,999,148844.110000,8953337501,24548,102,0
NODE,0.758893,999,148845.160000,8932995354,24195,532,0
NODE,0.758893,999,148919.740000,8222514426,24258,402,0
NODE,0.758893,999,149068.450000,8784824332,24533,501,0
NODE,0.758893,999,149138.750000,8374017567,24488,62,0
NODE,0.758893,999,149151.330000,8442149010,24566,269,0
NODE,0.758893,999,149160.150000,8769790971,24415,416,0
NODE,0.758893,999,149351.140000,8428295131,24336,505,0
NODE,0.758893,999,149411.740000,7395157549,24089,228,0
NODE,0.758893,999,149438.720000,8703328524,24234,56,0
NODE,0.758893,999,149536.520000,8382501000,24036,96,0
NODE,0.758893,999,149546.700000,9192091376,24186,523,0
NODE,0.758893,999,149648.890000,9050796318,24322,387,0
NODE,0.758893,999,149664.300000,8762131839,24199,536,0
NODE,0.758893,999,149677.020000,8186073295,24468,360,0
NODE,0.758893,999,149672.000000,8383565379,24311,365,0
NODE,0.758893,999,149756.720000,9058025923,24350,550,0
NODE,0.758893,999,149850.620000,8944181726,24084,223,0
NODE,0.758893,999,149844.850000,7931595589,24125,322,0
NODE,0.758893,999,149896.510000,8481893696,24253,295,0
NODE,0.758893,999,149949.380000,8697993756,24143,340,0
NODE,0.758893,999,149972.800000,8315594190,24523,489,0
NODE,0.758893,999,149999.980000,9301637424,24373,48,0
NODE,0.758893,999,149993.520000,8815375788,24520,486,0
NODE,0.758893,999,150189.980000,9062569306,24160,357,0
NODE,0.758893,999,150226.640000,8775707089,24427,443,0
NODE,0.758893,999,150352.190000,8761903021,24203,560,0
NODE,0.758893,999,150356.460000,9301869819,24573,125,0
NODE,0.758893,999,150406.580000,9062016443,24017,14,0
NODE,0.758893,999,150434.690000,8643928488,24551,107,0
NODE,0.758893,999,150490.560000,9506904858,24083,222,0
NODE,0.758893,999,150531.600000,8501218658,24430,449,0
NODE,0.758893,999,150541.940000,8443922338,24102,259,0
NODE,0.758893,999,150552.360000,8882459835,24545,599,0
NODE,0.758893,999,150563.610000,8628940636,24147,344,0
NODE,0.758893,999,150614.310000,8863221224,24539,514,0
NODE,0.758893,999,150625.440000,8549980434,24356,582,0
NODE,0.758893,999,150696.410000,8540382201,24431,451,0
NODE,0.758893,999,150731.770000,8418919668,24457,199,0
NODE,0.758893,999,150750.470000,8843184706,24179,476,0
NODE,0.758893,999,150758.260000,8435986270,24014,18,0
NODE,0.758893,999,150769.830000,9186318034,24288,37,0
NODE,0.758893,999,150766.010000,8476446345,24402,272,0
NODE,0.758893,999,150824.390000,8045721514,24574,126,0
NODE,0.758893,999,150965.210000,8262329080,24387,140,0
NODE,0.758893,999,150989.560000,8643082895,24156,353,0
NODE,0.758893,999,150991.850000,8693444921,24479,384,0
NODE,0.758893,999,151015.800000,8630163366,24554,114,0
NODE,0.758893,999,151030.670000,8071348709,24088,227,0
NODE,0.758893,999,151020.560000,8719431740,24391,144,0
NODE,0.758893,999,151099.720000,8848436624,24408,403,0
NODE,0.758893,999,151172.320000,8206770805,24172,469,0
NODE,0.758893,999,151205.150000,8806900400,24233,55,0
NODE,0.758893,999,151301.200000,9078316340,24176,473,0
NODE,0.758893,999,151357.400000,8639266538,24577,135,0
NODE,0.758893,999,151382.540000,8815415679,24274,433,0
NODE,0.758893,999,151371.030000,9079894671,24444,124,0
NODE,0.758893,999,151386.630000,8847000354,24161,358,0
NODE,0.758893,999,151400.640000,8878066839,24033,93,0
NODE,0.758893,999,151401.750000,8051339218,24471,366,0
NODE,0.758893,999,151719.050000,9149384687,24082,221,0
NODE,0.758893,999,151801.450000,9140069427,24245,281,0
NODE,0.758893,999,151825.170000,8433312970,24425,440,0
NODE,0.758893,999,151893.840000,9477465666,24018,13,0
NODE,0.758893,999,151934.500000,8477270802,24059,178,0
NODE,0.758893,999,151977.460000,8056126715,24005,12,0
NODE,0.758893,999,152054.240000,8561284171,24259,404,0
NODE,0.758893,999,152158.550000,8864214786,24355,581,0
NODE,0.758893,999,152230.840000,8218789974,24406,279,0
NODE,0.758893,999,152303.840000,8661822911,24189,526,0
NODE,0.758893,999,152321.210000,8303619986,24306,256,0
NODE,0.758893,999,152372.460000,9006009617,24254,296,0
NODE,0.758893,999,152383.200000,9308603792,24025,85,0
NODE,0.758893,999,152447.990000,9013922457,24323,389,0
NODE,0.758893,999,152451.550000,8874441636,24235,122,0
NODE,0.758893,999,152595.630000,9250933435,24232,53,0
NODE,0.758893,999,152583.400000,9705001224,24214,571,0
NODE,0.758893,999,152686.980000,8613548959,24475,375,0
NODE,0.758893,999,152761.540000,8269529544,24421,426,0
NODE,0.758893,999,152780.080000,8619283186,24513,251,0
NODE,0.758893,999,152786.150000,9209800337,24522,488,0
NODE,0.758893,999,152796.650000,8621787039,24237,134,0
NODE,0.758893,999,152835.260000,9114608905,24565,268,0
NODE,0.758893,999,152880.400000,8356812764,24038,98,0
NODE,0.758893,999,152901.890000,8960660811,24440,293,0
NODE,0.758893,999,152948.260000,9212688981,24074,213,0
NODE,0.758893,999,152953.030000,8003743601,24315,370,0
NODE,0.758893,999,152969.630000,9703156627,24196,533,0
NODE,0.758893,999,153003.530000,8753463948,24308,362,0
NODE,0.758893,999,153296.450000,8234413592,24094,233,0
NODE,0.758893,999,153376.580000,8386435302,24482,390,0
NODE,0.758893,999,153398.290000,8720147210,24497,556,0
NODE,0.758893,999,153411.800000,8732202870,24493,72,0
NODE,0.758893,999,153467.280000,9172735338,24501,543,0
NODE,0.758893,999,153526.810000,8879393305,24527,494,0
NODE,0.758893,999,153547.670000,8239218480,24340,509,0
NODE,0.758893,999,153664.320000,8940892273,24400,270,0
NODE,0.758893,999,153684.630000,9096595296,24200,537,0
NODE,0.758893,999,153701.490000,9089467522,24481,388,0
NODE,0.758893,999,153726.250000,9103350712,24438,287,0
NODE,0.758893,999,153833.450000,9433355988,24320,381,0
NODE,0.758893,999,153891.470000,9191180036,24026,86,0
NODE,0.758893,999,154025.230000,9605094606,24140,337,0
NODE,0.758893,999,154107.500000,8877967159,24498,546,0
NODE,0.758893,999,154124.960000,8867696934,24483,391,0
NODE,0.758893,999,154317.070000,8573765399,24429,448,0
NODE,0.758893,999,154346.080000,9025173629,24369,41,0
NODE,0.758893,999,154393.300000,9536085241,24132,329,0
NODE,0.758893,999,154409.400000,8839781933,24124,321,0
NODE,0.758893,999,154561.870000,8577007749,24368,598,0
NODE,0.758893,999,154585.860000,9614197546,24591,20,0
NODE,0.758893,999,154593.460000,8403499377,24277,438,0
NODE,0.758893,999,154628.680000,8103913442,24062,201,0
NODE,0.758893,999,154669.610000,8240967349,24011,4,0
NODE,0.758893,999,154752.860000,8887358135,24266,421,0
NODE,0.758893,999,154856.060000,8928017551,24126,323,0
NODE,0.758893,999,154942.000000,9798113393,24226,43,0
NODE,0.758893,999,154946.460000,9600175331,24585,186,0
NODE,0.758893,999,155102.060000,9077164701,24450,139,0
NODE,0.758893,999,155130.070000,9192817718,24572,123,0
NODE,0.758893,999,155125.370000,8781033983,24474,373,0
NODE,0.758893,999,155137.690000,8844100004,24404,274,0
NODE,0.758893,999,155136.930000,8636648098,24329,480,0
NODE,0.758893,999,155310.990000,9045456870,24358,584,0
NODE,0.758893,999,155305.480000,8727605130,24312,367,0
NODE,0.758893,999,155341.710000,8991515963,24409,405,0
NODE,0.758893,999,155375.520000,8349067278,24587,188,0
NODE,0.758893,999,155458.430000,9604365337,24564,267,0
NODE,0.758893,999,155506.310000,9354170278,24275,435,0
NODE,0.758893,999,155521.790000,9162992372,24596,27,0
NODE,0.758893,999,155529.980000,8657491395,24273,432,0
NODE,0.758893,999,155569.970000,9603979767,24222,579,0
NODE,0.758893,999,155642.830000,8778851450,24435,288,0
NODE,0.758893,999,155661.960000,9057538482,24433,457,0
NODE,0.758893,999,155752.240000,9122544357,24396,155,0
NODE,0.758893,999,155863.580000,8046096764,24337,506,0
NODE,0.758893,999,156105.730000,9025184981,24030,90,0
NODE,0.758893,999,156161.780000,9684391340,24153,350,0
NODE,0.758893,999,156246.790000,9739475173,24145,342,0
NODE,0.758893,999,156288.450000,9085455076,24165,462,0
NODE,0.758893,999,156294.490000,9050535053,24193,530,0
NODE,0.758893,999,156321.700000,8944528498,24246,282,0
NODE,0.758893,999,156353.400000,8982873253,24354,580,0
NODE,0.758893,999,156357.290000,9425261774,24136,333,0
NODE,0.758893,999,156458.520000,9234054217,24244,280,0
NODE,0.758893,999,156506.200000,7920313341,24061,200,0
NODE,0.758893,999,156615.240000,8522700229,24363,592,0
NODE,0.758893,999,156693.050000,9411931239,24486,398,0
NODE,0.758893,999,156737.940000,9229066147,24515,254,0
NODE,0.758893,999,156756.680000,8855113331,24065,204,0
NODE,0.758893,999,156766.290000,9760819905,24502,547,0
NODE,0.758893,999,156793.990000,9693192789,24538,513,0
NODE,0.758893,999,156797.400000,8249554978,24042,160,0
NODE,0.758893,999,156828.540000,8616442225,24385,116,0
NODE,0.758893,999,156847.930000,9597817094,24576,133,0
NODE,0.758893,999,156894.030000,9414217506,24589,193,0
NODE,0.758893,999,157032.140000,9080293117,24171,468,0
NODE,0.758893,999,157156.620000,9163452370,24265,418,0
NODE,0.758893,999,157294.710000,8871232123,24260,406,0
NODE,0.758893,999,157323.580000,9769981093,24546,100,0
NODE,0.758893,999,157415.040000,9097275755,24098,237,0
NODE,0.758893,999,157486.530000,8008383256,24044,162,0
NODE,0.758893,999,157543.540000,9484940158,24508,559,0
NODE,0.758893,999,157583.730000,8882714068,24381,108,0
NODE,0.758893,999,157585.880000,9876591274,24151,348,0
NODE,0.758893,999,157714.440000,9175779991,24342,515,0
NODE,0.758893,999,157802.750000,9923014953,24154,351,0
NODE,0.758893,999,157800.910000,8750855660,24032,92,0
NODE,0.758893,999,157830.730000,9499722985,24087,226,0
NODE,0.758893,999,157892.120000,9527332782,24399,266,0
NODE,0.758893,999,157921.910000,10016626959,24583,183,0
NODE,0.758893,999,157957.070000,9591461617,24217,574,0
NODE,0.758893,999,158030.560000,9740689587,24086,225,0
NODE,0.758893,999,158173.850000,9076188288,24047,165,0
NODE,0.758893,999,158205.870000,9574959096,24517,257,0
NODE,0.758893,999,158218.880000,8767998091,24103,300,0
NODE,0.758893,999,158316.460000,8805482296,24436,283,0
NODE,0.758893,999,158362.990000,8381037457,24418,420,0
NODE,0.758893,999,158374.360000,9686410047,24556,118,0
NODE,0.758893,999,158438.650000,9109335853,24345,518,0
NODE,0.758893,999,158457.770000,10049860170,24441,297,0
NODE,0.758893,999,158584.980000,8817058674,24536,510,0
NODE,0.758893,999,158631.870000,9244361484,24300,242,0
NODE,0.758893,999,158744.720000,9773681009,24511,247,0
NODE,0.758893,999,158827.180000,8821306335,24532,500,0
NODE,0.758893,999,158976.820000,10349124751,24541,585,0
NODE,0.758893,999,158981.470000,8170795724,24335,502,0
NODE,0.758893,999,159017.500000,9529720287,24499,540,0
NODE,0.758893,999,159094.880000,9881068041,24413,413,0
NODE,0.758893,999,159207.750000,9657281826,24552,109,0
NODE,0.758893,999,159263.160000,9033202189,24567,275,0
NODE,0.758893,999,159269.480000,8930896378,24181,478,0
NODE,0.758893,999,159373.520000,8892387849,24531,499,0
NODE,0.758893,999,159423.030000,9681462098,24198,535,0
NODE,0.758893,999,159434.970000,9683100457,24588,191,0
NODE,0.758893,999,159445.210000,8333310066,24424,436,0
NODE,0.758893,999,159456.480000,9059474070,24514,252,0
NODE,0.758893,999,159493.410000,9877650870,24537,511,0
NODE,0.758893,999,159568.590000,9107977374,24570,128,0
NODE,0.758893,999,159676.180000,9646619180,24428,445,0
NODE,0.758893,999,159678.410000,9029419575,24251,292,0
NODE,0.758893,999,159687.040000,9448464321,24394,152,0
NODE,0.758893,999,159717.170000,8995792634,24412,411,0
NODE,0.758893,999,159784.400000,9142370709,24383,112,0
NODE,0.758893,999,159821.930000,9841922575,24443,121,0
NODE,0.758893,999,160051.830000,8918563290,24055,174,0
NODE,0.758893,999,160109.060000,9771578440,24295,73,0
NODE,0.758893,999,160175.500000,8798352826,24333,493,0
NODE,0.758893,999,160183.380000,9930968555,24182,479,0
NODE,0.758893,999,160248.950000,9826573098,24521,487,0
NODE,0.758893,999,160256.080000,9001393894,24238,145,0
NODE,0.758893,999,160320.810000,9257262033,24100,239,0
NODE,0.758893,999,160470.600000,9725674933,24407,401,0
NODE,0.758893,999,160587.990000,9477207456,24397,156,0
NODE,0.758893,999,160998.200000,9912284341,24178,475,0
NODE,0.758893,999,161048.680000,9006328827,24419,422,0
NODE,0.758893,999,161125.920000,8635224558,24423,434,0
NODE,0.758893,999,161178.900000,8886703492,24364,593,0
NODE,0.758893,999,161337.690000,9712238061,24519,485,0
NODE,0.758893,999,162007.540000,9587794260,24480,386,0
NODE,0.758893,999,162050.940000,8921452261,24420,424,0
NODE,0.758893,999,162075.000000,8721795367,24282,450,0
NODE,0.758893,999,162176.690000,9582243538,24504,551,0
NODE,0.758893,999,162363.720000,10178909411,24543,591,0
NODE,0.758893,999,162421.980000,9930217649,24540,519,0
NODE,0.758893,999,162732.950000,10646414021,24146,343,0
NODE,0.758893,999,162917.370000,9633950202,24489,66,0
NODE,0.758893,999,162982.450000,9112323274,24597,32,0
NODE,0.758893,999,163116.120000,8801132946,24247,284,0
NODE,0.758893,999,163340.510000,8437631920,24392,146,0
NODE,0.758893,999,163437.180000,10177352079,24194,531,0
NODE,0.758893,999,163644.590000,9227176879,24506,557,0
NODE,0.758893,999,163856.420000,10823447581,24561,263,0
NODE,0.758893,999,164097.980000,10063404634,24516,255,0
NODE,0.758893,999,164155.210000,9394900088,24535,504,0
NODE,0.758893,999,164312.000000,8655710081,24313,368,0
NODE,0.758893,999,164306.860000,9046853539,24530,498,0
NODE,0.758893,999,164321.000000,9009326801,24133,330,0
NODE,0.758893,999,164335.210000,9665081077,24507,558,0
NODE,0.758893,999,164530.030000,9398511576,24048,166,0
NODE,0.758893,999,164986.770000,10253602145,24183,520,0
NODE,0.758893,999,165074.850000,9159047111,24578,196,0
NODE,0.758893,999,165182.820000,9257120340,24449,138,0
NODE,0.758893,999,165401.450000,9208828686,24452,198,0
NODE,0.758893,999,165407.210000,9500083890,24252,294,0
NODE,0.758893,999,165758.450000,10449310552,24560,262,0
NODE,0.758893,999,165937.780000,9173540348,24422,428,0
NODE,0.758893,999,166177.910000,10368394313,24357,583,0
NODE,0.758893,999,166256.240000,9878377215,24185,522,0
NODE,0.758893,999,166530.330000,9430002572,24401,271,0
NODE,0.758893,999,166578.280000,8770532797,24310,364,0
NODE,0.758893,999,166681.910000,9523040344,24529,497,0
NODE,0.758893,999,166694.620000,10066515349,24221,578,0
NODE,0.758893,999,166820.770000,10299963072,24557,119,0
NODE,0.758893,999,167037.720000,9906741887,24223,446,0
NODE,0.758893,999,167252.690000,9935129944,24386,117,0
NODE,0.758893,999,167281.600000,10159348400,24220,577,0
NODE,0.758893,999,167384.070000,8913881077,24063,202,0
NODE,0.758893,999,167416.720000,10456559335,24542,587,0
NODE,0.758893,999,167548.960000,9309640806,24595,26,0
NODE,0.758893,999,167834.880000,10082075890,24370,42,0
NODE,0.758893,999,168451.280000,10122387626,24331,482,0
NODE,0.758893,999,168458.060000,9269413900,24139,336,0
NODE,0.758893,999,168615.520000,10310268159,24558,260,0
NODE,0.758893,999,168731.490000,10028354629,24458,21,0
NODE,0.758893,999,168774.390000,10017850543,24137,334,0
NODE,0.758893,999,169075.430000,9865375178,24395,153,0
NODE,0.758893,999,169277.440000,10544231201,24134,331,0
NODE,0.758893,999,169526.010000,9995384702,24410,407,0
NODE,0.758893,999,169711.000000,10604335903,24510,245,0
NODE,0.758893,999,170201.520000,10525931625,24227,44,0
NODE,0.758893,999,170550.320000,9955619894,24389,142,0
NODE,0.758893,999,170629.200000,9220595363,24434,458,0
NODE,0.758893,999,170656.690000,10286675552,24509,241,0
NODE,0.758893,999,170703.280000,10258110504,24500,541,0
NODE,0.758893,999,170725.520000,10283442429,24148,345,0
NODE,0.758893,999,170750.590000,10862908473,24553,111,0
NODE,0.758893,999,170752.900000,10071254913,24405,276,0
NODE,0.758893,999,170877.760000,10190344599,24571,136,0
NODE,0.758893,999,170941.080000,8988480824,24046,164,0
NODE,0.758893,999,171641.210000,9875860423,24190,527,0
NODE,0.758893,999,171717.990000,10417804924,24388,141,0
NODE,0.758893,999,171881.990000,10117257803,24135,332,0
NODE,0.758893,999,172043.020000,9521506572,24131,328,0
NODE,0.758893,999,172703.280000,10483086588,24524,490,0
NODE,0.758893,999,173263.830000,10654123638,24562,264,0
NODE,0.758893,999,173296.780000,9832312397,24459,28,0
NODE,0.758893,999,173814.960000,9779390236,24451,192,0
NODE,0.758893,999,173860.560000,10163174431,24525,491,0
NODE,0.758893,999,174160.070000,9718149987,24384,113,0
NODE,0.758893,999,174381.600000,10132158467,24528,496,0
NODE,0.758893,999,174462.500000,10258552732,24526,492,0
NODE,0.758893,999,174543.540000,9412002302,24051,170,0
NODE,0.758893,999,176214.070000,9122585676,24365,594,0
NODE,0.758893,999,177082.530000,11004160443,24442,120,0
NODE,0.758893,999,177427.370000,9611632506,24411,410,0
NODE,0.758893,999,177442.040000,11168165341,24549,103,0
NODE,0.758893,999,182904.800000,10282980959,24512,250,0
NODE,0.758893,999,183308.210000,10004496863,24129,326,0
NODE,0.758893,999,183777.090000,11146480416,24426,442,0
NODE,0.758893,999,184809.750000,10876252823,24393,150,0
NODE,0.758893,999,119646.630000,6694914861,24644,87,0
NODE,0.758893,999,123319.300000,6929417142,24643,552,0
NODE,0.758893,999,124387.720000,7042051152,24645,471,0
NODE,0.758893,999,128156.840000,7178807244,24628,461,0
NODE,0.758893,999,135079.220000,7865963494,24604,437,0
NODE,0.758893,999,123688.360000,7006094331,24723,429,0
NODE,0.758893,999,129604.110000,7313360075,24648,209,0
NODE,0.758893,999,128631.210000,7160811019,24660,29,0
NODE,0.758893,999,126906.110000,7336509029,24686,89,0
NODE,0.758893,999,139055.610000,7263331718,24601,63,0
NODE,0.758893,999,137194.380000,7790277833,24605,1,0
NODE,0.758893,999,132202.480000,8595863370,24631,553,0
NODE,0.758893,999,129346.700000,6684703968,24663,325,0
NODE,0.758893,999,130718.720000,7911768720,24647,507,0
NODE,0.758893,999,139871.380000,7945443764,24600,7,0
NODE,0.758893,999,130991.720000,7020380264,24646,88,0
NODE,0.758893,999,131457.820000,8079066897,24638,377,0
NODE,0.758893,999,131588.750000,7944374769,24640,59,0
NODE,0.758893,999,130061.280000,7159358702,24664,524,0
NODE,0.758893,999,130634.280000,7106702141,24674,566,0
NODE,0.758893,999,132798.620000,7409582580,24641,95,0
NODE,0.758893,999,132339.200000,7629425909,24653,3,0
NODE,0.758893,999,139262.640000,7693838496,24606,359,0
NODE,0.758893,999,131644.810000,6814837976,24673,15,0
NODE,0.758893,999,131547.660000,7698758097,24681,453,0
NODE,0.758893,999,130992.410000,7499358423,24691,31,0
NODE,0.758893,999,132528.730000,7497009768,24683,310,0
NODE,0.758893,999,134900.660000,8224537456,24649,243,0
NODE,0.758893,999,133740.120000,7288278157,24675,395,0
NODE,0.758893,999,135886.720000,7618026654,24642,82,0
NODE,0.758893,999,134308.540000,7322559128,24666,590,0
NODE,0.758893,999,134419.660000,6992829380,24665,589,0
NODE,0.758893,999,135338.620000,7219036874,24676,308,0
NODE,0.758893,999,134459.180000,7946357451,24685,171,0
NODE,0.758893,999,134085.840000,8029596395,24688,409,0
NODE,0.758893,999,138281.280000,8104498005,24637,30,0
NODE,0.758893,999,134100.010000,7319516192,24695,149,0
NODE,0.758893,999,137684.010000,7566591915,24654,315,0
NODE,0.758893,999,136412.470000,7681416942,24679,392,0
NODE,0.758893,999,143926.970000,7614081763,24611,568,0
NODE,0.758893,999,136748.440000,8129726113,24684,576,0
NODE,0.758893,999,138257.790000,7458212665,24662,349,0
NODE,0.758893,999,138847.780000,7517381708,24655,97,0
NODE,0.758893,999,144376.820000,7809739188,24612,181,0
NODE,0.758893,999,140533.220000,7888142145,24636,455,0
NODE,0.758893,999,139583.160000,7998791382,24651,224,0
NODE,0.758893,999,136658.090000,8292885631,24687,517,0
NODE,0.758893,999,145811.120000,7783960070,24608,394,0
NODE,0.758893,999,136341.660000,8076234897,24696,205,0
NODE,0.758893,999,130676.580000,6920884257,24803,40,0
NODE,0.758893,999,145727.540000,7600420181,24610,218,0
NODE,0.758893,999,152293.390000,8659098317,24599,77,0
NODE,0.758893,999,138776.540000,7474921833,24671,217,0
NODE,0.758893,999,143970.590000,8282090182,24620,236,0
NODE,0.758893,999,142796.150000,8730023580,24630,305,0
NODE,0.758893,999,140929.930000,7961561469,24652,427,0
NODE,0.758893,999,139579.590000,7445914126,24670,465,0
NODE,0.758893,999,134779.040000,7625062827,24742,570,0
NODE,0.758893,999,145840.220000,8619804240,24613,341,0
NODE,0.758893,999,140116.960000,7549842631,24677,212,0
NODE,0.758893,999,141713.510000,7824238006,24657,441,0
NODE,0.758893,999,151258.640000,8964768127,24602,65,0
NODE,0.758893,999,136242.780000,7748521078,24738,161,0
NODE,0.758893,999,140930.450000,8032089784,24672,35,0
NODE,0.758893,999,139467.780000,7551212400,24697,447,0
NODE,0.758893,999,136194.570000,8109784466,24758,143,0
NODE,0.758893,999,145217.020000,8684603977,24629,23,0
NODE,0.758893,999,145832.900000,7765552808,24626,408,0
NODE,0.758893,999,142568.760000,8231044200,24661,396,0
NODE,0.758893,999,144405.820000,8633996384,24639,412,0
NODE,0.758893,999,142664.740000,7612579473,24667,60,0
NODE,0.758893,999,140773.360000,8338238814,24693,290,0
NODE,0.758893,999,141020.840000,7896824558,24689,176,0
NODE,0.758893,999,152181.760000,9002473532,24603,311,0
NODE,0.758893,999,146477.450000,7757369406,24633,258,0
NODE,0.758893,999,143528.750000,7495158417,24669,312,0
NODE,0.758893,999,140224.280000,7999556679,24712,277,0
NODE,0.758893,999,143120.230000,7036684223,24680,76,0
NODE,0.758893,999,140755.570000,7781875148,24710,286,0
NODE,0.758893,999,143657.890000,7889688280,24682,512,0
NODE,0.758893,999,135904.940000,7831427051,24819,549,0
NODE,0.758893,999,144996.360000,8829767568,24659,563,0
NODE,0.758893,999,150096.540000,8102851510,24616,99,0
NODE,0.758893,999,140168.410000,7387771791,24732,214,0
NODE,0.758893,999,132528.110000,7091759927,24898,532,0
NODE,0.758893,999,139871.030000,7812594480,24745,318,0
NODE,0.758893,999,132397.230000,7119876939,24902,269,0
NODE,0.758893,999,145229.310000,7974033385,24668,309,0
NODE,0.758893,999,139258.260000,8540720423,24766,67,0
NODE,0.758893,999,140740.730000,7985863173,24740,439,0
NODE,0.758893,999,142133.580000,8514011145,24724,219,0
NODE,0.758893,999,142378.970000,7924774182,24734,306,0
NODE,0.758893,999,133540.350000,7606220240,24921,357,0
NODE,0.758893,999,141297.690000,8380224101,24764,562,0
NODE,0.758893,999,133316.130000,6881940055,24927,222,0
NODE,0.758893,999,148906.160000,8169531680,24650,508,0
NODE,0.758893,999,145578.470000,8288393418,24694,525,0
NODE,0.758893,999,142904.520000,8493227072,24739,206,0
NODE,0.758893,999,148969.530000,8339802964,24656,229,0
NODE,0.758893,999,153799.290000,8053443194,24615,467,0
NODE,0.758893,999,143102.370000,8548370946,24748,91,0
NODE,0.758893,999,144010.550000,8193737897,24730,503,0
NODE,0.758893,999,145321.930000,9071121021,24705,291,0
NODE,0.758893,999,143392.380000,8376641476,24749,51,0
NODE,0.758893,999,143563.260000,8965506153,24750,303,0
NODE,0.758893,999,144967.070000,8539718737,24733,215,0
NODE,0.758893,999,154378.710000,8021016995,24619,64,0
NODE,0.758893,999,135238.130000,7783943375,24942,353,0
NODE,0.758893,999,145335.980000,8651733749,24731,22,0
NODE,0.758893,999,144873.620000,8893470427,24741,25,0
NODE,0.758893,999,157567.910000,8250488129,24607,17,0
NODE,0.758893,999,143550.080000,8503021588,24778,477,0
NODE,0.758893,999,146579.010000,8651246357,24718,356,0
NODE,0.758893,999,157538.990000,9037340797,24609,307,0
NODE,0.758893,999,145808.890000,8488391259,24735,129,0
NODE,0.758893,999,147771.950000,8410145653,24702,189,0
NODE,0.758893,999,138381.810000,7723981480,24899,402,0
NODE,0.758893,999,147738.560000,8955711823,24704,317,0
NODE,0.758893,999,155434.760000,8819892230,24621,5,0
NODE,0.758893,999,146313.090000,8752910582,24736,369,0
NODE,0.758893,999,147345.020000,8475991685,24713,234,0
NODE,0.758893,999,146648.700000,8531033317,24737,131,0
NODE,0.758893,999,149558.260000,8426541571,24690,564,0
NODE,0.758893,999,144415.700000,8329560528,24787,81,0
NODE,0.758893,999,139891.010000,8519603233,24885,163,0
NODE,0.758893,999,144076.330000,8282465270,24798,561,0
NODE,0.758893,999,144157.040000,8818280449,24802,554,0
NODE,0.758893,999,151690.040000,7825184180,24678,6,0
NODE,0.758893,999,148994.660000,8296418600,24706,399,0
NODE,0.758893,999,145010.500000,8305965086,24790,495,0
NODE,0.758893,999,145399.660000,8225071451,24780,278,0
NODE,0.758893,999,155248.540000,9086183471,24634,78,0
NODE,0.758893,999,146847.040000,8663810717,24759,9,0
NODE,0.758893,999,140099.650000,7871980712,24904,505,0
NODE,0.758893,999,147161.130000,8407843041,24762,363,0
NODE,0.758893,999,157373.750000,8458415509,24622,444,0
NODE,0.758893,999,145925.030000,8222239437,24789,301,0
NODE,0.758893,999,150450.750000,8062517759,24700,50,0
NODE,0.758893,999,145037.480000,7480694295,24808,130,0
NODE,0.758893,999,147433.950000,8795453097,24765,573,0
NODE,0.758893,999,150437.430000,8366626741,24703,190,0
NODE,0.758893,999,142027.240000,8483621301,24882,352,0
NODE,0.758893,999,141834.660000,7923428070,24889,45,0
NODE,0.758893,999,149609.080000,9111687603,24725,101,0
NODE,0.758893,999,146878.870000,9059007710,24782,154,0
NODE,0.758893,999,157072.440000,9537479335,24632,210,0
NODE,0.758893,999,148737.460000,8801799463,24744,354,0
NODE,0.758893,999,148634.190000,9320451837,24746,459,0
NODE,0.758893,999,150221.670000,8939865866,24716,185,0
NODE,0.758893,999,150272.660000,9431985366,24719,39,0
NODE,0.758893,999,144235.560000,8453309581,24849,415,0
NODE,0.758893,999,141359.360000,7809559057,24905,228,0
NODE,0.758893,999,145696.290000,7914916138,24818,184,0
NODE,0.758893,999,146285.200000,8415222678,24804,596,0
NODE,0.758893,999,148853.810000,8238690117,24755,194,0
NODE,0.758893,999,146439.730000,7955357961,24812,159,0
NODE,0.758893,999,150989.330000,9054082823,24717,425,0
NODE,0.758893,999,146475.650000,8026146469,24816,70,0
NODE,0.758893,999,159868.360000,8936009417,24618,431,0
NODE,0.758893,999,150764.970000,8964237358,24729,54,0
NODE,0.758893,999,159088.510000,8570091651,24624,516,0
NODE,0.758893,999,151927.420000,9269946123,24709,481,0
NODE,0.758893,999,138957.950000,8311615909,24981,293,0
NODE,0.758893,999,146395.870000,8205711077,24826,19,0
NODE,0.758893,999,136553.440000,7224763138,25022,405,0
NODE,0.758893,999,147121.350000,8033117871,24815,575,0
NODE,0.758893,999,152807.950000,8892311113,24701,567,0
NODE,0.758893,999,130100.380000,8006449480,25119,551,0
NODE,0.758893,999,153892.720000,7976300266,24692,470,0
NODE,0.758893,999,147203.220000,7931376434,24821,106,0
NODE,0.758893,999,150550.980000,8201967220,24754,68,0
NODE,0.758893,999,148973.440000,8381464345,24788,105,0
NODE,0.758893,999,153638.570000,7771279217,24699,80,0
NODE,0.758893,999,144963.460000,8887332114,24877,382,0
NODE,0.758893,999,143299.020000,7747674518,24909,387,0
NODE,0.758893,999,148975.720000,8732678678,24796,463,0
NODE,0.758893,999,145177.030000,8665586517,24878,127,0
NODE,0.758893,999,144663.890000,8724552327,24891,299,0
NODE,0.758893,999,150464.530000,8288773509,24771,372,0
NODE,0.758893,999,162077.140000,9204351703,24617,313,0
NODE,0.758893,999,146640.340000,7957815035,24854,187,0
NODE,0.758893,999,154658.040000,8960366342,24698,197,0
NODE,0.758893,999,144544.490000,7572203188,24900,501,0
NODE,0.758893,999,140090.170000,7881624144,24996,287,0
NODE,0.758893,999,151047.630000,8658055153,24770,529,0
NODE,0.758893,999,146653.550000,8491069709,24869,289,0
NODE,0.758893,999,154358.290000,8825296833,24708,253,0
NODE,0.758893,999,153891.590000,9113741514,24714,423,0
NODE,0.758893,999,148759.270000,8822320336,24825,169,0
NODE,0.758893,999,150888.940000,8794528967,24777,84,0
NODE,0.758893,999,158380.520000,8339007342,24658,378,0
NODE,0.758893,999,150600.340000,8976955448,24792,595,0
NODE,0.758893,999,150801.440000,8965501495,24791,249,0
NODE,0.758893,999,152323.490000,8375977877,24763,417,0
NODE,0.758893,999,154324.570000,9893329074,24722,545,0
NODE,0.758893,999,139826.750000,8255197729,25016,123,0
NODE,0.758893,999,140336.020000,7909223355,25011,421,0
NODE,0.758893,999,150486.900000,8917445875,24807,361,0
NODE,0.758893,999,163168.850000,9682045807,24623,69,0
NODE,0.758893,999,150119.130000,8486813831,24820,79,0
NODE,0.758893,999,154739.280000,8556138452,24721,474,0
NODE,0.758893,999,152188.570000,8839090858,24779,211,0
NODE,0.758893,999,150646.270000,8498081448,24814,319,0
NODE,0.758893,999,150061.420000,9203356924,24828,167,0
NODE,0.758893,999,162810.910000,9505710941,24627,456,0
NODE,0.758893,999,151385.280000,8389772377,24801,34,0
NODE,0.758893,999,153794.930000,8794671194,24752,49,0
NODE,0.758893,999,153596.060000,9064995489,24760,548,0
NODE,0.758893,999,153100.280000,8835115129,24772,346,0
NODE,0.758893,999,152522.780000,9411389046,24781,61,0
NODE,0.758893,999,151759.880000,8286113461,24800,208,0
NODE,0.758893,999,142877.250000,8071034343,24992,509,0
NODE,0.758893,999,143753.570000,7631930969,24976,251,0
NODE,0.758893,999,156341.580000,9561631658,24715,175,0
NODE,0.758893,999,147146.740000,7631920154,24907,96,0
NODE,0.758893,999,150937.820000,7987207891,24834,460,0
NODE,0.758893,999,151812.840000,8813201723,24817,238,0
NODE,0.758893,999,157235.060000,8802566606,24707,285,0
NODE,0.758893,999,154375.970000,9343956977,24767,265,0
NODE,0.758893,999,151091.550000,8464209785,24837,33,0
NODE,0.758893,999,163591.550000,9914382683,24635,452,0
NODE,0.758893,999,156792.920000,9894719951,24720,52,0
NODE,0.758893,999,131907.540000,7197455698,25140,198,0
NODE,0.758893,999,151092.710000,8431137980,24848,147,0
NODE,0.758893,999,147024.010000,7919052583,24928,449,0
NODE,0.758893,999,144786.360000,8409817488,24979,268,0
NODE,0.758893,999,155418.670000,9117626167,24761,246,0
NODE,0.758893,999,142385.190000,7994395556,25020,584,0
NODE,0.758893,999,155842.030000,8228730004,24753,454,0
NODE,0.758893,999,148387.250000,8331474221,24906,56,0
NODE,0.758893,999,151256.040000,8296120935,24855,46,0
NODE,0.758893,999,152257.330000,8410874930,24833,58,0
NODE,0.758893,999,136708.950000,7874488008,25115,485,0
NODE,0.758893,999,152245.800000,8589728824,24836,137,0
NODE,0.758893,999,154945.380000,9435203336,24783,177,0
NODE,0.758893,999,153776.370000,8276733512,24811,385,0
NODE,0.758893,999,145215.870000,7948824582,24991,494,0
NODE,0.758893,999,149917.770000,7934707847,24897,102,0
NODE,0.758893,999,157248.020000,9000411482,24743,379,0
NODE,0.758893,999,143383.340000,8276930694,25024,267,0
NODE,0.758893,999,154680.940000,9167835013,24797,110,0
NODE,0.758893,999,148503.380000,8251637888,24926,107,0
NODE,0.758893,999,151101.630000,9154099963,24879,179,0
NODE,0.758893,999,168275.300000,9176397210,24614,207,0
NODE,0.758893,999,154707.770000,8856593437,24805,464,0
NODE,0.758893,999,142538.390000,7943318429,25048,513,0
NODE,0.758893,999,158676.370000,9878228353,24727,173,0
NODE,0.758893,999,143837.000000,7573502085,25029,288,0
NODE,0.758893,999,144935.840000,7883675579,25009,201,0
NODE,0.758893,999,149610.370000,8358304151,24917,340,0
NODE,0.758893,999,137573.360000,7743196811,25116,386,0
NODE,0.758893,999,146628.830000,8280398152,24984,533,0
NODE,0.758893,999,155378.060000,9367112161,24799,355,0
NODE,0.758893,999,148316.330000,8577783465,24955,93,0
NODE,0.758893,999,158069.620000,9230249269,24747,588,0
NODE,0.758893,999,155227.720000,8706211857,24806,230,0
NODE,0.758893,999,131165.740000,6808725074,25162,334,0
NODE,0.758893,999,156792.410000,8472336471,24775,419,0
NODE,0.758893,999,150096.230000,8442717777,24918,489,0
NODE,0.758893,999,151966.160000,9101214684,24884,203,0
NODE,0.758893,999,157175.870000,9348354478,24774,157,0
NODE,0.758893,999,155616.100000,8739885975,24809,483,0
NODE,0.758893,999,144686.730000,7942503261,25031,155,0
NODE,0.758893,999,151683.220000,8843834035,24894,158,0
NODE,0.758893,999,147449.930000,7602715189,24985,362,0
NODE,0.758893,999,149081.980000,8235869652,24954,358,0
NODE,0.758893,999,167928.890000,9767972739,24625,240,0
NODE,0.758893,999,148495.340000,8294379171,24966,526,0
NODE,0.758893,999,131585.740000,7761582580,25164,331,0
NODE,0.758893,999,141773.080000,8160975939,25085,413,0
NODE,0.758893,999,141100.920000,7748528502,25101,121,0
NODE,0.758893,999,152994.230000,8967128687,24881,83,0
NODE,0.758893,999,155129.180000,8674543818,24840,597,0
NODE,0.758893,999,149394.460000,8229811919,24957,221,0
NODE,0.758893,999,140663.800000,8507285812,25109,401,0
NODE,0.758893,999,155444.110000,8820327194,24831,528,0
NODE,0.758893,999,160380.020000,9832850258,24726,36,0
NODE,0.758893,999,157188.320000,9205253119,24794,544,0
NODE,0.758893,999,147482.260000,8159560950,24995,388,0
NODE,0.758893,999,159126.110000,9461091170,24757,586,0
NODE,0.758893,999,146157.270000,8388563405,25018,274,0
NODE,0.758893,999,142578.330000,7963955184,25080,247,0
NODE,0.758893,999,151485.270000,8459819201,24920,486,0
NODE,0.758893,999,155561.240000,8140175413,24838,521,0
NODE,0.758893,999,132785.810000,7779876602,25161,21,0
NODE,0.758893,999,146107.630000,8523692759,25025,435,0
NODE,0.758893,999,148748.650000,8084902283,24980,98,0
NODE,0.758893,999,151748.040000,8659202372,24919,48,0
NODE,0.758893,999,147891.410000,8130737990,24998,86,0
NODE,0.758893,999,149531.690000,8632875662,24969,85,0
NODE,0.758893,999,156905.050000,8620692702,24822,298,0
NODE,0.758893,999,161454.050000,9910927034,24728,104,0
NODE,0.758893,999,148850.730000,7816591199,24989,72,0
NODE,0.758893,999,132615.010000,7722026707,25166,245,0
NODE,0.758893,999,153278.380000,8353998600,24903,416,0
NODE,0.758893,999,149662.910000,8468005148,24978,134,0
NODE,0.758893,999,152159.900000,8325818972,24924,125,0
NODE,0.758893,999,153676.650000,8663281988,24896,335,0
NODE,0.758893,999,147476.410000,8525092137,25017,373,0
NODE,0.758893,999,150465.020000,8516273069,24964,581,0
NODE,0.758893,999,152211.130000,8404612945,24930,599,0
NODE,0.758893,999,142732.280000,8562797328,25103,73,0
NODE,0.758893,999,161014.560000,9062506138,24751,320,0
NODE,0.758893,999,153805.960000,7977421763,24901,62,0
NODE,0.758893,999,146178.520000,8063962729,25050,116,0
NODE,0.758893,999,150211.680000,8491430278,24977,488,0
NODE,0.758893,999,147449.420000,8141869392,25028,579,0
NODE,0.758893,999,156432.950000,8887270773,24853,115,0
NODE,0.758893,999,153288.470000,8359086310,24916,295,0
NODE,0.758893,999,156466.800000,8584614167,24856,47,0
NODE,0.758893,999,148356.610000,8558156053,25014,186,0
NODE,0.758893,999,151416.400000,8771750289,24963,404,0
NODE,0.758893,999,148752.270000,9008176316,25012,323,0
NODE,0.758893,999,141208.830000,8441427056,25121,519,0
NODE,0.758893,999,151704.310000,7853299125,24961,178,0
NODE,0.758893,999,161641.320000,9012444400,24756,10,0
NODE,0.758893,999,163656.640000,9473497614,24711,316,0
NODE,0.758893,999,152688.840000,8208619747,24948,469,0
NODE,0.758893,999,153391.780000,8665379340,24938,37,0
NODE,0.758893,999,140307.870000,8754733296,25129,263,0
NODE,0.758893,999,140151.910000,9048809360,25130,255,0
NODE,0.758893,999,159031.590000,8101215584,24823,324,0
NODE,0.758893,999,153713.000000,8445988210,24929,259,0
NODE,0.758893,999,140089.670000,8178274395,25135,558,0
NODE,0.758893,999,154177.080000,8524123480,24923,560,0
NODE,0.758893,999,159299.130000,9356361522,24824,400,0
NODE,0.758893,999,157615.910000,10035715613,24860,555,0
NODE,0.758893,999,143725.420000,8717182411,25111,475,0
NODE,0.758893,999,160775.760000,9202352606,24795,414,0
NODE,0.758893,999,153443.480000,8719918362,24951,135,0
NODE,0.758893,999,157395.570000,10180723533,24873,534,0
NODE,0.758893,999,145495.740000,9035703698,25096,445,0
NODE,0.758893,999,156810.810000,8424752397,24887,8,0
NODE,0.758893,999,159525.320000,8868444022,24830,74,0
NODE,0.758893,999,147178.060000,8403801091,25069,225,0
NODE,0.758893,999,150348.110000,8653720042,25013,43,0
NODE,0.758893,999,157462.130000,10164498822,24880,71,0
NODE,0.758893,999,155615.470000,8181812910,24914,223,0
NODE,0.758893,999,150023.740000,8273388896,25026,27,0
NODE,0.758893,999,151550.810000,8641753543,24999,337,0
NODE,0.758893,999,154633.570000,8629590588,24944,114,0
NODE,0.758893,999,141537.480000,8479570869,25131,504,0
NODE,0.758893,999,143350.440000,8660174588,25120,591,0
NODE,0.758893,999,148942.270000,7829216781,25049,160,0
NODE,0.758893,999,152156.880000,8776992511,24993,270,0
NODE,0.758893,999,147442.310000,7736937003,25076,518,0
NODE,0.758893,999,159074.510000,9572534342,24863,57,0
NODE,0.758893,999,162490.570000,9416047870,24786,148,0
NODE,0.758893,999,137150.650000,7933134259,25163,153,0
NODE,0.758893,999,148042.910000,8520530102,25071,257,0
NODE,0.758893,999,160630.450000,9572230982,24829,16,0
NODE,0.758893,999,156535.290000,8477654132,24915,322,0
NODE,0.758893,999,141140.260000,8198972855,25141,294,0
NODE,0.758893,999,160563.070000,9433788607,24846,539,0
NODE,0.758893,999,156039.450000,9421328830,24940,126,0
NODE,0.758893,999,158682.290000,9017369187,24883,314,0
NODE,0.758893,999,153683.130000,8878762053,24986,233,0
NODE,0.758893,999,157251.800000,9058375943,24913,550,0
NODE,0.758893,999,158485.730000,8950963678,24892,2,0
NODE,0.758893,999,156374.070000,9591215125,24934,451,0
NODE,0.758893,999,156892.710000,9042125242,24922,443,0
NODE,0.758893,999,158455.630000,8705813329,24893,393,0
NODE,0.758893,999,152186.950000,8401803030,25019,480,0
NODE,0.758893,999,154200.730000,8710597993,24987,390,0
NODE,0.758893,999,154172.680000,8987129380,24990,543,0
NODE,0.758893,999,164408.860000,9477621850,24776,380,0
NODE,0.758893,999,144268.590000,8243094769,25127,531,0
NODE,0.758893,999,153890.500000,8180587843,24997,381,0
NODE,0.758893,999,157206.800000,8820762930,24931,344,0
NODE,0.758893,999,155202.630000,9403868995,24982,213,0
NODE,0.758893,999,161653.550000,8775360857,24850,151,0
NODE,0.758893,999,158614.050000,8632373372,24908,523,0
NODE,0.758893,999,160821.310000,8357908563,24868,339,0
NODE,0.758893,999,161046.780000,8860248984,24866,216,0
NODE,0.758893,999,157300.850000,8950171152,24941,140,0
NODE,0.758893,999,165174.450000,8980646096,24773,347,0
NODE,0.758893,999,149446.500000,8650450773,25082,585,0
NODE,0.758893,999,162611.550000,8693054021,24835,371,0
NODE,0.758893,999,155639.920000,8250605919,24983,370,0
NODE,0.758893,999,160856.610000,9855269063,24875,572,0
NODE,0.758893,999,160497.230000,8365149424,24890,383,0
NODE,0.758893,999,163042.130000,9758432992,24844,304,0
NODE,0.758893,999,154506.050000,8794121721,25010,4,0
NODE,0.758893,999,164357.870000,9407546248,24813,374,0
NODE,0.758893,999,147245.550000,8340475953,25118,450,0
NODE,0.758893,999,162192.870000,8597009531,24865,484,0
NODE,0.758893,999,138634.840000,8103571701,25171,541,0
NODE,0.758893,999,158737.770000,9743033257,24935,199,0
NODE,0.758893,999,153455.380000,8928202927,25034,350,0
NODE,0.758893,999,151317.510000,9251787876,25073,283,0
NODE,0.758893,999,163208.670000,9806395389,24847,232,0
NODE,0.758893,999,153390.490000,8189105995,25036,462,0
NODE,0.758893,999,147035.640000,8723611645,25122,343,0
NODE,0.758893,999,144709.810000,7577921595,25138,196,0
NODE,0.758893,999,162426.040000,9183696440,24871,273,0
NODE,0.758893,999,144009.740000,7390005859,25143,428,0
NODE,0.758893,999,166478.150000,9527288137,24784,182,0
NODE,0.758893,999,154969.660000,8858771209,25015,139,0
NODE,0.758893,999,162358.810000,9803772818,24874,327,0
NODE,0.758893,999,156262.410000,9065581773,25001,391,0
NODE,0.758893,999,157082.720000,8744664902,24988,556,0
NODE,0.758893,999,158160.710000,8699927956,24967,256,0
NODE,0.758893,999,163357.430000,8927086181,24864,565,0
NODE,0.758893,999,154542.230000,8363093960,25033,90,0
NODE,0.758893,999,148651.250000,8173917350,25117,424,0
NODE,0.758893,999,159733.230000,8852831632,24947,403,0
NODE,0.758893,999,151596.490000,8352004695,25087,275,0
NODE,0.758893,999,154169.350000,8155919573,25046,204,0
NODE,0.758893,999,150625.010000,9177146475,25108,239,0
NODE,0.758893,999,148019.810000,8541919227,25124,32,0
NODE,0.758893,999,164048.830000,8981853738,24861,38,0
NODE,0.758893,999,168663.380000,10171349678,24769,168,0
NODE,0.758893,999,160115.670000,9149568751,24950,473,0
NODE,0.758893,999,167612.370000,9530801769,24793,472,0
NODE,0.758893,999,141316.980000,8244539725,25167,44,0
NODE,0.758893,999,153619.600000,9276140362,25067,183,0
NODE,0.758893,999,150393.670000,8872129956,25114,593,0
NODE,0.758893,999,163342.670000,9687294362,24888,235,0
NODE,0.758893,999,160005.720000,9165586308,24958,281,0
NODE,0.758893,999,149037.370000,8666348614,25123,66,0
NODE,0.758893,999,152989.260000,8104719406,25083,502,0
NODE,0.758893,999,141545.260000,7619612384,25172,345,0
NODE,0.758893,999,159978.780000,8877026976,24971,122,0
NODE,0.758893,999,155692.130000,8427401749,25047,547,0
NODE,0.758893,999,162873.540000,9478861362,24910,536,0
NODE,0.758893,999,138664.460000,7573133432,25186,113,0
NODE,0.758893,999,153076.230000,8516005984,25100,112,0
NODE,0.758893,999,160529.200000,8955996689,24968,296,0
NODE,0.758893,999,161730.780000,9169713106,24949,55,0
NODE,0.758893,999,167200.990000,9223054458,24832,338,0
NODE,0.758893,999,161045.440000,9016283571,24962,12,0
NODE,0.758893,999,154406.230000,8682438987,25081,500,0
NODE,0.758893,999,162482.970000,9178458854,24937,18,0
NODE,0.758893,999,166757.290000,9928755845,24852,569,0
NODE,0.758893,999,167440.220000,9808400372,24839,75,0
NODE,0.758893,999,153158.690000,9784068125,25107,145,0
NODE,0.758893,999,167392.450000,8758608805,24842,397,0
NODE,0.758893,999,144079.880000,8208763898,25165,407,0
NODE,0.758893,999,151020.770000,9239369207,25125,284,0
NODE,0.758893,999,147889.010000,8764071732,25145,522,0
NODE,0.758893,999,167144.070000,9572712594,24862,376,0
NODE,0.758893,999,150016.190000,8228033951,25134,330,0
NODE,0.758893,999,155002.970000,8931090617,25091,191,0
NODE,0.758893,999,171952.320000,9871182593,24768,172,0
NODE,0.758893,999,158316.070000,8873887856,25035,342,0
NODE,0.758893,999,162099.170000,9445111257,24970,389,0
NODE,0.758893,999,164920.680000,9227487952,24912,365,0
NODE,0.758893,999,141322.820000,7827201670,25183,28,0
NODE,0.758893,999,166038.890000,9078414260,24895,466,0
NODE,0.758893,999,158479.710000,9125372373,25039,580,0
NODE,0.758893,999,147879.150000,8071704041,25151,446,0
NODE,0.758893,999,153898.820000,8872952911,25112,422,0
NODE,0.758893,999,159428.640000,9259999618,25030,457,0
NODE,0.758893,999,151465.250000,9640836654,25128,557,0
NODE,0.758893,999,156540.730000,8462393908,25079,242,0
NODE,0.758893,999,170484.050000,10050543008,24810,180,0
NODE,0.758893,999,158982.260000,8953393675,25040,333,0
NODE,0.758893,999,157180.680000,9437808524,25072,300,0
NODE,0.758893,999,167868.080000,10900576946,24876,231,0
NODE,0.758893,999,161605.010000,8905915244,25000,546,0
NODE,0.758893,999,154597.720000,8817344567,25113,434,0
NODE,0.758893,999,163176.360000,9382944098,24973,571,0
NODE,0.758893,999,148969.850000,8489801178,25150,119,0
NODE,0.758893,999,156479.090000,9117620796,25094,511,0
NODE,0.758893,999,159799.240000,8827062866,25037,530,0
NODE,0.758893,999,160779.590000,9548113521,25021,367,0
NODE,0.758893,999,159385.330000,7832999181,25045,254,0
NODE,0.758893,999,157956.810000,8834042589,25075,118,0
NODE,0.758893,999,162963.460000,10231671552,24994,537,0
NODE,0.758893,999,162379.950000,9490709189,25004,329,0
NODE,0.758893,999,169912.560000,9648317636,24858,195,0
NODE,0.758893,999,173539.080000,10292778860,24785,132,0
NODE,0.758893,999,158668.570000,9531947715,25077,297,0
NODE,0.758893,999,171691.010000,10868877249,24827,220,0
NODE,0.758893,999,159462.400000,9362691026,25064,92,0
NODE,0.758893,999,162749.650000,9644459036,25006,598,0
NODE,0.758893,999,147193.150000,8750723981,25168,142,0
NODE,0.758893,999,171356.680000,9355485886,24851,94,0
NODE,0.758893,999,159632.300000,8745077129,25074,420,0
NODE,0.758893,999,140938.610000,7539390939,25191,120,0
NODE,0.758893,999,159157.820000,8755469888,25084,540,0
NODE,0.758893,999,167493.440000,9595218668,24939,272,0
NODE,0.758893,999,167289.240000,9224519478,24943,384,0
NODE,0.758893,999,151705.410000,9343504966,25148,497,0
NODE,0.758893,999,161861.140000,8722665412,25043,592,0
NODE,0.758893,999,160397.320000,9250663727,25070,165,0
NODE,0.758893,999,167576.500000,8996578129,24946,144,0
NODE,0.758893,999,145498.490000,8159486152,25182,264,0
NODE,0.758893,999,154456.170000,9305179045,25132,368,0
NODE,0.758893,999,162654.950000,8947491741,25038,282,0
NODE,0.758893,999,159629.520000,9107782745,25089,499,0
NODE,0.758893,999,151589.190000,8563324777,25155,587,0
NODE,0.758893,999,164714.750000,9780507493,25003,41,0
NODE,0.758893,999,154198.540000,8951987793,25137,520,0
NODE,0.758893,999,153456.200000,8093179953,25142,262,0
NODE,0.758893,999,162259.370000,8543579509,25053,468,0
NODE,0.758893,999,144887.660000,7785704876,25189,170,0
NODE,0.758893,999,165124.140000,9859688269,25005,321,0
NODE,0.758893,999,152285.560000,8459784411,25154,202,0
NODE,0.758893,999,148960.250000,8370769878,25176,164,0
NODE,0.758893,999,169724.220000,8971825717,24925,14,0
NODE,0.758893,999,156836.040000,9531059530,25126,146,0
NODE,0.758893,999,162307.960000,9471992528,25066,266,0
NODE,0.758893,999,144000.660000,7986904772,25190,594,0
NODE,0.758893,999,162462.580000,9418974503,25065,226,0
NODE,0.758893,999,168427.880000,9572911189,24960,13,0
NODE,0.758893,999,173058.650000,9305117201,24867,261,0
NODE,0.758893,999,160441.480000,8905958428,25102,174,0
NODE,0.758893,999,154080.010000,8980479817,25146,271,0
NODE,0.758893,999,152104.470000,8651410852,25160,260,0
NODE,0.758893,999,154163.300000,8785088488,25147,364,0
NODE,0.758893,999,163907.410000,9376959784,25051,133,0
NODE,0.758893,999,169361.920000,9601665310,24956,366,0
NODE,0.758893,999,160682.440000,10139785127,25104,493,0
NODE,0.758893,999,173475.230000,10247590167,24872,542,0
NODE,0.758893,999,175226.000000,10175450038,24841,538,0
NODE,0.758893,999,156161.580000,8675575302,25139,138,0
NODE,0.758893,999,170917.520000,9969309240,24933,582,0
NODE,0.758893,999,166099.500000,8693448225,25027,432,0
NODE,0.758893,999,157421.330000,9298569415,25133,498,0
NODE,0.758893,999,151020.260000,8565702576,25173,111,0
NODE,0.758893,999,153457.130000,8773831117,25158,482,0
NODE,0.758893,999,162468.870000,9163933739,25098,152,0
NODE,0.758893,999,171231.900000,9523336618,24945,227,0
NODE,0.758893,999,170139.970000,10245067180,24972,53,0
NODE,0.758893,999,152457.690000,8186227499,25169,458,0
NODE,0.758893,999,152333.320000,8145839291,25174,276,0
NODE,0.758893,999,167714.260000,9327011356,25023,188,0
NODE,0.758893,999,158687.280000,9192064708,25136,166,0
NODE,0.758893,999,164061.560000,9259509620,25088,478,0
NODE,0.758893,999,155809.860000,9429007879,25156,26,0
NODE,0.758893,999,151738.580000,8036174518,25178,141,0
NODE,0.758893,999,168878.660000,9637829891,25008,438,0
NODE,0.758893,999,166133.610000,9163748298,25057,237,0
NODE,0.758893,999,162992.780000,9744538819,25110,156,0
NODE,0.758893,999,167229.760000,9590852215,25041,280,0
NODE,0.758893,999,173210.150000,9728147257,24932,514,0
NODE,0.758893,999,166133.190000,9677177842,25068,574,0
NODE,0.758893,999,174408.490000,9802084132,24911,360,0
NODE,0.758893,999,153333.880000,7876159249,25175,136,0
NODE,0.758893,999,168393.730000,9358365470,25032,506,0
NODE,0.758893,999,178441.630000,9981207019,24843,11,0
NODE,0.758893,999,164821.710000,10175594014,25099,411,0
NODE,0.758893,999,150080.180000,8286140560,25188,492,0
NODE,0.758893,999,158843.140000,9701529097,25144,583,0
NODE,0.758893,999,178230.020000,9725945194,24859,248,0
NODE,0.758893,999,157970.510000,8767357901,25153,577,0
NODE,0.758893,999,154667.570000,9216122952,25170,241,0
NODE,0.758893,999,151995.320000,8935209076,25185,491,0
NODE,0.758893,999,168556.160000,9045732403,25056,100,0
NODE,0.758893,999,169260.260000,9787057912,25044,398,0
NODE,0.758893,999,154404.270000,9165526631,25177,527,0
NODE,0.758893,999,166741.580000,10163936999,25093,252,0
NODE,0.758893,999,174903.200000,9592865676,24952,433,0
NODE,0.758893,999,168614.910000,10142035806,25062,515,0
NODE,0.758893,999,180293.800000,9318721641,24845,244,0
NODE,0.758893,999,158660.110000,9562212910,25157,42,0
NODE,0.758893,999,152421.420000,8875451369,25187,496,0
NODE,0.758893,999,158761.130000,8883581490,25159,336,0
NODE,0.758893,999,179034.730000,10204988094,24886,430,0
NODE,0.758893,999,174662.890000,9751308247,24975,426,0
NODE,0.758893,999,167256.400000,10212773183,25106,487,0
NODE,0.758893,999,153715.750000,8734633870,25184,192,0
NODE,0.758893,999,167373.530000,10399809741,25105,479,0
NODE,0.758893,999,175585.940000,10082057503,24965,279,0
NODE,0.758893,999,170530.570000,10122324159,25059,559,0
NODE,0.758893,999,170511.570000,10170596869,25061,348,0
NODE,0.758893,999,175593.280000,11037639384,24974,375,0
NODE,0.758893,999,171357.040000,9364559456,25054,418,0
NODE,0.758893,999,182233.420000,10432952520,24857,24,0
NODE,0.758893,999,171346.870000,9628155030,25063,351,0
NODE,0.758893,999,182506.260000,10376466730,24870,302,0
NODE,0.758893,999,172920.920000,9691082248,25055,406,0
NODE,0.758893,999,179802.900000,10389176850,24936,476,0
NODE,0.758893,999,176582.520000,9562547671,25002,448,0
NODE,0.758893,999,159826.340000,9271740003,25181,490,0
NODE,0.758893,999,176251.720000,10157731691,25052,193,0
NODE,0.758893,999,181404.490000,9329058901,24959,440,0
NODE,0.758893,999,175759.640000,9817141772,25058,162,0
NODE,0.758893,999,161411.440000,8404651708,25180,328,0
NODE,0.758893,999,174153.370000,10294281406,25092,436,0
NODE,0.758893,999,174064.380000,11630140208,25097,292,0
NODE,0.758893,999,166785.110000,9818617875,25152,117,0
NODE,0.758893,999,175749.190000,9426528304,25078,510,0
NODE,0.758893,999,162774.430000,8642647942,25179,332,0
NODE,0.758893,999,184356.920000,9628912855,24953,124,0
NODE,0.758893,999,177178.400000,10208412986,25086,109,0
NODE,0.758893,999,177149.960000,10423347556,25095,128,0
NODE,0.758893,999,152974.390000,7617794254,25196,442,0
NODE,0.758893,999,154260.700000,7815363172,25194,250,0
NODE,0.758893,999,180696.570000,11057965614,25042,200,0
NODE,0.758893,999,160686.970000,8542543285,25193,103,0
NODE,0.758893,999,180930.010000,11307399379,25060,108,0
NODE,0.758893,999,179490.090000,10713214446,25090,535,0
NODE,0.758893,999,163779.600000,8200530413,25192,410,0
NODE,0.758893,999,187932.410000,10935546452,25007,20,0
NODE,0.758893,999,176956.970000,9974446721,25149,578,0
NODE,0.758893,999,158873.420000,8440689574,25197,150,0
NODE,0.758893,999,161887.040000,7974997461,25195,326,0
NODE,0.758893,999,119249.320000,6208631447,25229,589,0
NODE,0.758893,999,136094.580000,7592613546,25203,429,0
NODE,0.758893,999,146271.170000,7853449174,25198,87,0
NODE,0.758893,999,135123.870000,7235768770,25216,524,0
NODE,0.758893,999,139608.300000,7940142568,25202,437,0
NODE,0.758893,999,128763.370000,7595333203,25240,97,0
NODE,0.758893,999,132158.140000,7303634833,25231,171,0
NODE,0.758893,999,139839.980000,8259162047,25206,89,0
NODE,0.758893,999,137564.210000,8200168981,25218,95,0
NODE,0.758893,999,147114.920000,7852952366,25200,471,0
NODE,0.758893,999,138309.530000,7339681506,25221,15,0
NODE,0.758893,999,132321.460000,6966958231,25242,455,0
NODE,0.758893,999,139114.840000,7446568673,25222,453,0
NODE,0.758893,999,133417.400000,7399872611,25250,217,0
NODE,0.758893,999,142394.870000,7491320178,25217,566,0
NODE,0.758893,999,135437.650000,7234243425,25243,224,0
NODE,0.758893,999,144628.590000,7815402553,25213,88,0
NODE,0.758893,999,150012.320000,8587867170,25201,461,0
NODE,0.758893,999,146056.480000,8034413443,25212,7,0
NODE,0.758893,999,147546.190000,8550767229,25205,29,0
NODE,0.758893,999,146590.020000,7735527966,25214,377,0
NODE,0.758893,999,136294.730000,6871821107,25257,212,0
NODE,0.758893,999,137936.890000,7141057496,25249,77,0
NODE,0.758893,999,141597.580000,7652010872,25232,409,0
NODE,0.758893,999,135908.600000,7339359385,25263,143,0
NODE,0.758893,999,156091.130000,8127051289,25199,552,0
NODE,0.758893,999,139549.570000,7156026958,25251,236,0
NODE,0.758893,999,138108.700000,7070158339,25258,441,0
NODE,0.758893,999,139428.170000,7261703327,25253,427,0
NODE,0.758893,999,149352.620000,8400853720,25215,59,0
NODE,0.758893,999,150207.400000,8665903874,25211,507,0
NODE,0.758893,999,137293.800000,6454302337,25265,408,0
NODE,0.758893,999,139942.000000,7742440848,25252,305,0
NODE,0.758893,999,145692.870000,7699682352,25226,395,0
NODE,0.758893,999,146701.280000,8106467263,25225,243,0
NODE,0.758893,999,141882.740000,8067752044,25246,205,0
NODE,0.758893,999,142520.290000,8104569980,25247,40,0
NODE,0.758893,999,140608.050000,8067044468,25261,35,0
NODE,0.758893,999,140716.200000,7416233144,25260,161,0
NODE,0.758893,999,139998.720000,7540267580,25264,23,0
NODE,0.758893,999,144913.550000,7887655583,25236,392,0
NODE,0.758893,999,139565.980000,6898751934,25268,60,0
NODE,0.758893,999,148084.740000,7244197868,25227,82,0
NODE,0.758893,999,140406.210000,7295006302,25266,396,0
NODE,0.758893,999,155227.340000,9201566244,25204,209,0
NODE,0.758893,999,144305.270000,7576635870,25254,465,0
NODE,0.758893,999,152148.590000,7836234129,25224,310,0
NODE,0.758893,999,149925.030000,7868309657,25230,308,0
NODE,0.758893,999,153444.360000,8379230554,25223,31,0
NODE,0.758893,999,157622.830000,8984686614,25209,553,0
NODE,0.758893,999,144588.240000,7339758366,25269,290,0
NODE,0.758893,999,148047.200000,8432107007,25256,341,0
NODE,0.758893,999,153847.110000,7156291880,25228,590,0
NODE,0.758893,999,149590.710000,8646198754,25248,218,0
NODE,0.758893,999,159681.980000,8905382261,25208,1,0
NODE,0.758893,999,143345.510000,8073946510,25286,67,0
NODE,0.758893,999,150646.310000,8440268094,25244,517,0
NODE,0.758893,999,144885.470000,7551713109,25278,549,0
NODE,0.758893,999,158233.060000,8324287645,25220,359,0
NODE,0.758893,999,159241.480000,9346583455,25219,3,0
NODE,0.758893,999,153894.080000,8493138383,25235,315,0
NODE,0.758893,999,153744.550000,8495434063,25237,568,0
NODE,0.758893,999,149794.760000,8435762653,25259,65,0
NODE,0.758893,999,162339.620000,9716004528,25207,63,0
NODE,0.758893,999,156955.900000,8244191668,25233,30,0
NODE,0.758893,999,149848.920000,7508263042,25273,312,0
NODE,0.758893,999,146286.310000,7550973196,25291,562,0
NODE,0.758893,999,149978.890000,7636506515,25274,277,0
NODE,0.758893,999,155368.810000,8306556329,25245,394,0
NODE,0.758893,999,152099.050000,7442791480,25262,447,0
NODE,0.758893,999,165570.080000,8406948471,25210,325,0
NODE,0.758893,999,157644.570000,8258307546,25238,576,0
NODE,0.758893,999,152364.570000,8105861138,25271,311,0
NODE,0.758893,999,143388.090000,7753057024,25329,78,0
NODE,0.758893,999,133236.720000,7303763290,25441,207,0
NODE,0.758893,999,150502.940000,8608698566,25285,309,0
NODE,0.758893,999,157877.820000,9172305062,25239,349,0
NODE,0.758893,999,137618.450000,6940622392,25392,545,0
NODE,0.758893,999,156239.780000,8210702450,25255,570,0
NODE,0.758893,999,149768.420000,7873399897,25288,219,0
NODE,0.758893,999,138119.360000,7535260652,25407,61,0
NODE,0.758893,999,161890.560000,9253950420,25234,149,0
NODE,0.758893,999,160192.190000,8719066987,25241,181,0
NODE,0.758893,999,135255.760000,7383276600,25446,201,0
NODE,0.758893,999,151618.520000,8072602258,25292,222,0
NODE,0.758893,999,143217.540000,8212925386,25374,127,0
NODE,0.758893,999,155334.470000,9008295386,25280,99,0
NODE,0.758893,999,157725.160000,8099542441,25267,412,0
NODE,0.758893,999,150837.270000,8509755935,25305,353,0
NODE,0.758893,999,155028.450000,7686222068,25289,306,0
NODE,0.758893,999,137605.200000,7620705068,25469,83,0
NODE,0.758893,999,149735.800000,7845486585,25332,363,0
NODE,0.758893,999,140278.590000,8049339847,25451,93,0
NODE,0.758893,999,149061.200000,7652086945,25360,293,0
NODE,0.758893,999,142426.240000,7595245398,25435,102,0
NODE,0.758893,999,141381.910000,7465756883,25452,588,0
NODE,0.758893,999,156514.000000,8515665241,25297,467,0
NODE,0.758893,999,146375.970000,7751431862,25400,319,0
NODE,0.758893,999,159830.860000,8996436469,25287,439,0
NODE,0.758893,999,146441.920000,7835367012,25401,167,0
NODE,0.758893,999,142516.130000,7655732602,25450,355,0
NODE,0.758893,999,142197.980000,7621741172,25455,419,0
NODE,0.758893,999,155485.070000,8856121233,25312,129,0
NODE,0.758893,999,160986.700000,8473338966,25284,269,0
NODE,0.758893,999,151208.150000,8379433371,25354,425,0
NODE,0.758893,999,144218.180000,7724470951,25432,177,0
NODE,0.758893,999,152241.590000,7301873987,25352,194,0
NODE,0.758893,999,155801.720000,8958465682,25317,369,0
NODE,0.758893,999,153912.230000,8565904613,25331,505,0
NODE,0.758893,999,145809.310000,7226970695,25422,449,0
NODE,0.758893,999,164233.730000,7941940907,25270,176,0
NODE,0.758893,999,146206.640000,7869398632,25431,137,0
NODE,0.758893,999,144505.030000,7490153075,25453,230,0
NODE,0.758893,999,151542.450000,7194584292,25372,387,0
NODE,0.758893,999,164017.780000,8641835430,25276,286,0
NODE,0.758893,999,146718.840000,7491602851,25430,485,0
NODE,0.758893,999,161285.990000,9072820436,25290,357,0
NODE,0.758893,999,143980.380000,7755901123,25470,597,0
NODE,0.758893,999,148279.240000,7971750373,25414,238,0
NODE,0.758893,999,150077.900000,8164815804,25396,69,0
NODE,0.758893,999,164393.830000,9319175070,25279,563,0
NODE,0.758893,999,154815.560000,7667143356,25351,596,0
NODE,0.758893,999,160911.960000,9387418785,25299,503,0
NODE,0.758893,999,146645.150000,7414167594,25442,464,0
NODE,0.758893,999,148775.750000,7108150204,25423,268,0
NODE,0.758893,999,156300.010000,8178920951,25340,45,0
NODE,0.758893,999,155450.980000,7872746018,25353,159,0
NODE,0.758893,999,154018.110000,7750272207,25370,80,0
NODE,0.758893,999,160794.500000,9481988511,25303,215,0
NODE,0.758893,999,162186.080000,8362278680,25300,291,0
NODE,0.758893,999,147826.440000,8182052473,25449,533,0
NODE,0.758893,999,152161.440000,8358910411,25397,79,0
NODE,0.758893,999,153607.050000,7940705138,25386,169,0
NODE,0.758893,999,159388.290000,8672105714,25323,561,0
NODE,0.758893,999,148958.020000,7909358823,25436,379,0
NODE,0.758893,999,155124.290000,7566820041,25371,382,0
NODE,0.758893,999,150678.880000,8557123840,25419,52,0
NODE,0.758893,999,147134.210000,7984582543,25468,121,0
NODE,0.758893,999,156602.570000,8957877878,25357,54,0
NODE,0.758893,999,163344.170000,9929710900,25298,91,0
NODE,0.758893,999,148662.990000,7854555136,25448,386,0
NODE,0.758893,999,161984.640000,9017024756,25307,25,0
NODE,0.758893,999,149030.150000,8914418756,25444,173,0
NODE,0.758893,999,159903.650000,8209712761,25327,495,0
NODE,0.758893,999,151771.530000,7729723166,25418,452,0
NODE,0.758893,999,152101.290000,7957253049,25416,265,0
NODE,0.758893,999,169193.360000,9086254132,25272,258,0
NODE,0.758893,999,152569.530000,8199000267,25411,175,0
NODE,0.758893,999,154112.030000,7377600477,25395,361,0
NODE,0.758893,999,150366.340000,8404758285,25440,179,0
NODE,0.758893,999,150527.910000,8220335733,25437,267,0
NODE,0.758893,999,165259.200000,9045304505,25295,206,0
NODE,0.758893,999,164908.080000,8832493423,25296,229,0
NODE,0.758893,999,149952.730000,7786751195,25447,340,0
NODE,0.758893,999,168498.560000,7889982238,25277,512,0
NODE,0.758893,999,163586.850000,9416309482,25308,17,0
NODE,0.758893,999,157093.380000,8477234144,25377,313,0
NODE,0.758893,999,159214.700000,8539859126,25361,19,0
NODE,0.758893,999,161431.610000,9420552153,25334,301,0
NODE,0.758893,999,162168.470000,9108861379,25330,9,0
NODE,0.758893,999,156951.220000,8243054938,25390,249,0
NODE,0.758893,999,155861.040000,8160016509,25404,49,0
NODE,0.758893,999,154929.580000,8603219087,25415,285,0
NODE,0.758893,999,170636.650000,8519402578,25281,214,0
NODE,0.758893,999,160505.630000,8563872864,25356,431,0
NODE,0.758893,999,155449.360000,8180093608,25413,460,0
NODE,0.758893,999,154726.230000,7889008811,25421,147,0
NODE,0.758893,999,167024.280000,9653293378,25301,51,0
NODE,0.758893,999,162913.980000,7859470868,25333,444,0
NODE,0.758893,999,162191.540000,8491719980,25344,354,0
NODE,0.758893,999,168572.390000,9200913622,25294,525,0
NODE,0.758893,999,161244.200000,8196130306,25355,70,0
NODE,0.758893,999,162803.660000,8799204598,25337,573,0
NODE,0.758893,999,168917.700000,7968782265,25293,508,0
NODE,0.758893,999,160810.000000,8676421205,25365,551,0
NODE,0.758893,999,159173.220000,7980442877,25385,423,0
NODE,0.758893,999,157913.840000,8232723830,25399,211,0
NODE,0.758893,999,173257.930000,9297112036,25275,76,0
NODE,0.758893,999,172540.360000,9166761248,25282,532,0
NODE,0.758893,999,157515.000000,7878056776,25410,251,0
NODE,0.758893,999,153710.070000,7910213933,25459,483,0
NODE,0.758893,999,153156.930000,8900679650,25472,401,0
NODE,0.758893,999,155449.440000,7607404826,25439,107,0
NODE,0.758893,999,159390.570000,8365421725,25394,421,0
NODE,0.758893,999,156595.380000,8622284313,25428,46,0
NODE,0.758893,999,165771.280000,8685400042,25328,278,0
NODE,0.758893,999,153485.680000,7653985699,25474,36,0
NODE,0.758893,999,167345.620000,8759668431,25314,402,0
NODE,0.758893,999,164247.250000,9242702163,25347,39,0
NODE,0.758893,999,164669.240000,8741670357,25343,210,0
NODE,0.758893,999,158145.560000,8347976535,25417,33,0
NODE,0.758893,999,167243.050000,9296750903,25319,131,0
NODE,0.758893,999,157238.800000,8753773159,25429,58,0
NODE,0.758893,999,165097.000000,8820640234,25349,228,0
NODE,0.758893,999,159344.540000,8089925721,25412,96,0
NODE,0.758893,999,166375.060000,9658469756,25335,50,0
NODE,0.758893,999,161816.290000,7571620888,25388,378,0
NODE,0.758893,999,155978.020000,8634027633,25457,203,0
NODE,0.758893,999,170724.210000,9346497001,25302,303,0
NODE,0.758893,999,161829.160000,8019903239,25389,595,0
NODE,0.758893,999,161190.620000,8210268492,25402,456,0
NODE,0.758893,999,166217.130000,9311562150,25348,415,0
NODE,0.758893,999,158150.340000,7212423316,25434,494,0
NODE,0.758893,999,167100.580000,8977970558,25338,190,0
NODE,0.758893,999,155397.910000,8300204026,25487,85,0
NODE,0.758893,999,159647.580000,8956605265,25427,56,0
NODE,0.758893,999,165145.380000,8524283053,25367,106,0
NODE,0.758893,999,162682.920000,8884361420,25393,123,0
NODE,0.758893,999,170427.390000,9662510049,25316,5,0
NODE,0.758893,999,155370.250000,8135991595,25496,373,0
NODE,0.758893,999,157175.860000,8665138128,25467,413,0
NODE,0.758893,999,165944.840000,8435825346,25364,567,0
NODE,0.758893,999,167657.170000,8803163324,25345,459,0
NODE,0.758893,999,162162.380000,8536588929,25406,346,0
NODE,0.758893,999,160489.970000,8067336506,25425,584,0
NODE,0.758893,999,157123.990000,8359422095,25476,388,0
NODE,0.758893,999,171522.840000,9765331438,25311,307,0
NODE,0.758893,999,169877.690000,9453381434,25326,399,0
NODE,0.758893,999,157184.770000,8514704344,25481,521,0
NODE,0.758893,999,168343.550000,8209298722,25342,154,0
NODE,0.758893,999,168497.800000,8246426589,25341,101,0
NODE,0.758893,999,157888.170000,7611788115,25473,528,0
NODE,0.758893,999,165922.840000,8436123949,25379,197,0
NODE,0.758893,999,159452.970000,8452358242,25458,157,0
NODE,0.758893,999,162249.270000,7972157756,25424,246,0
NODE,0.758893,999,160547.640000,8370346802,25445,288,0
NODE,0.758893,999,166296.550000,8612570210,25381,287,0
NODE,0.758893,999,174003.260000,9358329531,25304,64,0
NODE,0.758893,999,168612.830000,8693721660,25359,481,0
NODE,0.758893,999,162870.430000,7834966746,25426,454,0
NODE,0.758893,999,166916.640000,9021405919,25384,253,0
NODE,0.758893,999,174081.480000,9581727091,25310,356,0
NODE,0.758893,999,166387.370000,8370533102,25391,417,0
NODE,0.758893,999,172727.270000,8449802780,25324,554,0
NODE,0.758893,999,161955.220000,9275234518,25443,513,0
NODE,0.758893,999,169256.700000,8442873994,25363,575,0
NODE,0.758893,999,174054.840000,9755261900,25318,234,0
NODE,0.758893,999,169785.830000,8738645968,25362,405,0
NODE,0.758893,999,166013.220000,8260214695,25405,548,0
NODE,0.758893,999,172117.000000,8749500316,25336,130,0
NODE,0.758893,999,169460.900000,8671727931,25368,68,0
NODE,0.758893,999,168767.320000,8621995160,25380,501,0
NODE,0.758893,999,168311.370000,7865696933,25387,84,0
NODE,0.758893,999,176062.310000,9413361317,25309,477,0
NODE,0.758893,999,169042.310000,8293653943,25383,289,0
NODE,0.758893,999,163152.580000,8982870933,25463,358,0
NODE,0.758893,999,162823.990000,8221553616,25466,331,0
NODE,0.758893,999,177702.270000,9154622242,25306,22,0
NODE,0.758893,999,163321.270000,9140708710,25465,526,0
NODE,0.758893,999,176119.850000,9590609838,25322,163,0
NODE,0.758893,999,168622.720000,8307549496,25403,34,0
NODE,0.758893,999,171690.570000,9325827511,25375,299,0
NODE,0.758893,999,168452.920000,9322699086,25409,509,0
NODE,0.758893,999,169006.930000,8578678160,25408,208,0
NODE,0.758893,999,177315.340000,10918419360,25321,81,0
NODE,0.758893,999,164934.490000,8821098769,25471,221,0
NODE,0.758893,999,173567.200000,8545506980,25369,105,0
NODE,0.758893,999,164329.310000,9684679206,25499,73,0
NODE,0.758893,999,185887.120000,9442474140,25283,318,0
NODE,0.758893,999,167048.990000,8616301298,25460,155,0
NODE,0.758893,999,180180.480000,9999015940,25315,317,0
NODE,0.758893,999,166073.090000,8288035664,25486,86,0
NODE,0.758893,999,180322.390000,9244889743,25320,564,0
NODE,0.758893,999,175965.890000,8692482607,25366,470,0
NODE,0.758893,999,167058.330000,8558413196,25478,274,0
NODE,0.758893,999,165781.050000,9086985548,25497,581,0
NODE,0.758893,999,178915.490000,10018541657,25339,352,0
NODE,0.758893,999,175931.790000,9023633164,25382,529,0
NODE,0.758893,999,170872.780000,8609464268,25438,110,0
NODE,0.758893,999,171348.800000,9014274232,25433,385,0
NODE,0.758893,999,176720.770000,8825391691,25378,187,0
NODE,0.758893,999,168329.320000,8997889618,25498,599,0
NODE,0.758893,999,178392.450000,9231136561,25373,463,0
NODE,0.758893,999,183353.300000,8342484710,25325,6,0
NODE,0.758893,999,185294.890000,9488161028,25313,189,0
NODE,0.758893,999,182103.270000,10063219995,25346,185,0
NODE,0.758893,999,182065.390000,9672821115,25350,184,0
NODE,0.758893,999,171534.320000,8851627549,25485,48,0
NODE,0.758893,999,171918.240000,9361904859,25482,21,0
NODE,0.758893,999,172598.710000,8343012981,25484,98,0
NODE,0.758893,999,173298.700000,9283289496,25479,247,0
NODE,0.758893,999,178181.260000,8981989456,25420,198,0
NODE,0.758893,999,185329.450000,9123261517,25358,516,0
NODE,0.758893,999,174207.630000,7960833747,25500,320,0
NODE,0.758893,999,174774.300000,9321540182,25494,125,0
NODE,0.758893,999,178015.140000,9173906651,25464,240,0
NODE,0.758893,999,179350.820000,8910052924,25462,362,0
NODE,0.758893,999,178788.000000,9026148571,25477,586,0
NODE,0.758893,999,180420.420000,9658523861,25456,489,0
NODE,0.758893,999,179025.770000,8249283404,25488,298,0
NODE,0.758893,999,180993.050000,9791277720,25492,416,0
NODE,0.758893,999,181899.160000,9449872339,25490,72,0
NODE,0.758893,999,183644.640000,9227679477,25493,134,0
NODE,0.758893,999,184402.010000,9882597145,25491,245,0
NODE,0.758893,999,185391.500000,10221248081,25483,435,0
NODE,0.758893,999,196367.430000,9252213490,25376,372,0
NODE,0.758893,999,191670.160000,9388965880,25454,334,0
NODE,0.758893,999,193032.310000,9799468339,25475,544,0
NODE,0.758893,999,194796.190000,9588119071,25461,158,0
NODE,0.758893,999,199930.850000,10479944546,25398,474,0
NODE,0.758893,999,198182.280000,9348123352,25489,104,0
NODE,0.758893,999,201035.900000,9257574792,25495,335,0
NODE,0.758893,999,202489.300000,9736965020,25480,486,0
