NODE,0.758893,999,36917.320000,7401442788,10018,28,0
NODE,0.758893,999,39297.700000,7862094590,10003,7,0
NODE,0.758893,999,39446.480000,7708921339,10011,19,0
NODE,0.758893,999,39521.000000,8022872356,10014,22,0
NODE,0.758893,999,39923.950000,8679656792,10017,27,0
NODE,0.758893,999,40277.750000,7863249301,10010,18,0
NODE,0.758893,999,40292.700000,7753413204,10001,3,0
NODE,0.758893,999,40986.640000,7906384545,10004,8,0
NODE,0.758893,999,41106.260000,8139890032,10027,36,0
NODE,0.758893,999,41183.850000,8846047885,10015,23,0
NODE,0.758893,999,41579.400000,8462108820,10025,25,0
NODE,0.758893,999,41601.080000,8473909735,10002,5,0
NODE,0.758893,999,41635.410000,8410193019,10026,2,0
NODE,0.758893,999,41811.810000,8198057721,10008,16,0
NODE,0.758893,999,42089.550000,8061345881,10043,58,0
NODE,0.758893,999,42127.670000,8052233447,10067,76,0
NODE,0.758893,999,42237.190000,9002181066,10029,1,0
NODE,0.758893,999,42286.690000,8770974973,10022,37,0
NODE,0.758893,999,42371.030000,9085112291,10020,33,0
NODE,0.758893,999,42497.640000,8510578623,10028,9,0
NODE,0.758893,999,42622.850000,7844132968,10051,61,0
NODE,0.758893,999,42833.590000,8687832823,10019,30,0
NODE,0.758893,999,42835.520000,8211989266,10005,10,0
NODE,0.758893,999,42916.440000,8177221867,10048,44,0
NODE,0.758893,999,43017.640000,7610361991,10044,67,0
NODE,0.758893,999,43117.730000,8391523856,10054,64,0
NODE,0.758893,999,43187.590000,8717717230,10012,20,0
NODE,0.758893,999,43342.710000,8896695106,10033,35,0
NODE,0.758893,999,43504.650000,8705903734,10078,54,0
NODE,0.758893,999,43727.000000,8633210135,10079,72,0
NODE,0.758893,999,43879.440000,9167804005,10036,39,0
NODE,0.758893,999,43905.550000,8903549047,10009,17,0
NODE,0.758893,999,43914.270000,8101754520,10023,38,0
NODE,0.758893,999,43948.600000,8255461053,10065,62,0
NODE,0.758893,999,44225.520000,9385928253,10021,34,0
NODE,0.758893,999,44242.170000,8054109717,10069,45,0
NODE,0.758893,999,44361.390000,8548204154,10038,24,0
NODE,0.758893,999,44504.920000,8707923513,10049,56,0
NODE,0.758893,999,44588.910000,8735390950,10034,6,0
NODE,0.758893,999,44751.120000,9020051635,10040,69,0
NODE,0.758893,999,44891.540000,9115553829,10007,14,0
NODE,0.758893,999,44895.920000,8578941692,10053,79,0
NODE,0.758893,999,44944.610000,8871667552,10035,32,0
NODE,0.758893,999,45131.620000,9090888786,10013,21,0
NODE,0.758893,999,45317.830000,8628866217,10024,31,0
NODE,0.758893,999,45367.440000,9063109879,10066,43,0
NODE,0.758893,999,45376.950000,10338944903,10016,26,0
NODE,0.758893,999,45415.380000,8352049253,10050,68,0
NODE,0.758893,999,45453.470000,9305343197,10042,70,0
NODE,0.758893,999,45525.470000,9751463650,10059,74,0
NODE,0.758893,999,45525.970000,9412493514,10077,63,0
NODE,0.758893,999,45717.340000,9091808517,10031,11,0
NODE,0.758893,999,45731.280000,9523696545,10071,53,0
NODE,0.758893,999,45740.170000,8689995296,10063,49,0
NODE,0.758893,999,45940.970000,9061707520,10060,65,0
NODE,0.758893,999,45956.320000,8685175966,10064,66,0
NODE,0.758893,999,45965.310000,8197014037,10056,42,0
NODE,0.758893,999,46371.590000,9541777160,10030,4,0
NODE,0.758893,999,46493.560000,8899189265,10045,77,0
NODE,0.758893,999,46587.370000,9463663193,10032,12,0
NODE,0.758893,999,46951.580000,9479034999,10076,75,0
NODE,0.758893,999,47565.050000,9758355575,10062,41,0
NODE,0.758893,999,47586.080000,9761969818,10072,40,0
NODE,0.758893,999,47937.400000,9745901309,10039,15,0
NODE,0.758893,999,48069.580000,9276696058,10006,13,0
NODE,0.758893,999,48250.350000,9680794086,10070,59,0
NODE,0.758893,999,48341.850000,9258108079,10057,55,0
NODE,0.758893,999,48411.460000,9877507691,10073,48,0
NODE,0.758893,999,48465.290000,10661584635,10058,47,0
NODE,0.758893,999,48496.070000,10090519061,10075,60,0
NODE,0.758893,999,48555.720000,9162420501,10052,57,0
NODE,0.758893,999,48604.010000,10443863560,10037,29,0
NODE,0.758893,999,48709.720000,9739264161,10061,78,0
NODE,0.758893,999,49856.080000,9886586840,10046,71,0
NODE,0.758893,999,49872.390000,10097207361,10047,73,0
NODE,0.758893,999,51137.010000,9873028446,10055,51,0
NODE,0.758893,999,51594.870000,10743439286,10068,50,0
NODE,0.758893,999,51705.410000,11096942552,10041,52,0
NODE,0.758893,999,52191.640000,9797454446,10074,46,0
NODE,0.758893,999,41099.980000,7686339248,10080,28,0
NODE,0.758893,999,40101.530000,8149767008,10081,7,0
NODE,0.758893,999,40494.430000,8347981009,10091,5,0
NODE,0.758893,999,42121.860000,7986634012,10086,3,0
NODE,0.758893,999,42369.060000,7993945687,10085,18,0
NODE,0.758893,999,41183.220000,8225789063,10092,2,0
NODE,0.758893,999,42268.360000,8459785131,10087,8,0
NODE,0.758893,999,43784.050000,9417411298,10084,27,0
NODE,0.758893,999,42435.720000,8369953569,10093,16,0
NODE,0.758893,999,44803.370000,9169916489,10083,22,0
NODE,0.758893,999,42159.760000,8714149160,10096,1,0
NODE,0.758893,999,45042.560000,8620978733,10082,19,0
NODE,0.758893,999,43594.940000,8473646936,10088,36,0
NODE,0.758893,999,45018.040000,9531534208,10089,23,0
NODE,0.758893,999,41339.980000,8603956394,10120,14,0
NODE,0.758893,999,44770.190000,9314403771,10095,76,0
NODE,0.758893,999,43755.570000,8908137826,10112,38,0
NODE,0.758893,999,44475.590000,9526132188,10107,35,0
NODE,0.758893,999,45506.550000,8825785451,10099,9,0
NODE,0.758893,999,43795.830000,8473503439,10116,24,0
NODE,0.758893,999,46837.810000,10006754608,10090,25,0
NODE,0.758893,999,46517.100000,9555874720,10094,58,0
NODE,0.758893,999,46265.250000,9486568773,10098,33,0
NODE,0.758893,999,45907.760000,9895205302,10108,54,0
NODE,0.758893,999,46959.740000,9621452632,10100,61,0
NODE,0.758893,999,44236.770000,9355622204,10128,70,0
NODE,0.758893,999,46547.960000,10099431284,10106,20,0
NODE,0.758893,999,45484.200000,8735221087,10117,56,0
NODE,0.758893,999,47412.760000,9696777444,10102,10,0
NODE,0.758893,999,45675.240000,9815105838,10118,6,0
NODE,0.758893,999,41982.700000,8128736510,10147,48,0
NODE,0.758893,999,45632.910000,8968273186,10122,32,0
NODE,0.758893,999,46843.950000,9011790976,10113,62,0
NODE,0.758893,999,45053.670000,9095516079,10133,49,0
NODE,0.758893,999,43237.640000,8579920632,10141,41,0
NODE,0.758893,999,45298.180000,8781524389,10129,74,0
NODE,0.758893,999,44357.720000,9760246481,10138,77,0
NODE,0.758893,999,45531.300000,8718482507,10125,43,0
NODE,0.758893,999,47898.900000,9523058728,10105,64,0
NODE,0.758893,999,47392.830000,9594905843,10109,72,0
NODE,0.758893,999,46895.200000,9264058054,10115,45,0
NODE,0.758893,999,45476.070000,9314727859,10132,53,0
NODE,0.758893,999,45342.540000,9184714346,10136,42,0
NODE,0.758893,999,43158.010000,9568547518,10145,59,0
NODE,0.758893,999,46641.060000,9268425648,10121,79,0
NODE,0.758893,999,46040.950000,9430194614,10130,63,0
NODE,0.758893,999,47732.970000,9306007180,10110,39,0
NODE,0.758893,999,43223.650000,8612372004,10148,47,0
NODE,0.758893,999,45122.640000,9511174556,10139,12,0
NODE,0.758893,999,49479.720000,10682103724,10097,37,0
NODE,0.758893,999,46499.300000,9181352839,10124,31,0
NODE,0.758893,999,46613.550000,9748304207,10126,26,0
NODE,0.758893,999,48461.270000,10240777058,10111,17,0
NODE,0.758893,999,43960.350000,8475611339,10150,57,0
NODE,0.758893,999,49915.220000,10535974141,10103,44,0
NODE,0.758893,999,46687.400000,10132327852,10137,4,0
NODE,0.758893,999,44782.230000,9266228237,10146,55,0
NODE,0.758893,999,48041.570000,9917964212,10127,68,0
NODE,0.758893,999,45972.630000,9039679112,10142,40,0
NODE,0.758893,999,47858.710000,10203668340,10131,11,0
NODE,0.758893,999,47698.230000,9938612520,10134,65,0
NODE,0.758893,999,49459.630000,10022126528,10114,34,0
NODE,0.758893,999,50682.340000,10338953179,10104,67,0
NODE,0.758893,999,47878.160000,9500671125,10135,66,0
NODE,0.758893,999,46276.700000,9255377556,10143,15,0
NODE,0.758893,999,47587.200000,10206555664,10140,75,0
NODE,0.758893,999,46528.470000,9479528763,10149,60,0
NODE,0.758893,999,45219.790000,8808706909,10154,73,0
NODE,0.758893,999,47126.300000,10058815097,10144,13,0
NODE,0.758893,999,46947.070000,9311616873,10152,78,0
NODE,0.758893,999,50548.090000,10348902321,10123,21,0
NODE,0.758893,999,50938.560000,10759849730,10119,69,0
NODE,0.758893,999,53053.830000,12036429400,10101,30,0
NODE,0.758893,999,47024.050000,9095034152,10153,71,0
NODE,0.758893,999,49181.140000,10231875089,10151,29,0
NODE,0.758893,999,46484.800000,9479814529,10157,52,0
NODE,0.758893,999,46072.260000,8912523735,10158,46,0
NODE,0.758893,999,47261.960000,10118952900,10155,51,0
NODE,0.758893,999,48411.030000,9828605382,10156,50,0
NODE,0.758893,999,40272.690000,7805207364,10164,2,0
NODE,0.758893,999,41680.270000,7973317361,10162,3,0
NODE,0.758893,999,41530.750000,8530517224,10163,18,0
NODE,0.758893,999,42584.250000,8314025381,10171,36,0
NODE,0.758893,999,42899.490000,8470501957,10169,1,0
NODE,0.758893,999,49295.100000,9738281266,10159,28,0
NODE,0.758893,999,42277.220000,8301227050,10173,14,0
NODE,0.758893,999,49548.690000,9806546866,10160,7,0
NODE,0.758893,999,44911.750000,8785475988,10170,19,0
NODE,0.758893,999,46669.720000,9501079172,10166,27,0
NODE,0.758893,999,46310.460000,9456659990,10167,16,0
NODE,0.758893,999,47695.640000,9291058912,10165,8,0
NODE,0.758893,999,49207.680000,10256944641,10161,5,0
NODE,0.758893,999,47335.260000,8960804421,10168,22,0
NODE,0.758893,999,44236.920000,8636276248,10176,35,0
NODE,0.758893,999,41479.090000,8455123070,10191,62,0
NODE,0.758893,999,46247.590000,9850840746,10174,76,0
NODE,0.758893,999,42439.310000,7854270563,10194,74,0
NODE,0.758893,999,42815.420000,8129234974,10192,49,0
NODE,0.758893,999,43098.220000,8620367027,10190,32,0
NODE,0.758893,999,43925.350000,8645476765,10187,10,0
NODE,0.758893,999,48053.610000,9389413791,10172,23,0
NODE,0.758893,999,45866.440000,8971809748,10180,58,0
NODE,0.758893,999,43727.880000,8004102303,10193,41,0
NODE,0.758893,999,44658.980000,8816371011,10188,6,0
NODE,0.758893,999,46161.590000,8081296020,10184,70,0
NODE,0.758893,999,45586.000000,9207093258,10189,48,0
NODE,0.758893,999,42476.550000,8052938925,10217,40,0
NODE,0.758893,999,48432.740000,9702693608,10175,38,0
NODE,0.758893,999,45391.050000,8471540496,10195,77,0
NODE,0.758893,999,44365.820000,8380603672,10210,26,0
NODE,0.758893,999,45241.260000,8481807606,10199,45,0
NODE,0.758893,999,43185.300000,7473787499,10216,68,0
NODE,0.758893,999,48105.760000,9089626830,10181,33,0
NODE,0.758893,999,47281.490000,8964417490,10183,61,0
NODE,0.758893,999,46264.480000,8394101659,10196,43,0
NODE,0.758893,999,47994.570000,9261154636,10182,54,0
NODE,0.758893,999,47746.120000,9765347606,10185,20,0
NODE,0.758893,999,46030.030000,8939475767,10206,47,0
NODE,0.758893,999,49811.420000,9906636563,10177,9,0
NODE,0.758893,999,49602.350000,9983949997,10179,25,0
NODE,0.758893,999,45859.770000,8490573861,10211,17,0
NODE,0.758893,999,46552.020000,9114060562,10208,37,0
NODE,0.758893,999,51083.010000,10986278799,10178,24,0
NODE,0.758893,999,47977.510000,8864747392,10202,59,0
NODE,0.758893,999,49661.310000,9894294233,10186,56,0
NODE,0.758893,999,46853.300000,8812266150,10213,44,0
NODE,0.758893,999,47364.700000,9273227032,10212,57,0
NODE,0.758893,999,46220.630000,8423701057,10221,67,0
NODE,0.758893,999,48758.240000,9430123285,10201,42,0
NODE,0.758893,999,46957.340000,8433062544,10215,55,0
NODE,0.758893,999,48761.750000,8852732551,10203,79,0
NODE,0.758893,999,47080.200000,8623806782,10218,11,0
NODE,0.758893,999,50238.930000,10169229886,10197,64,0
NODE,0.758893,999,48389.280000,9319907854,10214,4,0
NODE,0.758893,999,48088.990000,9082224943,10219,65,0
NODE,0.758893,999,43593.550000,7993019643,10234,52,0
NODE,0.758893,999,50725.110000,9775228272,10200,53,0
NODE,0.758893,999,50299.900000,9141505244,10209,31,0
NODE,0.758893,999,46641.740000,8588659011,10228,78,0
NODE,0.758893,999,49079.430000,9373115962,10220,34,0
NODE,0.758893,999,51099.400000,9978880490,10207,12,0
NODE,0.758893,999,48330.580000,9496988255,10224,75,0
NODE,0.758893,999,51647.630000,10071204555,10204,63,0
NODE,0.758893,999,51730.550000,10293819570,10205,39,0
NODE,0.758893,999,47805.990000,9212019949,10230,69,0
NODE,0.758893,999,48335.940000,9725878369,10227,13,0
NODE,0.758893,999,52546.330000,10182038606,10198,72,0
NODE,0.758893,999,49888.290000,9635274321,10222,66,0
NODE,0.758893,999,48049.820000,9037970406,10229,21,0
NODE,0.758893,999,48418.470000,9471975734,10231,30,0
NODE,0.758893,999,49303.370000,9598275274,10226,73,0
NODE,0.758893,999,46710.450000,8944309436,10233,29,0
NODE,0.758893,999,47414.630000,8821252389,10236,51,0
NODE,0.758893,999,46686.230000,8727001929,10237,50,0
NODE,0.758893,999,53123.860000,9845217563,10223,15,0
NODE,0.758893,999,52698.070000,10420106152,10225,60,0
NODE,0.758893,999,51491.680000,9990168101,10232,71,0
NODE,0.758893,999,50980.510000,9723060532,10235,46,0
NODE,0.758893,999,43770.940000,8362540346,10239,3,0
NODE,0.758893,999,38764.850000,7255323219,10246,19,0
NODE,0.758893,999,44190.990000,8358294251,10240,18,0
NODE,0.758893,999,41944.550000,8113468719,10242,1,0
NODE,0.758893,999,42649.130000,8022637179,10241,36,0
NODE,0.758893,999,48008.700000,10062950032,10238,2,0
NODE,0.758893,999,45863.120000,9113781517,10243,28,0
NODE,0.758893,999,42128.620000,8057443987,10251,22,0
NODE,0.758893,999,45306.930000,8270433421,10244,14,0
NODE,0.758893,999,43309.460000,8186393848,10248,16,0
NODE,0.758893,999,45037.330000,9123023677,10245,7,0
NODE,0.758893,999,43812.440000,8673691684,10247,27,0
NODE,0.758893,999,38775.020000,7233999209,10264,48,0
NODE,0.758893,999,43945.930000,8917031384,10249,8,0
NODE,0.758893,999,38204.060000,7110888459,10272,61,0
NODE,0.758893,999,43668.400000,8579177389,10252,35,0
NODE,0.758893,999,38454.020000,7004018221,10277,9,0
NODE,0.758893,999,44481.790000,9087667625,10253,62,0
NODE,0.758893,999,40034.870000,7599255096,10271,33,0
NODE,0.758893,999,45822.500000,8955540747,10250,5,0
NODE,0.758893,999,41345.180000,7857847587,10263,70,0
NODE,0.758893,999,43032.980000,8159241400,10258,10,0
NODE,0.758893,999,42776.960000,8007937773,10261,41,0
NODE,0.758893,999,41285.750000,7980352120,10266,38,0
NODE,0.758893,999,43258.170000,7633281479,10259,23,0
NODE,0.758893,999,43025.390000,8000712850,10262,6,0
NODE,0.758893,999,41718.740000,7472397002,10270,68,0
NODE,0.758893,999,42011.050000,8748443640,10269,45,0
NODE,0.758893,999,45264.140000,8635441876,10254,76,0
NODE,0.758893,999,45495.530000,8792522309,10255,74,0
NODE,0.758893,999,42811.330000,8218780346,10268,26,0
NODE,0.758893,999,41770.330000,7827483021,10275,20,0
NODE,0.758893,999,42056.140000,8260864272,10276,47,0
NODE,0.758893,999,41790.450000,7262116405,10278,25,0
NODE,0.758893,999,40054.750000,7126412356,10288,55,0
NODE,0.758893,999,45690.710000,8401139159,10260,58,0
NODE,0.758893,999,42116.370000,7576916517,10279,17,0
NODE,0.758893,999,41335.830000,7517888372,10281,24,0
NODE,0.758893,999,42796.150000,8354702300,10280,37,0
NODE,0.758893,999,41689.030000,7495248594,10286,67,0
NODE,0.758893,999,41328.830000,7208081394,10289,79,0
NODE,0.758893,999,48171.670000,9525160279,10257,32,0
NODE,0.758893,999,42229.580000,7327889847,10284,44,0
NODE,0.758893,999,46159.480000,9335491707,10265,40,0
NODE,0.758893,999,45034.720000,8707782256,10273,43,0
NODE,0.758893,999,42611.040000,7500588273,10283,56,0
NODE,0.758893,999,41865.150000,7542978154,10290,11,0
NODE,0.758893,999,47844.280000,8843749510,10267,77,0
NODE,0.758893,999,44549.520000,8195472471,10285,57,0
NODE,0.758893,999,44739.220000,8050902145,10287,42,0
NODE,0.758893,999,41527.780000,8241058577,10307,21,0
NODE,0.758893,999,40758.800000,8164862422,10310,29,0
NODE,0.758893,999,51965.130000,10891578239,10256,49,0
NODE,0.758893,999,44084.330000,8038169896,10294,52,0
NODE,0.758893,999,44237.110000,8202500126,10293,65,0
NODE,0.758893,999,46604.840000,8358278954,10282,59,0
NODE,0.758893,999,40282.220000,7417349850,10311,51,0
NODE,0.758893,999,41915.490000,8097690730,10309,73,0
NODE,0.758893,999,43703.000000,8115226570,10299,12,0
NODE,0.758893,999,49343.510000,9431610385,10274,54,0
NODE,0.758893,999,42673.340000,8596707329,10308,30,0
NODE,0.758893,999,43897.920000,7941073414,10304,13,0
NODE,0.758893,999,44264.080000,7996596986,10301,63,0
NODE,0.758893,999,44814.910000,8523684024,10298,34,0
NODE,0.758893,999,43971.770000,8131674008,10305,72,0
NODE,0.758893,999,46632.390000,8658575999,10291,64,0
NODE,0.758893,999,45885.280000,8638774818,10297,78,0
NODE,0.758893,999,47281.020000,9489288408,10292,4,0
NODE,0.758893,999,45656.950000,8519040131,10302,39,0
NODE,0.758893,999,46919.490000,9052461579,10296,31,0
NODE,0.758893,999,47469.250000,9207492991,10295,53,0
NODE,0.758893,999,42248.100000,7929687237,10313,15,0
NODE,0.758893,999,46804.120000,8994279791,10303,69,0
NODE,0.758893,999,48174.450000,9081500747,10300,75,0
NODE,0.758893,999,44623.240000,8921618744,10312,50,0
NODE,0.758893,999,47775.070000,8933460877,10306,66,0
NODE,0.758893,999,43779.740000,7902309227,10316,46,0
NODE,0.758893,999,47106.840000,9235362502,10315,71,0
NODE,0.758893,999,48906.120000,10010045525,10314,60,0
NODE,0.758893,999,43463.940000,8366998468,10319,18,0
NODE,0.758893,999,44664.190000,8563456076,10318,19,0
NODE,0.758893,999,44756.450000,8186213795,10320,1,0
NODE,0.758893,999,46803.340000,8832119525,10317,3,0
NODE,0.758893,999,46731.540000,8483766547,10321,36,0
NODE,0.758893,999,43814.250000,9170693283,10326,16,0
NODE,0.758893,999,40865.620000,8129978998,10336,5,0
NODE,0.758893,999,44113.330000,8303569446,10330,8,0
NODE,0.758893,999,41984.370000,7830491945,10338,10,0
NODE,0.758893,999,45411.680000,9095602243,10324,22,0
NODE,0.758893,999,44612.350000,9201289167,10329,48,0
NODE,0.758893,999,41705.720000,8218399014,10342,6,0
NODE,0.758893,999,44621.790000,8969993366,10331,61,0
NODE,0.758893,999,42406.380000,8328047331,10340,38,0
NODE,0.758893,999,48869.550000,8837986368,10322,2,0
NODE,0.758893,999,45990.530000,8444223325,10328,27,0
NODE,0.758893,999,44549.640000,8619252828,10332,35,0
NODE,0.758893,999,40541.660000,7257079472,10349,47,0
NODE,0.758893,999,43273.910000,8007754995,10341,23,0
NODE,0.758893,999,47462.060000,9757045067,10327,7,0
NODE,0.758893,999,44383.880000,8282334281,10339,41,0
NODE,0.758893,999,43511.690000,8040676965,10345,76,0
NODE,0.758893,999,43558.760000,8438568982,10344,45,0
NODE,0.758893,999,43201.530000,7831935066,10346,74,0
NODE,0.758893,999,45187.990000,8526291311,10335,33,0
NODE,0.758893,999,45163.120000,8580854229,10337,70,0
NODE,0.758893,999,45616.780000,10170000223,10334,62,0
NODE,0.758893,999,42417.060000,7767442335,10352,58,0
NODE,0.758893,999,49948.990000,9263072083,10323,28,0
NODE,0.758893,999,49495.510000,9928877727,10325,14,0
NODE,0.758893,999,42306.690000,8125698444,10355,37,0
NODE,0.758893,999,47427.590000,9332797540,10333,9,0
NODE,0.758893,999,42208.510000,7906462273,10360,40,0
NODE,0.758893,999,40339.440000,7810290702,10364,77,0
NODE,0.758893,999,44660.070000,8939889050,10351,55,0
NODE,0.758893,999,46109.130000,8818557878,10348,20,0
NODE,0.758893,999,47536.060000,9485407480,10343,68,0
NODE,0.758893,999,41586.230000,7783011535,10365,57,0
NODE,0.758893,999,45835.700000,8624614497,10354,24,0
NODE,0.758893,999,47844.300000,9101657652,10347,26,0
NODE,0.758893,999,44778.590000,8766162066,10362,56,0
NODE,0.758893,999,47274.760000,9318005035,10350,25,0
NODE,0.758893,999,40752.600000,7610424758,10376,54,0
NODE,0.758893,999,45858.490000,8886052308,10359,44,0
NODE,0.758893,999,45634.960000,8864454530,10361,43,0
NODE,0.758893,999,47899.890000,9193555529,10353,17,0
NODE,0.758893,999,46694.460000,9290272445,10358,32,0
NODE,0.758893,999,41371.170000,7938269942,10381,72,0
NODE,0.758893,999,47518.190000,9850515018,10357,79,0
NODE,0.758893,999,46665.250000,8824640614,10363,11,0
NODE,0.758893,999,41880.040000,8226036516,10380,34,0
NODE,0.758893,999,43392.510000,8469461692,10373,51,0
NODE,0.758893,999,43704.990000,7784744802,10371,65,0
NODE,0.758893,999,45190.720000,9080807811,10366,42,0
NODE,0.758893,999,43114.370000,8557202085,10377,30,0
NODE,0.758893,999,44334.770000,8597595556,10370,52,0
NODE,0.758893,999,42769.240000,8623862804,10378,13,0
NODE,0.758893,999,44966.330000,8206410783,10368,29,0
NODE,0.758893,999,48898.910000,9486800904,10356,67,0
NODE,0.758893,999,44044.800000,9270954862,10375,12,0
NODE,0.758893,999,45001.790000,8600571592,10369,49,0
NODE,0.758893,999,45647.230000,8855095990,10367,21,0
NODE,0.758893,999,41693.350000,7816537223,10387,53,0
NODE,0.758893,999,45290.290000,9033658629,10372,59,0
NODE,0.758893,999,43823.990000,8004540433,10379,63,0
NODE,0.758893,999,44045.170000,8530207896,10382,64,0
NODE,0.758893,999,43298.270000,8370360451,10386,31,0
NODE,0.758893,999,43366.890000,8175056321,10388,15,0
NODE,0.758893,999,45148.780000,8630532213,10383,78,0
NODE,0.758893,999,47818.420000,9500021934,10374,73,0
NODE,0.758893,999,45963.870000,8982917526,10385,39,0
NODE,0.758893,999,47446.970000,9791497241,10384,4,0
NODE,0.758893,999,44768.550000,8413002363,10392,66,0
NODE,0.758893,999,48508.110000,8933933267,10389,69,0
NODE,0.758893,999,47750.640000,8913498804,10391,50,0
NODE,0.758893,999,48336.660000,9099076469,10390,75,0
NODE,0.758893,999,46380.990000,8517893277,10394,71,0
NODE,0.758893,999,46749.460000,8748752875,10395,60,0
NODE,0.758893,999,51189.440000,9995729180,10393,46,0
NODE,0.758893,999,38085.870000,7247509727,10414,23,0
NODE,0.758893,999,48782.500000,9721521424,10396,18,0
NODE,0.758893,999,42710.550000,7694488405,10402,5,0
NODE,0.758893,999,47993.690000,8664028972,10399,3,0
NODE,0.758893,999,46470.400000,9374544345,10400,36,0
NODE,0.758893,999,44178.060000,8928482708,10407,6,0
NODE,0.758893,999,44489.860000,8172189159,10409,38,0
NODE,0.758893,999,50353.610000,9480237973,10398,1,0
NODE,0.758893,999,42197.350000,7739380733,10423,58,0
NODE,0.758893,999,42811.700000,7699158675,10420,33,0
NODE,0.758893,999,52435.420000,10074243134,10397,19,0
NODE,0.758893,999,44167.940000,8050456763,10415,7,0
NODE,0.758893,999,43893.960000,7713429486,10418,45,0
NODE,0.758893,999,41062.180000,7242665786,10430,55,0
NODE,0.758893,999,48673.090000,9505662653,10401,16,0
NODE,0.758893,999,44946.820000,8389652695,10416,41,0
NODE,0.758893,999,39852.830000,6772753911,10436,56,0
NODE,0.758893,999,42883.600000,8119534630,10429,77,0
NODE,0.758893,999,45403.070000,8032094057,10417,76,0
NODE,0.758893,999,45030.320000,8015501925,10422,62,0
NODE,0.758893,999,44301.440000,8310857918,10426,37,0
NODE,0.758893,999,45368.030000,8360182108,10421,70,0
NODE,0.758893,999,38773.190000,6960469519,10443,72,0
NODE,0.758893,999,48727.380000,9243473059,10404,10,0
NODE,0.758893,999,47606.100000,9523851936,10413,47,0
NODE,0.758893,999,42084.620000,7387178251,10432,68,0
NODE,0.758893,999,44974.590000,8385454898,10424,28,0
NODE,0.758893,999,46199.680000,8461952411,10419,74,0
NODE,0.758893,999,41236.160000,7382907113,10435,26,0
NODE,0.758893,999,45071.880000,8343280680,10425,14,0
NODE,0.758893,999,49763.950000,9811022591,10405,22,0
NODE,0.758893,999,49972.800000,9777954006,10403,8,0
NODE,0.758893,999,49653.730000,9521235364,10406,48,0
NODE,0.758893,999,49502.570000,9370898387,10408,61,0
NODE,0.758893,999,43309.390000,7953830354,10433,57,0
NODE,0.758893,999,45631.860000,8588280149,10427,9,0
NODE,0.758893,999,45292.490000,7761572028,10428,40,0
NODE,0.758893,999,49842.380000,9744080925,10410,2,0
NODE,0.758893,999,42731.900000,8074541650,10437,25,0
NODE,0.758893,999,42357.000000,7597382192,10438,54,0
NODE,0.758893,999,44667.770000,8313529837,10431,20,0
NODE,0.758893,999,39232.180000,7604725226,10457,21,0
NODE,0.758893,999,39252.450000,7174067504,10460,63,0
NODE,0.758893,999,40017.800000,7540752898,10455,12,0
NODE,0.758893,999,41514.090000,7605260728,10444,79,0
NODE,0.758893,999,44347.420000,8419754760,10434,24,0
NODE,0.758893,999,51339.550000,10174122308,10412,35,0
NODE,0.758893,999,38598.290000,6772267436,10464,78,0
NODE,0.758893,999,43731.090000,7666913768,10441,17,0
NODE,0.758893,999,51905.720000,10381219693,10411,27,0
NODE,0.758893,999,41461.510000,7531560202,10459,59,0
NODE,0.758893,999,44234.280000,8398003002,10442,32,0
NODE,0.758893,999,42481.280000,8095114142,10454,67,0
NODE,0.758893,999,46024.800000,8511548719,10439,44,0
NODE,0.758893,999,46039.690000,8236192131,10440,43,0
NODE,0.758893,999,42085.700000,8161390740,10461,64,0
NODE,0.758893,999,43019.430000,8803337346,10458,53,0
NODE,0.758893,999,41848.330000,7306186672,10462,31,0
NODE,0.758893,999,44754.530000,7957465135,10446,34,0
NODE,0.758893,999,44293.140000,8136298029,10449,42,0
NODE,0.758893,999,44444.820000,8640121202,10453,29,0
NODE,0.758893,999,44225.980000,8599290632,10456,49,0
NODE,0.758893,999,46126.150000,8689065109,10447,51,0
NODE,0.758893,999,45992.280000,8595877139,10448,65,0
NODE,0.758893,999,45885.250000,8942620570,10450,30,0
NODE,0.758893,999,46121.010000,9050608658,10451,52,0
NODE,0.758893,999,47452.760000,9076725015,10445,11,0
NODE,0.758893,999,45039.900000,8414747429,10463,15,0
NODE,0.758893,999,43059.620000,7779902079,10466,39,0
NODE,0.758893,999,42809.280000,7321781326,10467,4,0
NODE,0.758893,999,40335.580000,7285731855,10469,69,0
NODE,0.758893,999,49517.290000,9859484789,10452,13,0
NODE,0.758893,999,46343.850000,8710276885,10465,73,0
NODE,0.758893,999,44262.940000,7557277491,10468,66,0
NODE,0.758893,999,43671.720000,8321193345,10470,50,0
NODE,0.758893,999,44122.480000,7889651253,10471,75,0
NODE,0.758893,999,40244.290000,7443104709,10473,60,0
NODE,0.758893,999,42048.730000,7981302734,10472,71,0
NODE,0.758893,999,45461.220000,8574666606,10474,46,0
NODE,0.758893,999,42622.230000,7806777326,10475,23,0
NODE,0.758893,999,43919.810000,7930440206,10476,18,0
NODE,0.758893,999,38004.170000,7387321509,10490,41,0
NODE,0.758893,999,44240.300000,8103404949,10477,5,0
NODE,0.758893,999,43030.320000,8224467248,10479,36,0
NODE,0.758893,999,42073.530000,8211974850,10486,7,0
NODE,0.758893,999,38344.840000,7241284531,10512,2,0
NODE,0.758893,999,39150.030000,7251781653,10513,25,0
NODE,0.758893,999,45217.230000,8502993611,10482,1,0
NODE,0.758893,999,40009.580000,7433083569,10511,40,0
NODE,0.758893,999,40757.970000,7368774295,10508,61,0
NODE,0.758893,999,46340.580000,8797204280,10480,6,0
NODE,0.758893,999,39734.320000,7766547187,10517,63,0
NODE,0.758893,999,48509.590000,8886630359,10478,3,0
NODE,0.758893,999,44349.800000,8240482912,10491,56,0
NODE,0.758893,999,44049.980000,8460344645,10492,77,0
NODE,0.758893,999,42037.390000,7682575882,10510,9,0
NODE,0.758893,999,43454.180000,8626377296,10498,10,0
NODE,0.758893,999,46728.740000,8935211756,10483,58,0
NODE,0.758893,999,47439.310000,8577703180,10481,38,0
NODE,0.758893,999,43469.620000,7452537013,10503,26,0
NODE,0.758893,999,46590.170000,8903083810,10485,19,0
NODE,0.758893,999,44083.610000,8406709230,10497,72,0
NODE,0.758893,999,46132.850000,9676084430,10488,55,0
NODE,0.758893,999,47688.300000,9105892117,10484,33,0
NODE,0.758893,999,42380.710000,8199351698,10516,21,0
NODE,0.758893,999,45206.190000,8512904675,10494,62,0
NODE,0.758893,999,43297.480000,7973789062,10509,57,0
NODE,0.758893,999,44329.260000,7657581522,10504,14,0
NODE,0.758893,999,43073.620000,8759973059,10515,20,0
NODE,0.758893,999,45352.490000,8223520172,10502,74,0
NODE,0.758893,999,43743.710000,8156906591,10514,54,0
NODE,0.758893,999,47412.570000,9602147877,10489,16,0
NODE,0.758893,999,46390.690000,8918835081,10496,70,0
NODE,0.758893,999,46153.770000,8377946229,10501,28,0
NODE,0.758893,999,46738.110000,8947871276,10495,37,0
NODE,0.758893,999,47339.640000,8855307822,10493,76,0
NODE,0.758893,999,45751.680000,7942786499,10506,8,0
NODE,0.758893,999,46880.130000,8727064219,10499,47,0
NODE,0.758893,999,44108.730000,8532736728,10520,24,0
NODE,0.758893,999,44590.590000,8562695164,10518,12,0
NODE,0.758893,999,43358.430000,8037877055,10524,27,0
NODE,0.758893,999,42082.480000,7765561252,10528,44,0
NODE,0.758893,999,46957.310000,8277840059,10505,22,0
NODE,0.758893,999,50261.420000,10588494160,10487,45,0
NODE,0.758893,999,41476.270000,7977623990,10535,29,0
NODE,0.758893,999,42284.480000,7428374044,10530,64,0
NODE,0.758893,999,43366.090000,8463577739,10527,67,0
NODE,0.758893,999,47762.660000,8387915721,10507,48,0
NODE,0.758893,999,42819.450000,7812883852,10533,34,0
NODE,0.758893,999,44835.090000,8488512641,10526,32,0
NODE,0.758893,999,44899.880000,8464820933,10525,59,0
NODE,0.758893,999,42304.050000,7151513959,10537,51,0
NODE,0.758893,999,43849.510000,8461804275,10531,53,0
NODE,0.758893,999,47380.810000,8688197370,10519,79,0
NODE,0.758893,999,41920.560000,7639743097,10540,52,0
NODE,0.758893,999,46535.160000,9019055624,10522,78,0
NODE,0.758893,999,43310.570000,8088592092,10538,65,0
NODE,0.758893,999,44316.450000,8528611271,10536,49,0
NODE,0.758893,999,47606.820000,8717068314,10521,35,0
NODE,0.758893,999,45418.160000,8683737116,10529,43,0
NODE,0.758893,999,41865.400000,9092356478,10543,39,0
NODE,0.758893,999,45890.960000,8589672548,10532,31,0
NODE,0.758893,999,44122.860000,8024059014,10539,30,0
NODE,0.758893,999,46210.070000,8867003376,10534,42,0
NODE,0.758893,999,52981.280000,9315027847,10500,68,0
NODE,0.758893,999,49316.880000,9948415637,10523,17,0
NODE,0.758893,999,41052.890000,7784240171,10548,66,0
NODE,0.758893,999,45231.450000,8992678383,10541,11,0
NODE,0.758893,999,42245.290000,8268633468,10546,13,0
NODE,0.758893,999,39446.280000,7682905706,10549,50,0
NODE,0.758893,999,41483.190000,8073492556,10550,75,0
NODE,0.758893,999,46235.760000,8426434767,10544,4,0
NODE,0.758893,999,47554.130000,9685027496,10542,15,0
NODE,0.758893,999,42932.350000,8231378761,10552,71,0
NODE,0.758893,999,43422.570000,8178605460,10551,60,0
NODE,0.758893,999,48022.080000,10588347735,10545,69,0
NODE,0.758893,999,46900.070000,9203575931,10547,73,0
NODE,0.758893,999,47094.560000,9074374167,10553,46,0
NODE,0.758893,999,39728.930000,7250522576,10558,36,0
NODE,0.758893,999,41969.200000,7928028863,10557,5,0
NODE,0.758893,999,47120.300000,9525858947,10554,23,0
NODE,0.758893,999,41021.860000,7830712095,10559,7,0
NODE,0.758893,999,44083.130000,8349992147,10556,41,0
NODE,0.758893,999,40703.750000,8090698436,10560,2,0
NODE,0.758893,999,40111.760000,7438106254,10561,25,0
NODE,0.758893,999,39785.240000,7305480425,10564,61,0
NODE,0.758893,999,37104.760000,6709593532,10582,14,0
NODE,0.758893,999,38386.380000,7258393890,10577,55,0
NODE,0.758893,999,45959.930000,8598739084,10555,18,0
NODE,0.758893,999,39403.870000,7998571333,10570,9,0
NODE,0.758893,999,40731.900000,7556447167,10565,6,0
NODE,0.758893,999,37922.610000,7018471721,10584,74,0
NODE,0.758893,999,39678.370000,7765134125,10576,72,0
NODE,0.758893,999,38044.650000,7275094816,10586,16,0
NODE,0.758893,999,42307.510000,8432168247,10562,1,0
NODE,0.758893,999,41756.260000,8040268392,10566,63,0
NODE,0.758893,999,38560.460000,7257445536,10585,54,0
NODE,0.758893,999,39659.250000,7713605271,10579,21,0
NODE,0.758893,999,42727.020000,8010450952,10563,40,0
NODE,0.758893,999,39655.560000,7764538772,10583,20,0
NODE,0.758893,999,38267.740000,6543184662,10592,47,0
NODE,0.758893,999,41428.930000,8304256047,10573,38,0
NODE,0.758893,999,42673.000000,8417137471,10567,3,0
NODE,0.758893,999,41504.180000,7954741350,10581,57,0
NODE,0.758893,999,42302.530000,8449147573,10575,19,0
NODE,0.758893,999,42956.640000,8285565208,10568,56,0
NODE,0.758893,999,41870.020000,7349206468,10578,33,0
NODE,0.758893,999,42657.540000,8695184720,10574,26,0
NODE,0.758893,999,43131.970000,8393162906,10569,77,0
NODE,0.758893,999,40071.550000,7502422538,10589,37,0
NODE,0.758893,999,38756.790000,7373668405,10596,44,0
NODE,0.758893,999,43933.740000,9075125845,10572,58,0
NODE,0.758893,999,40973.310000,7288075185,10594,12,0
NODE,0.758893,999,43556.920000,8344079134,10580,62,0
NODE,0.758893,999,42759.060000,8078942640,10587,70,0
NODE,0.758893,999,42226.150000,8117653603,10590,76,0
NODE,0.758893,999,41499.890000,7933714909,10595,27,0
NODE,0.758893,999,42420.330000,8123702625,10591,8,0
NODE,0.758893,999,45790.360000,9232656402,10571,10,0
NODE,0.758893,999,43323.140000,8452143688,10588,28,0
NODE,0.758893,999,42825.460000,7957422687,10593,24,0
NODE,0.758893,999,41921.820000,8398067247,10599,29,0
NODE,0.758893,999,42055.660000,8005699403,10598,45,0
NODE,0.758893,999,43152.240000,8648505914,10597,22,0
NODE,0.758893,999,40857.780000,7843096880,10612,49,0
NODE,0.758893,999,40497.580000,7509276491,10615,39,0
NODE,0.758893,999,44156.780000,8774607847,10600,64,0
NODE,0.758893,999,43773.370000,8864174784,10602,48,0
NODE,0.758893,999,44433.970000,8787711416,10603,34,0
NODE,0.758893,999,43946.960000,8546365863,10605,59,0
NODE,0.758893,999,44129.430000,8745514987,10604,32,0
NODE,0.758893,999,43842.020000,8585609350,10607,53,0
NODE,0.758893,999,43964.380000,8339163462,10608,79,0
NODE,0.758893,999,43137.380000,8678679337,10611,65,0
NODE,0.758893,999,42888.940000,8042417407,10614,43,0
NODE,0.758893,999,40854.970000,8024684458,10622,11,0
NODE,0.758893,999,41280.360000,8200329504,10621,66,0
NODE,0.758893,999,42702.240000,8059702704,10618,42,0
NODE,0.758893,999,43339.560000,7778549416,10616,31,0
NODE,0.758893,999,45181.250000,8511653452,10609,52,0
NODE,0.758893,999,41313.310000,8202195249,10624,50,0
NODE,0.758893,999,42982.970000,8396915178,10619,68,0
NODE,0.758893,999,45611.640000,9359872221,10613,35,0
NODE,0.758893,999,45585.780000,8706219648,10617,30,0
NODE,0.758893,999,47269.590000,9326132814,10610,78,0
NODE,0.758893,999,40381.960000,7638268566,10627,15,0
NODE,0.758893,999,44897.450000,8611232325,10620,17,0
NODE,0.758893,999,48493.800000,10300003309,10606,51,0
NODE,0.758893,999,44664.350000,8334498275,10623,13,0
NODE,0.758893,999,51138.250000,10637572561,10601,67,0
NODE,0.758893,999,44243.770000,8752217237,10625,75,0
NODE,0.758893,999,44728.890000,8776546108,10626,4,0
NODE,0.758893,999,43631.900000,8147137415,10629,60,0
NODE,0.758893,999,43815.920000,8855743737,10630,69,0
NODE,0.758893,999,43653.850000,8013326060,10631,73,0
NODE,0.758893,999,44341.240000,7778843794,10628,71,0
NODE,0.758893,999,45737.600000,8556022657,10632,46,0
NODE,0.758893,999,41364.600000,7789432363,10634,5,0
NODE,0.758893,999,38101.120000,6600127558,10652,21,0
NODE,0.758893,999,40216.450000,7174740153,10644,9,0
NODE,0.758893,999,42044.350000,7930628622,10639,25,0
NODE,0.758893,999,41382.920000,7817611296,10641,14,0
NODE,0.758893,999,39551.210000,6831552026,10650,63,0
NODE,0.758893,999,43349.230000,8217951933,10637,41,0
NODE,0.758893,999,43789.620000,7445969832,10636,7,0
NODE,0.758893,999,46794.800000,9447746314,10633,36,0
NODE,0.758893,999,42411.390000,7541923253,10642,55,0
NODE,0.758893,999,40638.210000,7635947834,10654,20,0
NODE,0.758893,999,41321.880000,7758439494,10651,54,0
NODE,0.758893,999,43132.290000,8323221802,10643,18,0
NODE,0.758893,999,42812.320000,8504554472,10645,6,0
NODE,0.758893,999,43997.900000,8574187215,10640,61,0
NODE,0.758893,999,43189.460000,8637118428,10646,74,0
NODE,0.758893,999,41146.150000,7916204524,10657,3,0
NODE,0.758893,999,43232.050000,7895694730,10648,16,0
NODE,0.758893,999,42919.900000,7795420131,10653,40,0
NODE,0.758893,999,46520.000000,8959606195,10638,2,0
NODE,0.758893,999,46803.310000,9470612198,10635,23,0
NODE,0.758893,999,43810.100000,8494065951,10649,1,0
NODE,0.758893,999,42759.190000,7449966310,10655,47,0
NODE,0.758893,999,40609.510000,7053104720,10666,58,0
NODE,0.758893,999,41914.700000,7982066249,10661,33,0
NODE,0.758893,999,42463.770000,7902471179,10660,56,0
NODE,0.758893,999,43264.020000,8186904490,10658,57,0
NODE,0.758893,999,46302.800000,9036565491,10647,72,0
NODE,0.758893,999,44877.770000,8407045686,10656,38,0
NODE,0.758893,999,41891.670000,8170393071,10668,62,0
NODE,0.758893,999,44472.800000,8523728923,10662,26,0
NODE,0.758893,999,39202.320000,6784520594,10681,64,0
NODE,0.758893,999,42570.360000,8107568230,10673,10,0
NODE,0.758893,999,42231.460000,8150162603,10674,28,0
NODE,0.758893,999,45716.980000,9240464882,10659,19,0
NODE,0.758893,999,43086.710000,8411485731,10671,27,0
NODE,0.758893,999,41438.100000,7879849991,10678,22,0
NODE,0.758893,999,43365.500000,8390564429,10672,8,0
NODE,0.758893,999,46359.160000,8595800083,10664,37,0
NODE,0.758893,999,47287.740000,9294701117,10663,77,0
NODE,0.758893,999,41087.410000,8004536841,10683,34,0
NODE,0.758893,999,46423.990000,8804526612,10667,12,0
NODE,0.758893,999,44576.180000,9495384657,10676,29,0
NODE,0.758893,999,46675.430000,9321131242,10669,70,0
NODE,0.758893,999,48951.120000,8552897827,10665,44,0
NODE,0.758893,999,43125.350000,8144080795,10682,48,0
NODE,0.758893,999,46010.650000,9189178672,10677,45,0
NODE,0.758893,999,43849.170000,8881108316,10680,39,0
NODE,0.758893,999,46675.150000,9355088867,10675,24,0
NODE,0.758893,999,47732.840000,9165175976,10670,76,0
NODE,0.758893,999,43146.550000,8212131194,10686,53,0
NODE,0.758893,999,43236.680000,8442886267,10687,79,0
NODE,0.758893,999,44023.360000,9284255813,10684,59,0
NODE,0.758893,999,44000.010000,8366934625,10685,32,0
NODE,0.758893,999,47189.240000,9628934830,10679,49,0
NODE,0.758893,999,45139.640000,9117659130,10689,43,0
NODE,0.758893,999,46003.350000,9184006545,10688,65,0
NODE,0.758893,999,45871.670000,8760787835,10695,50,0
NODE,0.758893,999,44340.890000,9336782422,10698,30,0
NODE,0.758893,999,46522.770000,9301723432,10696,68,0
NODE,0.758893,999,45368.900000,8988710420,10699,78,0
NODE,0.758893,999,48098.610000,9961705512,10694,52,0
NODE,0.758893,999,47918.360000,9722919576,10697,35,0
NODE,0.758893,999,50364.520000,11518524447,10691,66,0
NODE,0.758893,999,47059.690000,9370924061,10701,17,0
NODE,0.758893,999,49885.130000,10163383892,10693,31,0
NODE,0.758893,999,50815.760000,9895834934,10692,42,0
NODE,0.758893,999,48562.290000,9967334477,10703,13,0
NODE,0.758893,999,49416.150000,10428642343,10700,15,0
NODE,0.758893,999,53047.400000,10938080475,10690,11,0
NODE,0.758893,999,46112.230000,9545273863,10707,60,0
NODE,0.758893,999,46845.590000,9058603855,10709,73,0
NODE,0.758893,999,50922.480000,11288118483,10704,67,0
NODE,0.758893,999,47385.160000,9145179346,10710,71,0
NODE,0.758893,999,52466.710000,10518309749,10702,51,0
NODE,0.758893,999,49951.630000,10380365063,10706,4,0
NODE,0.758893,999,49969.350000,9370293393,10708,69,0
NODE,0.758893,999,52942.810000,11526341101,10705,75,0
NODE,0.758893,999,46182.630000,8170869433,10711,46,0
NODE,0.758893,999,44000.830000,8702245304,10712,5,0
NODE,0.758893,999,39773.630000,7273870406,10720,36,0
NODE,0.758893,999,41574.350000,7694031716,10717,63,0
NODE,0.758893,999,42388.490000,7671345619,10715,25,0
NODE,0.758893,999,40457.450000,7359173921,10724,18,0
NODE,0.758893,999,43873.350000,8691481975,10713,21,0
NODE,0.758893,999,40508.060000,7365293743,10725,6,0
NODE,0.758893,999,43471.870000,8416652079,10714,9,0
