NODE,0.758893,999,37489.180000,6640016270,26025,27,0
NODE,0.758893,999,39844.290000,7103075413,26059,62,0
NODE,0.758893,999,39854.930000,7134046294,26028,30,0
NODE,0.758893,999,39984.160000,7065117139,26051,44,0
NODE,0.758893,999,41028.770000,7666783202,26041,49,0
NODE,0.758893,999,41140.570000,7190382050,26074,72,0
NODE,0.758893,999,41569.440000,7535955239,26050,43,0
NODE,0.758893,999,41737.890000,8067903460,26043,56,0
NODE,0.758893,999,41748.150000,7481187708,26018,20,0
NODE,0.758893,999,41808.480000,7443317334,26062,55,0
NODE,0.758893,999,41871.160000,7627574727,26007,9,0
NODE,0.758893,999,41877.140000,7683321875,26077,77,0
NODE,0.758893,999,41958.050000,7591849674,26058,59,0
NODE,0.758893,999,42079.080000,7600786588,26070,71,0
NODE,0.758893,999,42136.190000,7367735633,26075,76,0
NODE,0.758893,999,42176.630000,7396358762,26052,48,0
NODE,0.758893,999,42253.660000,7925748519,26022,24,0
NODE,0.758893,999,42277.180000,7300016374,26061,51,0
NODE,0.758893,999,42370.410000,7589483263,26045,78,0
NODE,0.758893,999,42383.610000,7125372753,26036,38,0
NODE,0.758893,999,42440.180000,7850952819,26068,68,0
NODE,0.758893,999,42443.900000,7763061338,26038,40,0
NODE,0.758893,999,42542.000000,8117670617,26021,23,0
NODE,0.758893,999,42661.120000,7329880758,26006,8,0
NODE,0.758893,999,42708.290000,7349151290,26033,35,0
NODE,0.758893,999,42732.310000,8122778341,26032,34,0
NODE,0.758893,999,42889.710000,8061333335,26049,42,0
NODE,0.758893,999,43055.380000,7611053554,26000,2,0
NODE,0.758893,999,43328.170000,7700317671,26031,33,0
NODE,0.758893,999,43489.080000,8177844314,26042,50,0
NODE,0.758893,999,43494.510000,7631870976,26071,70,0
NODE,0.758893,999,43654.080000,7411190986,26057,58,0
NODE,0.758893,999,43712.570000,7602758153,26060,66,0
NODE,0.758893,999,43728.950000,8108667543,26054,53,0
NODE,0.758893,999,43777.280000,8031880740,26034,36,0
NODE,0.758893,999,43795.670000,8387977024,26011,13,0
NODE,0.758893,999,43929.130000,7971727096,26048,41,0
NODE,0.758893,999,44038.700000,7919092154,26003,5,0
NODE,0.758893,999,44072.770000,7974503263,26029,31,0
NODE,0.758893,999,44142.240000,8260132523,26040,45,0
NODE,0.758893,999,44247.840000,8247657668,26076,75,0
NODE,0.758893,999,44328.590000,8614567672,26020,22,0
NODE,0.758893,999,44437.890000,8115087191,26001,3,0
NODE,0.758893,999,44448.790000,8447526577,26044,57,0
NODE,0.758893,999,44542.030000,7767649450,26037,39,0
NODE,0.758893,999,44713.400000,7926300435,26066,64,0
NODE,0.758893,999,44779.910000,7947173855,26024,26,0
NODE,0.758893,999,45060.180000,8011272282,26026,28,0
NODE,0.758893,999,45117.920000,8554769650,26065,65,0
NODE,0.758893,999,45210.550000,7877919163,26064,60,0
NODE,0.758893,999,45248.970000,8104095712,26073,74,0
NODE,0.758893,999,45264.140000,8104380069,26004,6,0
NODE,0.758893,999,45333.570000,9014071225,26063,61,0
NODE,0.758893,999,45378.600000,8196286590,26013,15,0
NODE,0.758893,999,45398.870000,8728479422,26017,19,0
NODE,0.758893,999,45498.710000,7901402277,26053,46,0
NODE,0.758893,999,45506.690000,8122353609,26055,54,0
NODE,0.758893,999,45621.210000,8508161762,26078,1,0
NODE,0.758893,999,45704.160000,8280460640,26027,29,0
NODE,0.758893,999,45830.690000,9117621968,26014,16,0
NODE,0.758893,999,46035.160000,8168120978,26005,7,0
NODE,0.758893,999,46456.620000,8527176994,26069,69,0
NODE,0.758893,999,46503.480000,8461755178,26010,12,0
NODE,0.758893,999,46502.240000,9002557992,26039,47,0
NODE,0.758893,999,46530.850000,9156560460,26023,25,0
NODE,0.758893,999,47045.590000,8442139995,26008,10,0
NODE,0.758893,999,47121.610000,8537912314,26030,32,0
NODE,0.758893,999,47340.340000,9139351966,26072,73,0
NODE,0.758893,999,47549.800000,8796503708,26016,18,0
NODE,0.758893,999,47603.960000,8522881278,26012,14,0
NODE,0.758893,999,47713.490000,8951960420,26056,52,0
NODE,0.758893,999,47739.180000,9506100573,26019,21,0
NODE,0.758893,999,47823.570000,8289680717,26015,17,0
NODE,0.758893,999,48114.600000,9508904157,26047,79,0
NODE,0.758893,999,48131.550000,8889714960,26002,4,0
NODE,0.758893,999,48435.280000,8826558543,26067,67,0
NODE,0.758893,999,48844.830000,9190213669,26046,63,0
NODE,0.758893,999,49099.300000,9234529780,26035,37,0
NODE,0.758893,999,50656.910000,9664954759,26009,11,0
NODE,0.758893,999,40876.370000,7278421595,26086,56,0
NODE,0.758893,999,42871.660000,7727224248,26081,30,0
NODE,0.758893,999,42950.410000,7635390056,26080,62,0
NODE,0.758893,999,40658.860000,7986651596,26099,68,0
NODE,0.758893,999,41293.180000,7806346351,26088,55,0
NODE,0.758893,999,41049.380000,7653164914,26092,71,0
NODE,0.758893,999,41449.560000,7254439741,26094,48,0
NODE,0.758893,999,46337.470000,8850706180,26079,27,0
NODE,0.758893,999,40902.990000,7035654896,26110,58,0
NODE,0.758893,999,41238.840000,7247779490,26109,70,0
NODE,0.758893,999,41969.600000,7483805368,26105,42,0
NODE,0.758893,999,43490.540000,7971511903,26087,20,0
NODE,0.758893,999,43372.960000,8105369570,26093,76,0
NODE,0.758893,999,42287.510000,7615185764,26107,33,0
NODE,0.758893,999,44487.500000,8022600570,26084,72,0
NODE,0.758893,999,43429.180000,7917251764,26102,8,0
NODE,0.758893,999,43891.170000,8234489819,26095,24,0
NODE,0.758893,999,44276.220000,7654338669,26091,59,0
NODE,0.758893,999,42487.380000,7571620918,26115,41,0
NODE,0.758893,999,44645.980000,8036405056,26089,9,0
NODE,0.758893,999,44346.750000,8349914501,26097,78,0
NODE,0.758893,999,46905.740000,8395577451,26082,44,0
NODE,0.758893,999,42573.370000,8311986997,26123,39,0
NODE,0.758893,999,42206.310000,8329518508,26126,28,0
NODE,0.758893,999,45032.790000,8903711102,26098,38,0
NODE,0.758893,999,42741.090000,8062762646,26124,64,0
NODE,0.758893,999,45016.060000,8763017398,26101,23,0
NODE,0.758893,999,45492.650000,8540536967,26096,51,0
NODE,0.758893,999,43583.420000,8381517550,26122,57,0
NODE,0.758893,999,44405.490000,8085933148,26112,53,0
NODE,0.758893,999,44662.970000,8077068807,26108,50,0
NODE,0.758893,999,42927.320000,7973090403,26130,6,0
NODE,0.758893,999,46691.020000,8540674460,26085,43,0
NODE,0.758893,999,43958.250000,8933700385,26121,3,0
NODE,0.758893,999,43248.130000,8486607670,26133,19,0
NODE,0.758893,999,45652.240000,8324013352,26106,2,0
NODE,0.758893,999,43628.470000,8102648673,26129,74,0
NODE,0.758893,999,43540.470000,8194018792,26134,46,0
NODE,0.758893,999,45372.500000,8730950087,26114,13,0
NODE,0.758893,999,45510.230000,8663027559,26111,66,0
NODE,0.758893,999,45226.360000,7996755487,26117,31,0
NODE,0.758893,999,46726.150000,8498633828,26104,34,0
NODE,0.758893,999,48233.700000,9437313306,26090,77,0
NODE,0.758893,999,47786.050000,9115304935,26100,40,0
NODE,0.758893,999,45176.440000,8913427221,26127,65,0
NODE,0.758893,999,45741.800000,8881265897,26125,26,0
NODE,0.758893,999,46507.450000,8308100217,26116,5,0
NODE,0.758893,999,46434.690000,9532742267,26119,75,0
NODE,0.758893,999,45196.730000,8191906069,26136,1,0
NODE,0.758893,999,45662.950000,8728306956,26131,61,0
NODE,0.758893,999,45512.070000,8101264180,26135,54,0
NODE,0.758893,999,45198.650000,8031382483,26142,47,0
NODE,0.758893,999,43937.390000,8562935443,26151,17,0
NODE,0.758893,999,47575.880000,9854398993,26120,22,0
NODE,0.758893,999,49311.200000,9753563380,26103,35,0
NODE,0.758893,999,48307.620000,9863575711,26113,36,0
NODE,0.758893,999,44643.300000,7472757555,26147,18,0
NODE,0.758893,999,44168.950000,7985099196,26153,4,0
NODE,0.758893,999,47093.950000,9159322668,26128,60,0
NODE,0.758893,999,51275.200000,10054246036,26083,49,0
NODE,0.758893,999,47061.480000,8842657935,26132,15,0
NODE,0.758893,999,46160.880000,8753102282,26140,69,0
NODE,0.758893,999,44330.100000,8399147041,26154,67,0
NODE,0.758893,999,45734.200000,7826116546,26146,73,0
NODE,0.758893,999,45594.210000,8740699848,26150,21,0
NODE,0.758893,999,49294.570000,9153795464,26118,45,0
NODE,0.758893,999,44892.620000,8322889556,26155,63,0
NODE,0.758893,999,48144.550000,9372178462,26138,16,0
NODE,0.758893,999,46401.790000,8997336108,26148,14,0
NODE,0.758893,999,48324.730000,9472531478,26137,29,0
NODE,0.758893,999,45078.090000,8479844670,26156,37,0
NODE,0.758893,999,47791.100000,9114330508,26143,25,0
NODE,0.758893,999,46816.400000,8560609886,26152,79,0
NODE,0.758893,999,49167.850000,9530041390,26139,7,0
NODE,0.758893,999,49550.160000,9734062854,26141,12,0
NODE,0.758893,999,49138.220000,8930301477,26144,10,0
NODE,0.758893,999,46599.250000,8610064871,26157,11,0
NODE,0.758893,999,50197.560000,8986684692,26145,32,0
NODE,0.758893,999,50838.900000,9898175017,26149,52,0
NODE,0.758893,999,40941.860000,7259802073,26161,68,0
NODE,0.758893,999,40626.890000,7303032582,26164,48,0
NODE,0.758893,999,42056.890000,7484656942,26158,56,0
NODE,0.758893,999,42477.830000,7717481041,26162,55,0
NODE,0.758893,999,42875.650000,7785604688,26159,30,0
NODE,0.758893,999,41638.960000,7286165685,26177,9,0
NODE,0.758893,999,45438.120000,8162674140,26160,62,0
NODE,0.758893,999,45122.290000,8244670047,26163,71,0
NODE,0.758893,999,40143.700000,7796144019,26187,53,0
NODE,0.758893,999,42738.070000,8055523647,26172,72,0
NODE,0.758893,999,44159.530000,8040754976,26166,58,0
NODE,0.758893,999,40531.340000,7800182765,26200,77,0
NODE,0.758893,999,44138.210000,8716118946,26178,78,0
NODE,0.758893,999,42842.010000,8174544421,26186,57,0
NODE,0.758893,999,45347.410000,9110608704,26171,33,0
NODE,0.758893,999,44219.250000,8103531077,26181,28,0
NODE,0.758893,999,44126.400000,7974285046,26182,38,0
NODE,0.758893,999,43515.880000,8411737611,26188,50,0
NODE,0.758893,999,44132.230000,7737270509,26184,23,0
NODE,0.758893,999,45662.950000,8002972038,26175,59,0
NODE,0.758893,999,43705.910000,8271485953,26189,6,0
NODE,0.758893,999,42658.180000,8514747041,26198,31,0
NODE,0.758893,999,42653.690000,8150422311,26199,34,0
NODE,0.758893,999,45274.190000,8743507275,26179,44,0
NODE,0.758893,999,43534.710000,8253948902,26194,74,0
NODE,0.758893,999,47624.190000,8736308691,26168,42,0
NODE,0.758893,999,44410.170000,8200531924,26190,43,0
NODE,0.758893,999,48203.880000,9068306551,26167,70,0
NODE,0.758893,999,49181.290000,9303818698,26165,27,0
NODE,0.758893,999,46734.270000,9013336787,26176,41,0
NODE,0.758893,999,44593.410000,8046986669,26192,19,0
NODE,0.758893,999,40547.660000,7740248662,26220,67,0
NODE,0.758893,999,46198.610000,8952278402,26180,39,0
NODE,0.758893,999,45281.300000,9305965156,26193,2,0
NODE,0.758893,999,46592.970000,9132762449,26183,64,0
NODE,0.758893,999,43332.740000,7934436740,26206,1,0
NODE,0.758893,999,48194.850000,9007292371,26173,8,0
NODE,0.758893,999,45936.890000,8803729303,26191,3,0
NODE,0.758893,999,45526.450000,8449115152,26195,46,0
NODE,0.758893,999,43611.120000,8236563185,26207,61,0
NODE,0.758893,999,48523.270000,8194666428,26174,24,0
NODE,0.758893,999,44598.170000,8148909909,26201,40,0
NODE,0.758893,999,49604.690000,8946650058,26169,20,0
NODE,0.758893,999,47081.270000,9186076043,26185,51,0
NODE,0.758893,999,43320.080000,7545392827,26217,49,0
NODE,0.758893,999,42337.240000,7831018655,26223,45,0
NODE,0.758893,999,42853.620000,7896415628,26221,73,0
NODE,0.758893,999,42039.470000,7898651447,26228,37,0
NODE,0.758893,999,43920.730000,7904108290,26216,60,0
NODE,0.758893,999,44434.220000,8362642498,26211,22,0
NODE,0.758893,999,44200.890000,8372224270,26214,18,0
NODE,0.758893,999,47248.830000,8678610117,26196,13,0
NODE,0.758893,999,51043.520000,9992587880,26170,76,0
NODE,0.758893,999,42822.120000,8336557291,26224,63,0
NODE,0.758893,999,44556.490000,8713486623,26213,36,0
NODE,0.758893,999,46386.620000,8984253650,26202,65,0
NODE,0.758893,999,44137.020000,7884829266,26219,69,0
NODE,0.758893,999,45139.920000,8642796483,26210,17,0
NODE,0.758893,999,44813.950000,8856182590,26215,4,0
NODE,0.758893,999,46132.690000,8418322635,26208,54,0
NODE,0.758893,999,48022.210000,8770829914,26197,66,0
NODE,0.758893,999,46851.710000,9703571100,26204,5,0
NODE,0.758893,999,43509.070000,8365423276,26227,29,0
NODE,0.758893,999,47014.110000,9245750840,26205,75,0
NODE,0.758893,999,46222.950000,8318169593,26209,47,0
NODE,0.758893,999,48545.710000,9447530567,26203,26,0
NODE,0.758893,999,47032.380000,8705977989,26218,15,0
NODE,0.758893,999,47706.930000,9196826780,26212,35,0
NODE,0.758893,999,46635.550000,8617914740,26222,21,0
NODE,0.758893,999,45126.730000,7862673750,26232,12,0
NODE,0.758893,999,47930.820000,8854471306,26229,25,0
NODE,0.758893,999,48488.180000,9464224956,26226,14,0
NODE,0.758893,999,45695.520000,8605295490,26235,32,0
NODE,0.758893,999,49448.410000,9038392405,26225,16,0
NODE,0.758893,999,47513.610000,8829825174,26233,10,0
NODE,0.758893,999,50248.960000,9809095309,26230,79,0
NODE,0.758893,999,51597.970000,10104923333,26231,7,0
NODE,0.758893,999,48308.270000,9105777917,26236,52,0
NODE,0.758893,999,49883.360000,9610288099,26234,11,0
NODE,0.758893,999,46753.870000,9481646646,26241,30,0
NODE,0.758893,999,48444.680000,8985074473,26237,68,0
NODE,0.758893,999,41851.500000,8118469814,26251,33,0
NODE,0.758893,999,48467.860000,9666591417,26240,55,0
NODE,0.758893,999,41248.110000,7987894060,26266,41,0
NODE,0.758893,999,46013.430000,8112739076,26247,58,0
NODE,0.758893,999,43259.770000,8392306083,26252,28,0
NODE,0.758893,999,40541.800000,8035227742,26274,3,0
NODE,0.758893,999,41820.410000,7666674056,26267,19,0
NODE,0.758893,999,40958.670000,8131065196,26272,1,0
NODE,0.758893,999,43523.770000,8707912837,26257,6,0
NODE,0.758893,999,47646.010000,9156683726,26245,53,0
NODE,0.758893,999,45379.980000,8590704463,26249,78,0
NODE,0.758893,999,51992.600000,10162213475,26238,48,0
NODE,0.758893,999,47889.970000,9483321092,26246,72,0
NODE,0.758893,999,48113.960000,9068824151,26244,71,0
NODE,0.758893,999,48671.270000,9885970172,26242,9,0
NODE,0.758893,999,43539.440000,8133274143,26269,39,0
NODE,0.758893,999,46227.230000,8815820108,26250,57,0
NODE,0.758893,999,45476.020000,8499865084,26255,23,0
NODE,0.758893,999,44373.150000,8669342864,26265,27,0
NODE,0.758893,999,45606.880000,8669648712,26258,31,0
NODE,0.758893,999,44547.520000,8519330279,26268,67,0
NODE,0.758893,999,45609.180000,8713796199,26261,74,0
NODE,0.758893,999,49812.050000,8480955509,26243,62,0
NODE,0.758893,999,45451.780000,8634076285,26264,70,0
NODE,0.758893,999,47389.800000,9078846030,26253,38,0
NODE,0.758893,999,47554.460000,8832844358,26254,50,0
NODE,0.758893,999,48635.760000,9163980646,26248,77,0
NODE,0.758893,999,43891.320000,8233434919,26281,49,0
NODE,0.758893,999,47362.030000,9692644969,26262,42,0
NODE,0.758893,999,45945.830000,8443917096,26270,2,0
NODE,0.758893,999,42279.120000,8192206450,26300,75,0
NODE,0.758893,999,45540.330000,8451180744,26279,20,0
NODE,0.758893,999,43358.680000,7899338028,26296,54,0
NODE,0.758893,999,43572.670000,8779692115,26295,4,0
NODE,0.758893,999,44661.850000,8187508452,26285,60,0
NODE,0.758893,999,46858.950000,9623994752,26271,64,0
NODE,0.758893,999,48397.090000,8891732826,26263,43,0
NODE,0.758893,999,43434.570000,7324278933,26301,47,0
NODE,0.758893,999,49401.460000,9382394298,26259,34,0
NODE,0.758893,999,56918.710000,11171467026,26239,56,0
NODE,0.758893,999,45021.590000,8770691071,26292,65,0
NODE,0.758893,999,44259.850000,8031349613,26299,29,0
NODE,0.758893,999,47245.440000,9165596281,26280,51,0
NODE,0.758893,999,47715.080000,8860422631,26276,61,0
NODE,0.758893,999,47915.800000,9042103560,26278,40,0
NODE,0.758893,999,51277.220000,10086645630,26256,59,0
NODE,0.758893,999,48951.040000,10433304009,26273,8,0
NODE,0.758893,999,42309.260000,7477867108,26306,12,0
NODE,0.758893,999,49030.090000,9355724467,26277,24,0
NODE,0.758893,999,47390.680000,8455854519,26287,18,0
NODE,0.758893,999,47372.490000,9656726063,26290,63,0
NODE,0.758893,999,48041.180000,9042560433,26284,37,0
NODE,0.758893,999,46907.400000,8932641898,26298,5,0
NODE,0.758893,999,52163.040000,10059168132,26260,44,0
NODE,0.758893,999,45271.210000,8423901992,26303,15,0
NODE,0.758893,999,49096.640000,9210433642,26282,45,0
NODE,0.758893,999,50489.230000,10322536571,26275,46,0
NODE,0.758893,999,49311.160000,9273147818,26283,73,0
NODE,0.758893,999,48880.200000,9968153344,26294,17,0
NODE,0.758893,999,46857.570000,8772356625,26302,26,0
NODE,0.758893,999,40952.910000,7806328308,26312,79,0
NODE,0.758893,999,49572.920000,10003880527,26291,36,0
NODE,0.758893,999,50480.160000,9933350910,26286,22,0
NODE,0.758893,999,50618.600000,9868312658,26289,76,0
NODE,0.758893,999,47646.250000,8450755513,26305,21,0
NODE,0.758893,999,51335.210000,10533569190,26293,69,0
NODE,0.758893,999,42079.240000,8075314439,26313,7,0
NODE,0.758893,999,52679.630000,10739511714,26288,13,0
NODE,0.758893,999,51901.520000,10515189598,26297,66,0
NODE,0.758893,999,49626.410000,10162502728,26304,35,0
NODE,0.758893,999,48281.330000,8865884745,26307,25,0
NODE,0.758893,999,46917.920000,9169122478,26311,10,0
NODE,0.758893,999,48136.070000,8952470456,26310,16,0
NODE,0.758893,999,45377.540000,8525773148,26314,52,0
NODE,0.758893,999,50321.310000,9032683524,26308,14,0
NODE,0.758893,999,47169.560000,8980048328,26315,11,0
NODE,0.758893,999,55592.070000,10726232477,26309,32,0
NODE,0.758893,999,37872.860000,6264769990,26338,67,0
NODE,0.758893,999,41655.770000,7775707340,26333,39,0
NODE,0.758893,999,41519.720000,7167583991,26337,31,0
NODE,0.758893,999,39233.940000,6630128635,26346,42,0
NODE,0.758893,999,39591.970000,6639644387,26345,49,0
NODE,0.758893,999,41733.740000,6996341481,26336,27,0
NODE,0.758893,999,39954.190000,6986523131,26343,50,0
NODE,0.758893,999,43310.580000,8266872878,26330,72,0
NODE,0.758893,999,41715.730000,7640721123,26339,74,0
NODE,0.758893,999,47573.850000,9003408721,26317,68,0
NODE,0.758893,999,45341.600000,7689028145,26323,3,0
NODE,0.758893,999,46448.620000,8892241893,26319,55,0
NODE,0.758893,999,41933.780000,7351001730,26342,38,0
NODE,0.758893,999,44572.970000,9144274101,26331,71,0
NODE,0.758893,999,45108.980000,8252562086,26327,53,0
NODE,0.758893,999,40462.460000,7269526455,26352,60,0
NODE,0.758893,999,39847.080000,7387148085,26358,65,0
NODE,0.758893,999,46796.740000,8703589886,26325,1,0
NODE,0.758893,999,41058.540000,7267450753,26353,64,0
NODE,0.758893,999,49824.720000,9443883332,26316,30,0
NODE,0.758893,999,40695.850000,8028535254,26356,34,0
NODE,0.758893,999,43919.200000,7259495949,26341,70,0
NODE,0.758893,999,40733.840000,8149911414,26357,56,0
NODE,0.758893,999,41854.670000,7397552277,26350,54,0
NODE,0.758893,999,40782.040000,7731412177,26359,29,0
NODE,0.758893,999,50020.480000,9481253505,26318,33,0
NODE,0.758893,999,39615.910000,7773158586,26364,8,0
NODE,0.758893,999,44961.870000,8233435599,26340,62,0
NODE,0.758893,999,43854.380000,7983065479,26344,77,0
NODE,0.758893,999,46048.020000,9836512792,26334,57,0
NODE,0.758893,999,46951.390000,9090973169,26329,48,0
NODE,0.758893,999,41920.350000,7707335853,26355,47,0
NODE,0.758893,999,47393.990000,8682672605,26328,78,0
NODE,0.758893,999,43734.420000,8029868946,26348,75,0
NODE,0.758893,999,43407.310000,7514042926,26351,4,0
NODE,0.758893,999,49282.030000,8551737297,26324,19,0
NODE,0.758893,999,47281.140000,8924670011,26335,23,0
NODE,0.758893,999,47646.300000,9233261512,26332,9,0
NODE,0.758893,999,44916.390000,7835667561,26347,2,0
NODE,0.758893,999,42586.200000,8578419693,26361,61,0
NODE,0.758893,999,43133.230000,8453454065,26360,51,0
NODE,0.758893,999,50302.370000,9577296493,26326,6,0
NODE,0.758893,999,51352.530000,9693273306,26320,41,0
NODE,0.758893,999,42105.590000,8291277264,26368,63,0
NODE,0.758893,999,44980.530000,8567910446,26354,43,0
NODE,0.758893,999,42989.220000,8553785862,26363,59,0
NODE,0.758893,999,45825.140000,7990410006,26349,20,0
NODE,0.758893,999,51537.200000,9692392955,26322,28,0
NODE,0.758893,999,40699.400000,7799261571,26377,26,0
NODE,0.758893,999,43917.570000,8341451599,26362,40,0
NODE,0.758893,999,52084.020000,10156842313,26321,58,0
NODE,0.758893,999,43773.070000,8133537013,26366,24,0
NODE,0.758893,999,42644.310000,8353561344,26373,45,0
NODE,0.758893,999,42516.420000,8072362466,26374,46,0
NODE,0.758893,999,42144.000000,8106318757,26376,17,0
NODE,0.758893,999,43549.550000,8204349581,26372,15,0
NODE,0.758893,999,41210.100000,7990479740,26381,76,0
NODE,0.758893,999,40774.170000,8120544386,26382,21,0
NODE,0.758893,999,44958.720000,8968819556,26365,12,0
NODE,0.758893,999,44816.930000,9196377791,26370,5,0
NODE,0.758893,999,44010.220000,8493993881,26375,73,0
NODE,0.758893,999,43365.930000,8389390495,26379,36,0
NODE,0.758893,999,41242.570000,7583503371,26385,13,0
NODE,0.758893,999,46163.480000,9201261092,26369,37,0
NODE,0.758893,999,44415.270000,8988247059,26378,79,0
NODE,0.758893,999,46906.810000,9205545177,26367,18,0
NODE,0.758893,999,43920.050000,7945988438,26380,22,0
NODE,0.758893,999,42562.230000,8106916249,26387,35,0
NODE,0.758893,999,47990.020000,10094813248,26371,44,0
NODE,0.758893,999,40375.150000,7652998318,26391,52,0
NODE,0.758893,999,44510.370000,9287105882,26383,69,0
NODE,0.758893,999,42208.120000,7565689412,26389,10,0
NODE,0.758893,999,41342.660000,8004794278,26390,16,0
NODE,0.758893,999,44799.510000,8719479489,26386,66,0
NODE,0.758893,999,43852.810000,8211636011,26388,25,0
NODE,0.758893,999,46644.900000,9205684501,26384,7,0
NODE,0.758893,999,42852.880000,8196671356,26392,14,0
NODE,0.758893,999,44326.190000,8388179538,26393,11,0
NODE,0.758893,999,45905.690000,9388523893,26394,32,0
NODE,0.758893,999,42309.720000,8593530495,26401,50,0
NODE,0.758893,999,43571.550000,7950799243,26399,49,0
NODE,0.758893,999,44684.740000,8798072613,26396,39,0
NODE,0.758893,999,38347.890000,7489708163,26439,43,0
NODE,0.758893,999,45367.640000,7859020049,26398,42,0
NODE,0.758893,999,42920.180000,8720113906,26411,65,0
NODE,0.758893,999,40765.000000,7078481265,26428,75,0
NODE,0.758893,999,40373.400000,8089216121,26432,9,0
NODE,0.758893,999,39968.000000,7482211476,26436,6,0
NODE,0.758893,999,50035.240000,9495562188,26395,67,0
NODE,0.758893,999,46850.890000,8867789309,26397,31,0
NODE,0.758893,999,41456.970000,8330989822,26433,2,0
NODE,0.758893,999,43154.420000,8201038269,26426,47,0
NODE,0.758893,999,46220.190000,8795720225,26405,3,0
NODE,0.758893,999,46531.740000,9099959051,26404,68,0
NODE,0.758893,999,41706.050000,8070749503,26434,61,0
NODE,0.758893,999,42781.280000,8259434405,26429,4,0
NODE,0.758893,999,41176.520000,7541587617,26437,41,0
NODE,0.758893,999,43418.800000,8167393437,26427,78,0
NODE,0.758893,999,42656.730000,8156946921,26431,23,0
NODE,0.758893,999,44021.810000,8349243509,26423,77,0
NODE,0.758893,999,44996.140000,8402736388,26415,34,0
NODE,0.758893,999,46373.070000,8750167959,26409,53,0
NODE,0.758893,999,42381.080000,8226501058,26435,51,0
NODE,0.758893,999,46777.100000,9261084651,26407,38,0
NODE,0.758893,999,41505.800000,7849483897,26440,59,0
NODE,0.758893,999,44998.870000,8191266045,26420,33,0
NODE,0.758893,999,47455.590000,9157242576,26406,55,0
NODE,0.758893,999,48389.280000,8756725023,26402,72,0
NODE,0.758893,999,49114.460000,9437036544,26400,27,0
NODE,0.758893,999,44207.450000,8463604883,26430,19,0
NODE,0.758893,999,46292.430000,8902615097,26417,56,0
NODE,0.758893,999,45654.200000,9390729658,26422,62,0
NODE,0.758893,999,48957.030000,9266901291,26403,74,0
NODE,0.758893,999,46059.260000,8732289156,26421,8,0
NODE,0.758893,999,42684.400000,8150826869,26443,26,0
NODE,0.758893,999,47067.750000,8745591354,26418,54,0
NODE,0.758893,999,42771.850000,7977428128,26445,58,0
NODE,0.758893,999,48659.100000,9461033346,26408,71,0
NODE,0.758893,999,47681.120000,9428900176,26412,1,0
NODE,0.758893,999,43638.070000,8395233023,26442,28,0
NODE,0.758893,999,48235.040000,9634009355,26413,64,0
NODE,0.758893,999,47676.350000,9295067321,26419,29,0
NODE,0.758893,999,47133.850000,8542057715,26425,48,0
NODE,0.758893,999,40933.050000,7034014622,26456,36,0
NODE,0.758893,999,49686.240000,9726540180,26410,60,0
NODE,0.758893,999,38404.380000,6861087546,26466,10,0
NODE,0.758893,999,45210.670000,8248617586,26441,20,0
NODE,0.758893,999,45502.090000,9333741460,26438,63,0
NODE,0.758893,999,49380.990000,9743382076,26414,30,0
NODE,0.758893,999,43499.220000,8057941863,26453,12,0
NODE,0.758893,999,42739.770000,7807825573,26455,73,0
NODE,0.758893,999,45397.130000,8346018628,26444,40,0
NODE,0.758893,999,45148.800000,8527047746,26448,46,0
NODE,0.758893,999,44627.620000,8454814345,26450,15,0
NODE,0.758893,999,50614.800000,9587125196,26416,70,0
NODE,0.758893,999,50157.750000,9512442812,26424,57,0
NODE,0.758893,999,44501.130000,8597278405,26454,5,0
NODE,0.758893,999,46345.130000,9003396997,26452,21,0
NODE,0.758893,999,47417.760000,9237486036,26447,45,0
NODE,0.758893,999,43501.640000,8102786560,26463,44,0
NODE,0.758893,999,48490.940000,9230256919,26446,24,0
NODE,0.758893,999,42048.950000,7946198964,26468,66,0
NODE,0.758893,999,45297.840000,7956769684,26461,22,0
NODE,0.758893,999,48626.510000,8954732596,26449,17,0
NODE,0.758893,999,41658.320000,7004352488,26470,7,0
NODE,0.758893,999,45513.570000,8644945126,26462,35,0
NODE,0.758893,999,47165.080000,8641906134,26457,13,0
NODE,0.758893,999,46941.040000,8885645473,26460,18,0
NODE,0.758893,999,43521.840000,8368156622,26469,25,0
NODE,0.758893,999,47438.780000,8549604835,26459,79,0
NODE,0.758893,999,47948.170000,8768476267,26458,37,0
NODE,0.758893,999,42739.160000,8126690638,26471,14,0
NODE,0.758893,999,46215.430000,9056839968,26464,52,0
NODE,0.758893,999,50812.570000,9227913984,26451,76,0
NODE,0.758893,999,47313.100000,9297591063,26467,16,0
NODE,0.758893,999,48269.130000,9006888222,26465,69,0
NODE,0.758893,999,43992.190000,8249047689,26472,11,0
NODE,0.758893,999,44307.550000,7851011958,26473,32,0
NODE,0.758893,999,41932.530000,7207173885,26474,50,0
NODE,0.758893,999,41151.010000,7154166898,26476,39,0
NODE,0.758893,999,43573.110000,7844527814,26475,49,0
NODE,0.758893,999,42317.220000,7038458864,26478,42,0
NODE,0.758893,999,39857.990000,7109619739,26495,34,0
NODE,0.758893,999,40499.360000,7480335934,26489,61,0
NODE,0.758893,999,42482.520000,7733260030,26481,9,0
NODE,0.758893,999,43187.100000,7974029260,26480,75,0
NODE,0.758893,999,41161.040000,7871983013,26492,78,0
NODE,0.758893,999,42789.690000,8157663053,26485,2,0
NODE,0.758893,999,41938.090000,7724151619,26496,53,0
NODE,0.758893,999,43073.210000,8342108021,26487,3,0
NODE,0.758893,999,45219.060000,7896682866,26477,43,0
NODE,0.758893,999,43198.400000,7798581797,26488,68,0
NODE,0.758893,999,43193.750000,8216471876,26493,23,0
NODE,0.758893,999,44637.470000,8840722284,26483,67,0
NODE,0.758893,999,44664.220000,9501638681,26484,31,0
NODE,0.758893,999,43515.720000,8263977753,26494,77,0
NODE,0.758893,999,43156.800000,7798147550,26500,33,0
NODE,0.758893,999,43659.350000,8020379990,26499,59,0
NODE,0.758893,999,43765.720000,8576754039,26501,55,0
NODE,0.758893,999,43246.650000,8945038046,26505,56,0
NODE,0.758893,999,46184.600000,8765259508,26482,6,0
NODE,0.758893,999,44991.630000,8066996626,26491,41,0
NODE,0.758893,999,48014.760000,8903916623,26479,65,0
NODE,0.758893,999,43921.710000,7849880646,26506,62,0
NODE,0.758893,999,44943.770000,8295796469,26498,38,0
NODE,0.758893,999,43921.410000,8454092765,26509,26,0
NODE,0.758893,999,47028.260000,9164580713,26486,47,0
NODE,0.758893,999,44537.050000,8420025271,26512,71,0
NODE,0.758893,999,46576.400000,8828495043,26497,51,0
NODE,0.758893,999,44760.230000,8487068481,26511,58,0
NODE,0.758893,999,46123.390000,8887054150,26503,27,0
NODE,0.758893,999,45986.990000,8706939949,26504,19,0
NODE,0.758893,999,47947.970000,8610240691,26490,4,0
NODE,0.758893,999,47084.580000,8846983288,26502,72,0
NODE,0.758893,999,45880.360000,8741521090,26510,54,0
NODE,0.758893,999,47104.790000,9391656719,26507,74,0
NODE,0.758893,999,45332.670000,8158807549,26518,36,0
NODE,0.758893,999,46001.440000,9332869414,26516,29,0
NODE,0.758893,999,41909.590000,7766673293,26533,45,0
NODE,0.758893,999,48598.660000,9793823218,26508,8,0
NODE,0.758893,999,41636.530000,6961055663,26536,66,0
NODE,0.758893,999,46412.050000,8126149501,26523,30,0
NODE,0.758893,999,46109.700000,8769184459,26525,73,0
NODE,0.758893,999,48869.220000,9593889220,26513,1,0
NODE,0.758893,999,41054.710000,7570399896,26542,18,0
NODE,0.758893,999,48182.890000,9463327294,26520,10,0
NODE,0.758893,999,46756.240000,9194646386,26529,70,0
NODE,0.758893,999,43790.070000,7210660321,26535,24,0
NODE,0.758893,999,46683.500000,8930522561,26531,5,0
NODE,0.758893,999,49984.380000,9578631397,26517,48,0
NODE,0.758893,999,50420.580000,9775455859,26514,28,0
NODE,0.758893,999,48375.880000,8895011555,26526,40,0
NODE,0.758893,999,42979.560000,8516934804,26541,13,0
NODE,0.758893,999,49544.830000,9944046863,26519,60,0
NODE,0.758893,999,44903.030000,8011536600,26537,22,0
NODE,0.758893,999,46472.220000,8419290255,26532,21,0
NODE,0.758893,999,48233.830000,10015201442,26530,57,0
NODE,0.758893,999,48933.110000,9262914979,26528,15,0
NODE,0.758893,999,44596.690000,7938872630,26540,35,0
NODE,0.758893,999,43951.220000,8352216336,26545,37,0
NODE,0.758893,999,52624.220000,11018075220,26515,64,0
NODE,0.758893,999,50316.610000,9822264073,26527,46,0
NODE,0.758893,999,47056.660000,9039621684,26538,17,0
NODE,0.758893,999,47832.620000,9284885111,26534,44,0
NODE,0.758893,999,45643.890000,9372073505,26546,14,0
NODE,0.758893,999,46886.450000,8485062805,26539,7,0
NODE,0.758893,999,52712.250000,10038450371,26521,20,0
NODE,0.758893,999,52206.220000,9833702292,26524,12,0
NODE,0.758893,999,46177.810000,9176330944,26544,79,0
NODE,0.758893,999,43513.950000,8507745824,26550,69,0
NODE,0.758893,999,45647.270000,8306531710,26547,52,0
NODE,0.758893,999,46484.270000,8714944558,26548,76,0
NODE,0.758893,999,46133.160000,9266792214,26549,16,0
NODE,0.758893,999,48947.050000,9194784133,26543,25,0
NODE,0.758893,999,55412.690000,10796728281,26522,63,0
NODE,0.758893,999,44011.040000,8219558295,26552,32,0
NODE,0.758893,999,50226.450000,9533005185,26551,11,0
NODE,0.758893,999,43043.960000,8052909304,26554,39,0
NODE,0.758893,999,39197.680000,7346607988,26570,77,0
NODE,0.758893,999,47190.780000,9000793847,26553,50,0
NODE,0.758893,999,39483.680000,7369864434,26576,41,0
NODE,0.758893,999,45700.940000,9218422890,26556,42,0
NODE,0.758893,999,42682.590000,8413000397,26571,33,0
NODE,0.758893,999,43193.260000,8265803572,26569,31,0
NODE,0.758893,999,46178.170000,8902567815,26560,75,0
NODE,0.758893,999,44249.900000,8933362825,26565,43,0
NODE,0.758893,999,44866.580000,8154403307,26563,53,0
NODE,0.758893,999,41984.290000,8193199715,26577,65,0
NODE,0.758893,999,47373.810000,9281390458,26558,61,0
NODE,0.758893,999,45031.250000,9355492581,26564,3,0
NODE,0.758893,999,48416.440000,9477546269,26555,49,0
NODE,0.758893,999,42968.540000,8581357391,26575,6,0
NODE,0.758893,999,48515.440000,10193396621,26557,34,0
NODE,0.758893,999,48516.800000,9771748122,26559,9,0
NODE,0.758893,999,46393.560000,9475661264,26566,68,0
NODE,0.758893,999,44843.560000,8915504877,26573,55,0
NODE,0.758893,999,47075.540000,8412705370,26568,67,0
NODE,0.758893,999,49308.620000,9899616593,26562,2,0
NODE,0.758893,999,47646.820000,9242592510,26572,59,0
NODE,0.758893,999,45862.880000,8136199728,26580,26,0
NODE,0.758893,999,42532.880000,7969373890,26593,45,0
NODE,0.758893,999,46979.890000,10012523543,26578,62,0
NODE,0.758893,999,45422.990000,8965901637,26585,27,0
NODE,0.758893,999,49481.470000,10049896388,26567,23,0
NODE,0.758893,999,44989.590000,8629429403,26587,4,0
NODE,0.758893,999,45680.410000,9195839419,26584,58,0
NODE,0.758893,999,52150.260000,9542688205,26561,78,0
NODE,0.758893,999,46534.090000,9195461355,26582,71,0
NODE,0.758893,999,48929.900000,9277072945,26574,56,0
NODE,0.758893,999,45128.220000,9062912413,26591,36,0
NODE,0.758893,999,48610.930000,9710019030,26579,38,0
NODE,0.758893,999,47890.290000,9303103585,26581,47,0
NODE,0.758893,999,45933.050000,9349343788,26592,29,0
NODE,0.758893,999,47373.550000,9033576349,26588,72,0
NODE,0.758893,999,39081.600000,6981189164,26622,12,0
NODE,0.758893,999,46020.030000,9176834231,26594,8,0
NODE,0.758893,999,45573.570000,9460514191,26597,73,0
NODE,0.758893,999,45292.410000,9027062885,26598,1,0
NODE,0.758893,999,42413.180000,7379738698,26611,57,0
NODE,0.758893,999,43519.360000,7583265737,26609,22,0
NODE,0.758893,999,44472.730000,8783680825,26604,48,0
NODE,0.758893,999,50763.060000,10258441207,26583,51,0
NODE,0.758893,999,47206.960000,9464953091,26596,30,0
NODE,0.758893,999,43303.520000,8068451437,26614,37,0
NODE,0.758893,999,40225.540000,7043514642,26626,76,0
NODE,0.758893,999,47455.550000,9338215126,26599,18,0
NODE,0.758893,999,48696.280000,9558911289,26595,66,0
NODE,0.758893,999,47213.420000,9433352111,26602,24,0
NODE,0.758893,999,47832.680000,9560299240,26600,10,0
NODE,0.758893,999,47038.440000,9644909634,26603,5,0
NODE,0.758893,999,47445.970000,9489455633,26606,40,0
NODE,0.758893,999,47706.410000,9600728031,26605,28,0
NODE,0.758893,999,43990.340000,8378015028,26620,7,0
NODE,0.758893,999,52870.130000,11273427798,26589,54,0
NODE,0.758893,999,44211.110000,8357063337,26624,69,0
NODE,0.758893,999,53015.950000,11195092248,26590,74,0
NODE,0.758893,999,45222.200000,8725593442,26618,44,0
NODE,0.758893,999,44851.230000,9161293624,26619,14,0
NODE,0.758893,999,54527.550000,11145315658,26586,19,0
NODE,0.758893,999,46550.110000,8749509190,26615,64,0
NODE,0.758893,999,48083.560000,9043272347,26612,15,0
NODE,0.758893,999,48737.730000,8842193698,26610,21,0
NODE,0.758893,999,43003.550000,7966481804,26629,63,0
NODE,0.758893,999,48351.970000,9985191356,26613,35,0
NODE,0.758893,999,46617.320000,9195899854,26621,20,0
NODE,0.758893,999,50336.220000,10242065888,26608,60,0
NODE,0.758893,999,46691.210000,9482513204,26625,52,0
NODE,0.758893,999,51791.990000,10570177711,26601,70,0
NODE,0.758893,999,48820.790000,9541408367,26616,46,0
NODE,0.758893,999,47842.520000,9001528708,26623,79,0
NODE,0.758893,999,45491.460000,8897633269,26628,25,0
NODE,0.758893,999,53684.760000,11229326885,26607,13,0
NODE,0.758893,999,48886.880000,9060166488,26627,16,0
NODE,0.758893,999,53106.470000,10436401475,26617,17,0
NODE,0.758893,999,45242.400000,8264249252,26630,32,0
NODE,0.758893,999,47269.460000,8447360997,26631,11,0
NODE,0.758893,999,44379.020000,8176124404,26633,77,0
NODE,0.758893,999,47548.040000,9047452446,26632,39,0
NODE,0.758893,999,46464.600000,8400307174,26634,50,0
NODE,0.758893,999,46122.500000,8087413515,26635,41,0
NODE,0.758893,999,43747.530000,8556406228,26640,43,0
NODE,0.758893,999,45176.550000,8444107143,26636,42,0
NODE,0.758893,999,44624.650000,9214063543,26637,33,0
NODE,0.758893,999,44576.210000,8522602871,26645,49,0
NODE,0.758893,999,43453.150000,8746160185,26649,68,0
NODE,0.758893,999,44522.320000,9209618185,26647,34,0
NODE,0.758893,999,44459.980000,8544081073,26648,9,0
NODE,0.758893,999,46788.280000,9070701909,26639,75,0
NODE,0.758893,999,42511.440000,7957388981,26652,2,0
NODE,0.758893,999,42067.200000,7946067363,26655,45,0
NODE,0.758893,999,47835.370000,9365208280,26638,31,0
NODE,0.758893,999,47495.630000,9499532295,26642,65,0
NODE,0.758893,999,45179.070000,8840433987,26651,67,0
NODE,0.758893,999,43282.600000,8266637233,26656,62,0
NODE,0.758893,999,42415.370000,7991335860,26662,71,0
NODE,0.758893,999,48861.650000,9180560245,26641,53,0
NODE,0.758893,999,44694.150000,8030614962,26654,26,0
NODE,0.758893,999,42334.830000,8059665074,26667,29,0
NODE,0.758893,999,44815.410000,7921585998,26659,4,0
NODE,0.758893,999,44743.170000,8441624068,26660,58,0
NODE,0.758893,999,50095.870000,9560537059,26646,6,0
NODE,0.758893,999,46582.910000,8713192611,26653,59,0
NODE,0.758893,999,49117.390000,9481166608,26650,55,0
NODE,0.758893,999,45267.760000,9207592737,26663,56,0
NODE,0.758893,999,45906.170000,8961617412,26661,78,0
NODE,0.758893,999,45365.500000,8874082258,26664,36,0
NODE,0.758893,999,52347.540000,10282604519,26644,3,0
NODE,0.758893,999,52451.080000,9862384300,26643,61,0
NODE,0.758893,999,42027.200000,7854921634,26676,51,0
NODE,0.758893,999,45736.670000,9086951416,26666,47,0
NODE,0.758893,999,47355.480000,8739630200,26658,23,0
NODE,0.758893,999,48375.180000,9113441819,26657,27,0
NODE,0.758893,999,47679.340000,9613781202,26665,38,0
NODE,0.758893,999,46509.750000,9298955284,26668,72,0
NODE,0.758893,999,43208.010000,8255572400,26679,76,0
NODE,0.758893,999,46033.430000,8575026644,26669,12,0
NODE,0.758893,999,46511.430000,8172117236,26670,8,0
NODE,0.758893,999,43047.710000,8255873710,26688,54,0
NODE,0.758893,999,43822.820000,8406659183,26685,40,0
NODE,0.758893,999,45873.190000,8222955673,26680,18,0
NODE,0.758893,999,47038.990000,9731941485,26677,30,0
NODE,0.758893,999,45467.370000,8086386268,26682,24,0
NODE,0.758893,999,46198.770000,8507771834,26681,66,0
NODE,0.758893,999,42600.900000,7855476945,26696,21,0
NODE,0.758893,999,48233.970000,9041088100,26675,48,0
NODE,0.758893,999,47405.940000,9125197894,26678,37,0
NODE,0.758893,999,45746.230000,8773997601,26684,5,0
NODE,0.758893,999,42726.630000,7990805605,26698,35,0
NODE,0.758893,999,49725.060000,9298127788,26671,73,0
NODE,0.758893,999,46174.720000,8617442330,26683,10,0
NODE,0.758893,999,45467.680000,8339527995,26687,7,0
NODE,0.758893,999,45498.330000,9313020139,26686,28,0
NODE,0.758893,999,50137.950000,8749657829,26672,1,0
NODE,0.758893,999,43954.360000,8051798980,26699,20,0
NODE,0.758893,999,43335.980000,7907088563,26702,70,0
NODE,0.758893,999,45030.460000,8494312166,26695,15,0
NODE,0.758893,999,46380.880000,9010339771,26689,69,0
NODE,0.758893,999,45114.470000,7951876452,26697,63,0
NODE,0.758893,999,50679.750000,9342529082,26674,22,0
NODE,0.758893,999,46588.120000,8356559576,26690,74,0
NODE,0.758893,999,51671.200000,9765797729,26673,57,0
NODE,0.758893,999,43497.350000,8127768430,26705,25,0
NODE,0.758893,999,46280.000000,8849125327,26701,52,0
NODE,0.758893,999,45519.360000,8068828389,26704,79,0
NODE,0.758893,999,48663.790000,8885205734,26691,44,0
NODE,0.758893,999,43486.060000,8521606374,26706,13,0
NODE,0.758893,999,47430.360000,9441427521,26700,60,0
NODE,0.758893,999,50028.730000,9523138800,26692,14,0
NODE,0.758893,999,40872.990000,7150720349,26709,32,0
NODE,0.758893,999,50057.680000,9351314516,26693,19,0
NODE,0.758893,999,40361.870000,7456430042,26710,11,0
NODE,0.758893,999,50025.200000,9863259953,26703,46,0
NODE,0.758893,999,45816.250000,8410966735,26708,17,0
NODE,0.758893,999,54510.710000,10121910997,26694,64,0
NODE,0.758893,999,50423.320000,8938627194,26707,16,0
NODE,0.758893,999,42141.850000,7250599523,26711,77,0
NODE,0.758893,999,41487.610000,7088565077,26712,39,0
NODE,0.758893,999,43345.340000,8087399388,26716,42,0
NODE,0.758893,999,44633.250000,7839974291,26713,50,0
NODE,0.758893,999,44967.990000,8352831294,26715,43,0
NODE,0.758893,999,46371.810000,9100336314,26717,33,0
NODE,0.758893,999,45056.530000,8657075405,26719,68,0
NODE,0.758893,999,44658.140000,8384938912,26720,34,0
NODE,0.758893,999,44734.030000,8374432936,26721,9,0
NODE,0.758893,999,43880.660000,7956504449,26726,65,0
NODE,0.758893,999,43254.930000,8453668053,26730,53,0
NODE,0.758893,999,45573.770000,8022356738,26723,2,0
NODE,0.758893,999,43594.320000,7901915103,26729,71,0
NODE,0.758893,999,49717.830000,9317293821,26714,41,0
NODE,0.758893,999,47027.730000,9263062459,26722,75,0
NODE,0.758893,999,47768.690000,8602791115,26725,31,0
NODE,0.758893,999,48357.990000,8155531029,26724,45,0
NODE,0.758893,999,47185.890000,8650491992,26727,67,0
NODE,0.758893,999,46121.760000,8781560613,26732,29,0
NODE,0.758893,999,47803.350000,9300456714,26728,62,0
NODE,0.758893,999,46276.450000,8166434730,26733,4,0
NODE,0.758893,999,51811.550000,10300616795,26718,49,0
NODE,0.758893,999,45420.710000,8124837017,26737,55,0
NODE,0.758893,999,46527.020000,8531765779,26734,58,0
NODE,0.758893,999,46503.450000,8699796472,26735,6,0
NODE,0.758893,999,45945.270000,8540297728,26736,59,0
NODE,0.758893,999,47724.270000,8772232393,26731,26,0
NODE,0.758893,999,45796.740000,8525683260,26739,78,0
NODE,0.758893,999,45286.710000,8245760133,26742,61,0
NODE,0.758893,999,45629.840000,7732007266,26746,27,0
NODE,0.758893,999,47766.680000,8251267853,26740,36,0
NODE,0.758893,999,42855.850000,8223905127,26758,21,0
NODE,0.758893,999,48573.840000,9110458042,26745,23,0
NODE,0.758893,999,49479.620000,9045701534,26744,47,0
NODE,0.758893,999,42264.460000,8010590126,26768,20,0
NODE,0.758893,999,48559.050000,9156155895,26748,72,0
NODE,0.758893,999,44667.480000,8743151878,26760,37,0
NODE,0.758893,999,43898.060000,8425437810,26767,1,0
NODE,0.758893,999,43185.160000,8177413230,26769,70,0
NODE,0.758893,999,45480.550000,9057845032,26757,66,0
NODE,0.758893,999,47999.550000,8588038523,26751,8,0
NODE,0.758893,999,42911.190000,8226931833,26773,22,0
NODE,0.758893,999,52015.140000,9888647435,26738,56,0
NODE,0.758893,999,45734.220000,8000598996,26756,24,0
NODE,0.758893,999,46248.210000,8538756902,26755,30,0
NODE,0.758893,999,52795.100000,10051828210,26743,51,0
NODE,0.758893,999,46763.450000,8992166889,26759,48,0
NODE,0.758893,999,44852.920000,8595899826,26770,15,0
NODE,0.758893,999,53269.430000,9910664296,26741,3,0
NODE,0.758893,999,46776.500000,9150026774,26763,73,0
NODE,0.758893,999,47174.630000,9681952686,26761,5,0
NODE,0.758893,999,45435.060000,8957383987,26771,69,0
NODE,0.758893,999,45347.240000,9497829209,26772,63,0
NODE,0.758893,999,51489.820000,9264190823,26749,76,0
NODE,0.758893,999,51735.620000,9222411670,26747,38,0
NODE,0.758893,999,47560.330000,8943032804,26762,35,0
NODE,0.758893,999,42195.540000,7375214040,26782,14,0
NODE,0.758893,999,49943.360000,9315970101,26752,54,0
NODE,0.758893,999,47896.880000,8612992955,26765,7,0
NODE,0.758893,999,46300.150000,8763432121,26774,74,0
NODE,0.758893,999,45884.320000,8523047739,26776,25,0
NODE,0.758893,999,48517.330000,8970542143,26764,10,0
NODE,0.758893,999,50444.620000,9789329556,26753,40,0
NODE,0.758893,999,41939.740000,7476274032,26785,11,0
NODE,0.758893,999,43496.520000,7352805359,26783,32,0
NODE,0.758893,999,45033.090000,8078286673,26778,79,0
NODE,0.758893,999,51677.940000,9998114962,26754,18,0
NODE,0.758893,999,46185.060000,8672449646,26780,13,0
NODE,0.758893,999,44822.230000,8552054331,26784,19,0
NODE,0.758893,999,54857.600000,10600488924,26750,12,0
NODE,0.758893,999,42671.960000,8358651100,26786,46,0
NODE,0.758893,999,49048.650000,9304619946,26775,57,0
NODE,0.758893,999,52021.760000,9989656186,26766,28,0
NODE,0.758893,999,48025.580000,9204106535,26781,60,0
NODE,0.758893,999,44370.770000,8053213213,26787,17,0
NODE,0.758893,999,43520.460000,7607191330,26788,64,0
NODE,0.758893,999,50328.280000,9561034583,26779,44,0
NODE,0.758893,999,52375.200000,9686856971,26777,52,0
NODE,0.758893,999,45824.540000,8608080548,26789,16,0
NODE,0.758893,999,41681.910000,7281756330,26791,39,0
NODE,0.758893,999,45847.320000,8792910930,26790,77,0
NODE,0.758893,999,42790.190000,7853925638,26792,42,0
NODE,0.758893,999,43250.840000,8588274152,26793,50,0
NODE,0.758893,999,43823.590000,8161567144,26794,43,0
NODE,0.758893,999,39244.710000,6534790381,26804,75,0
NODE,0.758893,999,42062.330000,8194671736,26799,65,0
NODE,0.758893,999,43045.800000,7598144571,26798,9,0
NODE,0.758893,999,43350.050000,7989542569,26797,34,0
NODE,0.758893,999,41754.750000,7839624120,26801,2,0
NODE,0.758893,999,45030.960000,7508277933,26795,33,0
NODE,0.758893,999,42489.590000,7771938552,26803,41,0
NODE,0.758893,999,44055.520000,7888535230,26802,71,0
NODE,0.758893,999,47191.090000,8465643896,26796,68,0
NODE,0.758893,999,40804.200000,6796396105,26814,6,0
NODE,0.758893,999,46218.530000,8735712109,26800,53,0
NODE,0.758893,999,42735.100000,8265590086,26807,67,0
NODE,0.758893,999,43265.950000,7699935395,26805,31,0
NODE,0.758893,999,39290.180000,7037645723,26819,27,0
NODE,0.758893,999,42476.720000,7316779050,26809,62,0
NODE,0.758893,999,41715.290000,7363646897,26817,78,0
NODE,0.758893,999,42768.980000,7889757560,26812,55,0
NODE,0.758893,999,44235.730000,8180666009,26806,45,0
NODE,0.758893,999,43149.780000,7693708692,26810,4,0
NODE,0.758893,999,41882.740000,7543669901,26818,61,0
NODE,0.758893,999,42847.170000,7320319477,26815,59,0
NODE,0.758893,999,44073.280000,8542038232,26816,26,0
NODE,0.758893,999,37756.060000,6849459638,26832,56,0
NODE,0.758893,999,44885.030000,8502353664,26811,49,0
NODE,0.758893,999,40723.800000,6783647761,26821,21,0
NODE,0.758893,999,42187.130000,7615352664,26820,36,0
NODE,0.758893,999,46221.930000,8526938405,26808,29,0
NODE,0.758893,999,38841.770000,6826435262,26833,24,0
NODE,0.758893,999,37711.800000,6875406757,26837,15,0
NODE,0.758893,999,41905.220000,6984917206,26822,23,0
NODE,0.758893,999,39207.520000,7457501078,26834,30,0
NODE,0.758893,999,47689.470000,8101611942,26813,58,0
NODE,0.758893,999,41707.270000,7566843660,26830,8,0
NODE,0.758893,999,41246.250000,7548575020,26836,48,0
NODE,0.758893,999,43159.310000,8000950036,26829,66,0
NODE,0.758893,999,43666.740000,8031574281,26827,1,0
NODE,0.758893,999,41703.550000,7808451184,26835,51,0
NODE,0.758893,999,41145.540000,7345547260,26841,69,0
NODE,0.758893,999,44282.820000,7297503875,26826,37,0
NODE,0.758893,999,41967.560000,7740346310,26838,3,0
NODE,0.758893,999,44589.730000,7841043238,26828,70,0
NODE,0.758893,999,42675.770000,7641375823,26843,76,0
NODE,0.758893,999,45252.590000,7706706062,26831,22,0
NODE,0.758893,999,46951.440000,8386376929,26824,20,0
NODE,0.758893,999,44200.480000,8014435664,26844,38,0
NODE,0.758893,999,47423.390000,8911276468,26825,72,0
NODE,0.758893,999,43567.680000,8134572993,26849,74,0
NODE,0.758893,999,45164.470000,8634377767,26842,63,0
NODE,0.758893,999,46382.910000,8795669105,26840,5,0
NODE,0.758893,999,44939.390000,7804443096,26850,25,0
NODE,0.758893,999,44388.080000,8338779253,26855,79,0
NODE,0.758893,999,45012.430000,8376999775,26851,10,0
NODE,0.758893,999,50641.690000,9430420020,26823,47,0
NODE,0.758893,999,47318.690000,9254984600,26839,73,0
NODE,0.758893,999,46421.390000,8974095484,26848,7,0
NODE,0.758893,999,44103.020000,7740548797,26857,13,0
NODE,0.758893,999,41413.220000,7296241458,26864,17,0
NODE,0.758893,999,47297.890000,9029426470,26852,40,0
NODE,0.758893,999,48732.230000,9129991167,26846,14,0
NODE,0.758893,999,42624.030000,7744535351,26865,64,0
NODE,0.758893,999,45863.220000,8532883656,26860,46,0
NODE,0.758893,999,47451.190000,8980161235,26859,12,0
NODE,0.758893,999,49260.760000,9689533668,26853,11,0
NODE,0.758893,999,51164.500000,9662461389,26845,35,0
NODE,0.758893,999,51191.340000,9714597461,26847,54,0
NODE,0.758893,999,46376.780000,8199084507,26863,60,0
NODE,0.758893,999,47349.090000,8290857831,26862,28,0
NODE,0.758893,999,45213.540000,8358927798,26866,44,0
NODE,0.758893,999,50732.550000,9898489660,26854,32,0
NODE,0.758893,999,49579.890000,9897904744,26858,19,0
NODE,0.758893,999,49856.510000,10356128782,26861,57,0
NODE,0.758893,999,45368.230000,8552525868,26867,52,0
NODE,0.758893,999,51725.680000,9662743900,26856,18,0
NODE,0.758893,999,48054.600000,8799728388,26868,16,0
NODE,0.758893,999,44766.540000,8275371848,26870,77,0
NODE,0.758893,999,49127.620000,8628415325,26869,39,0
NODE,0.758893,999,45666.260000,7999099261,26871,42,0
NODE,0.758893,999,40704.850000,6811191719,26880,41,0
NODE,0.758893,999,45346.190000,8002489951,26874,75,0
NODE,0.758893,999,42990.120000,7155179937,26879,33,0
NODE,0.758893,999,47332.440000,9016458009,26873,43,0
NODE,0.758893,999,49358.630000,9224946221,26872,50,0
NODE,0.758893,999,44354.800000,7675943174,26881,71,0
NODE,0.758893,999,47304.460000,8987051232,26878,2,0
NODE,0.758893,999,44199.250000,7772053221,26887,27,0
NODE,0.758893,999,49335.370000,9675506750,26877,34,0
NODE,0.758893,999,49647.830000,9849790882,26876,9,0
NODE,0.758893,999,46123.550000,8153216096,26882,68,0
NODE,0.758893,999,44818.760000,7999998570,26894,59,0
NODE,0.758893,999,46732.690000,8225341344,26884,53,0
NODE,0.758893,999,43698.160000,8107896612,26895,26,0
NODE,0.758893,999,46187.050000,8104412216,26888,62,0
NODE,0.758893,999,52614.720000,9980681890,26875,65,0
NODE,0.758893,999,48301.140000,8360408336,26885,67,0
NODE,0.758893,999,49294.550000,8806970423,26883,6,0
NODE,0.758893,999,48452.900000,8763591865,26889,78,0
NODE,0.758893,999,49870.370000,8959856679,26886,31,0
NODE,0.758893,999,49031.810000,9420065379,26892,4,0
NODE,0.758893,999,46358.650000,9026671246,26903,23,0
NODE,0.758893,999,48346.040000,9302421107,26898,21,0
NODE,0.758893,999,47263.000000,8646034253,26902,15,0
NODE,0.758893,999,47395.100000,9047098973,26904,30,0
NODE,0.758893,999,50979.440000,9378749184,26893,61,0
NODE,0.758893,999,44403.530000,8737529609,26908,66,0
NODE,0.758893,999,46006.140000,8624317427,26906,8,0
NODE,0.758893,999,51839.920000,9316204158,26891,45,0
NODE,0.758893,999,52156.560000,8728936012,26890,55,0
NODE,0.758893,999,49164.770000,9283863521,26900,29,0
NODE,0.758893,999,50102.140000,9577466485,26897,49,0
NODE,0.758893,999,50375.070000,9419534268,26899,36,0
NODE,0.758893,999,49769.430000,9299536658,26901,24,0
NODE,0.758893,999,43621.590000,8108904306,26916,22,0
NODE,0.758893,999,51203.550000,10010685840,26896,56,0
NODE,0.758893,999,40170.720000,6889115662,26924,79,0
NODE,0.758893,999,48398.550000,8569018067,26905,58,0
NODE,0.758893,999,39926.870000,7081116625,26928,7,0
NODE,0.758893,999,42248.780000,7845285051,26921,63,0
NODE,0.758893,999,47335.610000,8414646096,26910,51,0
NODE,0.758893,999,41195.640000,7270229080,26929,13,0
NODE,0.758893,999,47163.260000,8810584469,26912,37,0
NODE,0.758893,999,39729.730000,7306697437,26931,40,0
NODE,0.758893,999,44290.380000,8378959020,26919,72,0
NODE,0.758893,999,46123.900000,9348761344,26915,76,0
NODE,0.758893,999,45200.260000,8882890382,26918,38,0
NODE,0.758893,999,43030.740000,8232389488,26926,47,0
NODE,0.758893,999,43622.300000,8144537135,26923,25,0
NODE,0.758893,999,46736.030000,9230004079,26917,20,0
NODE,0.758893,999,49360.010000,8708126410,26911,69,0
NODE,0.758893,999,50188.140000,9948147101,26907,48,0
NODE,0.758893,999,44981.060000,8335604620,26922,5,0
NODE,0.758893,999,41220.620000,7860800107,26934,46,0
NODE,0.758893,999,46482.300000,8915812235,26920,74,0
NODE,0.758893,999,44384.470000,7775338504,26927,73,0
NODE,0.758893,999,51690.810000,10526813564,26909,1,0
NODE,0.758893,999,46715.680000,9233971070,26925,10,0
NODE,0.758893,999,41004.710000,7295240169,26939,60,0
NODE,0.758893,999,42316.050000,7462934637,26935,12,0
NODE,0.758893,999,52586.160000,10120550079,26913,3,0
NODE,0.758893,999,46601.630000,8640757054,26930,17,0
NODE,0.758893,999,44947.420000,8385998837,26933,64,0
NODE,0.758893,999,45926.050000,8525417431,26932,14,0
NODE,0.758893,999,43830.030000,7625559083,26941,44,0
NODE,0.758893,999,45094.210000,7906042332,26937,35,0
NODE,0.758893,999,43542.770000,7640884333,26943,19,0
NODE,0.758893,999,45642.810000,8578213369,26938,54,0
NODE,0.758893,999,46523.710000,8670161633,26936,11,0
NODE,0.758893,999,45542.660000,8114085400,26940,28,0
NODE,0.758893,999,56334.590000,10893653701,26914,70,0
NODE,0.758893,999,46303.320000,8455210645,26942,32,0
NODE,0.758893,999,46347.470000,8317658552,26944,57,0
NODE,0.758893,999,45840.710000,8558722193,26945,52,0
NODE,0.758893,999,47291.600000,8518864380,26947,16,0
NODE,0.758893,999,51696.540000,9150825766,26946,18,0
NODE,0.758893,999,44299.750000,8167655483,26948,77,0
NODE,0.758893,999,48198.380000,8810810448,26950,42,0
NODE,0.758893,999,50673.430000,9708721191,26949,39,0
NODE,0.758893,999,45321.130000,8721098135,26953,33,0
NODE,0.758893,999,48874.000000,9960318962,26951,41,0
NODE,0.758893,999,46179.450000,9030134370,26955,50,0
NODE,0.758893,999,39747.870000,7430361066,26967,67,0
NODE,0.758893,999,45553.530000,8222831262,26957,2,0
NODE,0.758893,999,46535.790000,8864680013,26956,71,0
NODE,0.758893,999,44724.860000,8059094596,26960,9,0
NODE,0.758893,999,41210.050000,7801344716,26969,78,0
NODE,0.758893,999,45748.830000,8065165831,26961,68,0
NODE,0.758893,999,41839.360000,7720278752,26970,31,0
NODE,0.758893,999,51064.110000,9474437948,26954,43,0
NODE,0.758893,999,47944.700000,8738268367,26958,27,0
NODE,0.758893,999,45987.910000,8082401674,26965,62,0
NODE,0.758893,999,40461.640000,7601143483,26976,61,0
NODE,0.758893,999,44075.030000,8055751275,26968,6,0
NODE,0.758893,999,53727.520000,9842173556,26952,75,0
NODE,0.758893,999,47312.740000,8744931325,26964,26,0
NODE,0.758893,999,46455.370000,8201433508,26966,65,0
NODE,0.758893,999,43413.350000,7895774349,26973,21,0
NODE,0.758893,999,43922.330000,8001094470,26972,23,0
NODE,0.758893,999,43014.010000,8415944857,26975,30,0
NODE,0.758893,999,48978.440000,8587854022,26962,59,0
NODE,0.758893,999,49168.840000,8877252210,26963,53,0
NODE,0.758893,999,45566.390000,8674519288,26971,4,0
NODE,0.758893,999,44060.530000,8144414849,26977,66,0
NODE,0.758893,999,52524.920000,10165248383,26959,34,0
NODE,0.758893,999,44347.960000,7616898874,26981,29,0
NODE,0.758893,999,43833.160000,8359824563,26985,22,0
NODE,0.758893,999,44340.420000,8490756877,26987,79,0
NODE,0.758893,999,45822.580000,9276409857,26978,8,0
NODE,0.758893,999,41901.880000,6812400517,26997,38,0
NODE,0.758893,999,44371.340000,8105401211,26990,63,0
NODE,0.758893,999,44644.160000,7444404267,26989,7,0
NODE,0.758893,999,45068.860000,8428823286,26988,58,0
NODE,0.758893,999,47752.360000,9291482405,26974,15,0
NODE,0.758893,999,46544.660000,8325129950,26980,55,0
NODE,0.758893,999,46848.330000,8978836034,26979,45,0
NODE,0.758893,999,45733.760000,8502085259,26986,56,0
NODE,0.758893,999,45202.330000,8034099774,26991,51,0
NODE,0.758893,999,45292.280000,7818023094,26992,13,0
NODE,0.758893,999,48170.290000,9763604925,26984,24,0
NODE,0.758893,999,46082.200000,8049126503,26993,37,0
NODE,0.758893,999,46467.590000,8712724249,26995,72,0
NODE,0.758893,999,50214.670000,9177703806,26982,49,0
NODE,0.758893,999,46132.310000,8177107795,26999,25,0
NODE,0.758893,999,47335.850000,8199432239,26994,40,0
NODE,0.758893,999,47553.100000,8092414687,26998,47,0
NODE,0.758893,999,47712.780000,8541818381,27000,20,0
NODE,0.758893,999,51721.760000,10019352557,26983,36,0
NODE,0.758893,999,50482.190000,9181795703,26996,76,0
