NODE,0.758893,999,38220.770000,6921634066,43035,36,0
NODE,0.758893,999,38331.470000,7090931064,43031,32,0
NODE,0.758893,999,39884.100000,6950752192,43033,34,0
NODE,0.758893,999,40085.620000,7803969311,43011,12,0
NODE,0.758893,999,40387.440000,7293217405,43032,33,0
NODE,0.758893,999,40459.730000,7621334979,43013,14,0
NODE,0.758893,999,40802.700000,8035853026,43010,11,0
NODE,0.758893,999,41281.480000,8380742016,43029,30,0
NODE,0.758893,999,41357.330000,8235793139,43005,6,0
NODE,0.758893,999,41525.780000,8434795764,43028,29,0
NODE,0.758893,999,41607.620000,7644643638,43015,16,0
NODE,0.758893,999,41987.150000,7631592826,43009,10,0
NODE,0.758893,999,42702.830000,8137686584,43039,46,0
NODE,0.758893,999,43057.530000,7673315401,43016,17,0
NODE,0.758893,999,43289.500000,8581833953,43038,39,0
NODE,0.758893,999,43361.380000,7954559970,43030,31,0
NODE,0.758893,999,43458.560000,8120941776,43000,1,0
NODE,0.758893,999,43937.660000,7863628983,43066,49,0
NODE,0.758893,999,44039.370000,8738673393,43022,23,0
NODE,0.758893,999,44055.630000,8373029788,43040,69,0
NODE,0.758893,999,44120.590000,8741647785,43056,41,0
NODE,0.758893,999,44208.160000,8548628844,43034,35,0
NODE,0.758893,999,44334.600000,8283442508,43076,62,0
NODE,0.758893,999,44543.530000,8170872023,43067,67,0
NODE,0.758893,999,44707.710000,8403587768,43003,4,0
NODE,0.758893,999,44753.290000,8503245900,43036,37,0
NODE,0.758893,999,44835.550000,8417494179,43008,9,0
NODE,0.758893,999,44853.180000,8739472554,43048,57,0
NODE,0.758893,999,44952.130000,8833913049,43037,38,0
NODE,0.758893,999,45033.190000,8260057399,43014,15,0
NODE,0.758893,999,45077.770000,9212214881,43050,64,0
NODE,0.758893,999,45143.420000,8888612108,43006,7,0
NODE,0.758893,999,45152.050000,8678156391,43021,22,0
NODE,0.758893,999,45233.220000,8015284992,43044,44,0
NODE,0.758893,999,45368.830000,9215977554,43025,26,0
NODE,0.758893,999,45436.110000,9927661626,43075,51,0
NODE,0.758893,999,45524.220000,9158521610,43060,43,0
NODE,0.758893,999,45639.540000,9209163908,43077,48,0
NODE,0.758893,999,45865.450000,9150382391,43068,58,0
NODE,0.758893,999,45925.670000,8181313048,43019,20,0
NODE,0.758893,999,46042.840000,8729780554,43017,18,0
NODE,0.758893,999,46095.820000,8915751691,43069,59,0
NODE,0.758893,999,46141.010000,8804995481,43065,60,0
NODE,0.758893,999,46280.890000,8847784539,43018,19,0
NODE,0.758893,999,46309.770000,8863751462,43012,13,0
NODE,0.758893,999,46372.760000,9754609456,43027,28,0
NODE,0.758893,999,46632.770000,8482860000,43070,47,0
NODE,0.758893,999,46712.760000,9351308634,43074,77,0
NODE,0.758893,999,46731.390000,9026660955,43004,5,0
NODE,0.758893,999,46754.400000,8567087522,43041,79,0
NODE,0.758893,999,46850.030000,8519156220,43054,63,0
NODE,0.758893,999,46964.410000,8749510706,43047,56,0
NODE,0.758893,999,47163.030000,8641741041,43020,21,0
NODE,0.758893,999,47276.050000,8768490042,43001,2,0
NODE,0.758893,999,47311.350000,9159282779,43046,50,0
NODE,0.758893,999,47317.250000,9079546869,43042,75,0
NODE,0.758893,999,47384.480000,9195396432,43062,76,0
NODE,0.758893,999,47412.350000,8650626099,43049,52,0
NODE,0.758893,999,47602.860000,9320431298,43071,78,0
NODE,0.758893,999,47625.190000,9208396698,43024,25,0
NODE,0.758893,999,47680.100000,9678110713,43057,70,0
NODE,0.758893,999,47683.830000,8765735931,43023,24,0
NODE,0.758893,999,47980.980000,10052642060,43073,72,0
NODE,0.758893,999,48044.840000,9719134931,43078,68,0
NODE,0.758893,999,48246.230000,9442422473,43058,40,0
NODE,0.758893,999,48249.420000,9646521676,43026,27,0
NODE,0.758893,999,48304.110000,9300610825,43061,65,0
NODE,0.758893,999,48327.710000,9601154659,43051,45,0
NODE,0.758893,999,48409.620000,9768734899,43045,61,0
NODE,0.758893,999,48515.140000,9477574870,43055,53,0
NODE,0.758893,999,48548.030000,9126991908,43064,74,0
NODE,0.758893,999,48904.650000,9644243103,43053,73,0
NODE,0.758893,999,49030.720000,9693042643,43063,54,0
NODE,0.758893,999,49526.660000,9514945884,43002,3,0
NODE,0.758893,999,50020.990000,10447309135,43043,71,0
NODE,0.758893,999,50318.210000,9937091710,43072,55,0
NODE,0.758893,999,50824.070000,9262320581,43052,66,0
NODE,0.758893,999,51301.840000,8918117760,43007,8,0
NODE,0.758893,999,52593.440000,9994584519,43059,42,0
NODE,0.758893,999,43830.880000,9142572870,43086,30,0
NODE,0.758893,999,47004.890000,9489097762,43080,32,0
NODE,0.758893,999,45262.470000,9009959223,43088,29,0
NODE,0.758893,999,45943.120000,9375519612,43090,10,0
NODE,0.758893,999,48458.090000,9924013090,43081,34,0
NODE,0.758893,999,46415.680000,9523560699,43091,46,0
NODE,0.758893,999,45146.500000,8786955593,43098,69,0
NODE,0.758893,999,46006.760000,8919933883,43093,39,0
NODE,0.758893,999,49559.080000,10507996629,43082,12,0
NODE,0.758893,999,43063.070000,8427517354,43129,63,0
NODE,0.758893,999,44053.470000,8312394378,43117,58,0
NODE,0.758893,999,46017.270000,8652073238,43101,62,0
NODE,0.758893,999,52232.030000,10584173075,43079,36,0
NODE,0.758893,999,47165.330000,9451924045,43095,1,0
NODE,0.758893,999,44510.140000,8529295050,43123,13,0
NODE,0.758893,999,45020.970000,8112396430,43118,20,0
NODE,0.758893,999,46760.460000,8866762327,43100,35,0
NODE,0.758893,999,46411.120000,8179340114,43104,37,0
NODE,0.758893,999,49632.530000,10204361560,43089,16,0
NODE,0.758893,999,50443.670000,11006384530,43085,11,0
NODE,0.758893,999,45008.180000,8230105167,43124,28,0
NODE,0.758893,999,45466.700000,8468645155,43119,18,0
NODE,0.758893,999,51245.080000,9871299086,43083,33,0
NODE,0.758893,999,46774.960000,9519473758,43112,44,0
NODE,0.758893,999,43742.990000,7920392751,43145,65,0
NODE,0.758893,999,46990.460000,8588108562,43111,22,0
NODE,0.758893,999,46672.820000,9314323121,43115,43,0
NODE,0.758893,999,45991.390000,8499945491,43122,19,0
NODE,0.758893,999,45785.920000,8871252695,43125,47,0
NODE,0.758893,999,45712.550000,8035607345,43128,79,0
NODE,0.758893,999,47632.600000,9110549837,43106,57,0
NODE,0.758893,999,51675.270000,10362610861,43087,6,0
NODE,0.758893,999,52652.760000,11133231151,43084,14,0
NODE,0.758893,999,48674.200000,9297758768,43102,67,0
NODE,0.758893,999,49368.800000,9694410637,43096,49,0
NODE,0.758893,999,47951.250000,9178657501,43114,51,0
NODE,0.758893,999,43116.180000,8386527255,43154,55,0
NODE,0.758893,999,47339.290000,8492724593,43120,59,0
NODE,0.758893,999,48796.350000,9895153734,43105,9,0
NODE,0.758893,999,48098.970000,9220573733,43116,48,0
NODE,0.758893,999,50767.180000,10388394215,43092,17,0
NODE,0.758893,999,49132.650000,9818913219,43103,4,0
NODE,0.758893,999,43277.270000,8352813084,43155,66,0
NODE,0.758893,999,46833.950000,9074913938,43135,76,0
NODE,0.758893,999,45994.890000,8766950969,43148,53,0
NODE,0.758893,999,46241.910000,8787584797,43147,61,0
NODE,0.758893,999,47362.840000,9013807953,43134,75,0
NODE,0.758893,999,48001.230000,8935672961,43127,5,0
NODE,0.758893,999,49596.400000,9463647929,43110,7,0
NODE,0.758893,999,47362.700000,9307932865,43136,52,0
NODE,0.758893,999,48144.280000,9427246700,43126,77,0
NODE,0.758893,999,49521.520000,10373736746,43113,26,0
NODE,0.758893,999,47799.760000,9151358085,43131,21,0
NODE,0.758893,999,45571.010000,9358808956,43152,3,0
NODE,0.758893,999,49035.630000,9231389219,43121,60,0
NODE,0.758893,999,47550.800000,9413633912,43138,25,0
NODE,0.758893,999,48293.050000,9009281111,43130,56,0
NODE,0.758893,999,47812.740000,9004090818,43140,24,0
NODE,0.758893,999,46634.000000,8919453733,43150,73,0
NODE,0.758893,999,48250.880000,9210465972,43133,50,0
NODE,0.758893,999,48377.780000,9386268450,43132,2,0
NODE,0.758893,999,50932.850000,10310251593,43107,38,0
NODE,0.758893,999,47333.620000,9052523648,43149,74,0
NODE,0.758893,999,48458.810000,9228223107,43139,70,0
NODE,0.758893,999,51143.290000,9747290162,43108,15,0
NODE,0.758893,999,53024.730000,10049941376,43094,31,0
NODE,0.758893,999,44734.130000,8079021568,43157,42,0
NODE,0.758893,999,53351.240000,10721704216,43097,23,0
NODE,0.758893,999,49385.350000,9376156688,43142,68,0
NODE,0.758893,999,53348.750000,9686702606,43099,41,0
NODE,0.758893,999,48455.930000,9256092291,43151,54,0
NODE,0.758893,999,46388.520000,8169065669,43156,8,0
NODE,0.758893,999,47796.730000,8952082924,43153,71,0
NODE,0.758893,999,49558.510000,9182317888,43146,45,0
NODE,0.758893,999,49948.210000,9721277615,43143,40,0
NODE,0.758893,999,50755.380000,9134031256,43137,78,0
NODE,0.758893,999,53380.340000,10241857314,43109,64,0
NODE,0.758893,999,50426.300000,9646891957,43144,27,0
NODE,0.758893,999,51094.140000,10848997621,43141,72,0
NODE,0.758893,999,44421.830000,7744462478,43160,29,0
NODE,0.758893,999,46570.750000,9339512736,43158,30,0
NODE,0.758893,999,43811.550000,8432213307,43162,34,0
NODE,0.758893,999,44501.420000,7953899620,43161,10,0
NODE,0.758893,999,40032.160000,7483927787,43196,9,0
NODE,0.758893,999,43166.880000,9044748436,43174,35,0
NODE,0.758893,999,42970.910000,8719227338,43176,16,0
NODE,0.758893,999,39910.780000,7440980153,43203,61,0
NODE,0.758893,999,43394.630000,7394663157,43179,18,0
NODE,0.758893,999,50183.600000,9519573413,43159,32,0
NODE,0.758893,999,44528.480000,8181016563,43177,11,0
NODE,0.758893,999,45749.120000,8291220723,43170,36,0
NODE,0.758893,999,41422.030000,7078303753,43209,26,0
NODE,0.758893,999,43025.040000,8430598271,43195,59,0
NODE,0.758893,999,42774.710000,8087194439,43197,48,0
NODE,0.758893,999,43529.350000,8482681640,43189,6,0
NODE,0.758893,999,42762.540000,7978058818,43199,4,0
NODE,0.758893,999,47624.520000,8830592817,43163,46,0
NODE,0.758893,999,47523.640000,8521087354,43165,39,0
NODE,0.758893,999,44390.810000,8705379024,43188,57,0
NODE,0.758893,999,42685.980000,8465096194,43201,76,0
NODE,0.758893,999,44540.600000,8071844391,43186,47,0
NODE,0.758893,999,46037.020000,9293233590,43175,37,0
NODE,0.758893,999,42403.650000,7409392129,43211,3,0
NODE,0.758893,999,45927.820000,9007256549,43180,33,0
NODE,0.758893,999,45314.960000,8486802773,43185,19,0
NODE,0.758893,999,42878.260000,7988609100,43205,5,0
NODE,0.758893,999,42081.450000,7095196012,43217,50,0
NODE,0.758893,999,42492.500000,7540595305,43214,56,0
NODE,0.758893,999,48202.730000,9124040665,43166,12,0
NODE,0.758893,999,46536.820000,9478243437,43178,28,0
NODE,0.758893,999,48146.250000,8749434042,43168,58,0
NODE,0.758893,999,44964.240000,8244276098,43192,49,0
NODE,0.758893,999,48353.260000,9134317813,43167,63,0
NODE,0.758893,999,44578.910000,8141523444,43198,17,0
NODE,0.758893,999,43449.390000,7640618449,43210,21,0
NODE,0.758893,999,47580.640000,10059869233,43173,20,0
NODE,0.758893,999,47967.060000,9595773716,43171,1,0
NODE,0.758893,999,42951.220000,8152226851,43219,38,0
NODE,0.758893,999,41511.160000,7439636820,43224,42,0
NODE,0.758893,999,45489.110000,9399764436,43194,55,0
NODE,0.758893,999,44296.110000,8523182783,43204,75,0
NODE,0.758893,999,46702.320000,8811568004,43187,79,0
NODE,0.758893,999,46180.820000,9356428536,43190,14,0
NODE,0.758893,999,47300.130000,9203850403,43181,44,0
NODE,0.758893,999,41703.600000,7190957428,43231,45,0
NODE,0.758893,999,47639.870000,9358815471,43182,65,0
NODE,0.758893,999,49149.250000,9646805465,43172,13,0
NODE,0.758893,999,41548.570000,7269537318,43234,64,0
NODE,0.758893,999,45685.140000,8311882928,43208,77,0
NODE,0.758893,999,46462.590000,8262977209,43200,66,0
NODE,0.758893,999,43179.550000,7331348706,43226,68,0
NODE,0.758893,999,43032.940000,6904616388,43229,8,0
NODE,0.758893,999,45585.360000,8416459193,43212,60,0
NODE,0.758893,999,43384.950000,7861158686,43225,23,0
NODE,0.758893,999,44906.080000,8265841493,43220,74,0
NODE,0.758893,999,46282.060000,8656908223,43202,53,0
NODE,0.758893,999,47611.480000,8565083273,43191,67,0
NODE,0.758893,999,46617.780000,9303775506,43206,7,0
NODE,0.758893,999,45767.100000,8536128062,43218,2,0
NODE,0.758893,999,52267.790000,9897639155,43164,69,0
NODE,0.758893,999,51280.430000,9507211382,43169,62,0
NODE,0.758893,999,45306.130000,8543437861,43223,31,0
NODE,0.758893,999,48306.090000,9210081605,43193,51,0
NODE,0.758893,999,45572.050000,8378667192,43221,70,0
NODE,0.758893,999,46818.000000,8495578275,43213,25,0
NODE,0.758893,999,44682.550000,7929952269,43227,41,0
NODE,0.758893,999,47496.100000,8414971307,43207,52,0
NODE,0.758893,999,46202.220000,8592285501,43222,15,0
NODE,0.758893,999,44224.630000,7981933949,43232,40,0
NODE,0.758893,999,47477.890000,8702641293,43216,73,0
NODE,0.758893,999,47549.540000,9195612922,43215,24,0
NODE,0.758893,999,45706.350000,8354915243,43230,71,0
NODE,0.758893,999,44912.500000,8348581344,43236,72,0
NODE,0.758893,999,52057.990000,9994882102,43183,22,0
NODE,0.758893,999,45655.180000,8489521817,43235,27,0
NODE,0.758893,999,47013.390000,8673287720,43228,54,0
NODE,0.758893,999,52772.990000,9846556693,43184,43,0
NODE,0.758893,999,47263.680000,7859056732,43233,78,0
NODE,0.758893,999,43807.190000,7964358695,43238,30,0
NODE,0.758893,999,44347.230000,7376169132,43237,29,0
NODE,0.758893,999,42363.510000,7432808125,43246,32,0
NODE,0.758893,999,44214.990000,7756791181,43243,16,0
NODE,0.758893,999,46626.600000,8753753984,43240,10,0
NODE,0.758893,999,43468.070000,7576133930,43247,11,0
NODE,0.758893,999,41840.780000,7855036212,43264,50,0
NODE,0.758893,999,42768.410000,7520156473,43255,39,0
NODE,0.758893,999,45266.230000,8627028493,43245,18,0
NODE,0.758893,999,43107.360000,7645062493,43259,37,0
NODE,0.758893,999,42486.810000,8174250032,43266,12,0
NODE,0.758893,999,42789.760000,7531456323,43261,33,0
NODE,0.758893,999,43010.770000,7789993745,43260,3,0
NODE,0.758893,999,39259.810000,7645464606,43299,31,0
NODE,0.758893,999,40437.270000,7976004352,43291,23,0
NODE,0.758893,999,40591.540000,7571621819,43289,8,0
NODE,0.758893,999,43613.300000,8127350055,43265,56,0
NODE,0.758893,999,47262.770000,8093396723,43242,35,0
NODE,0.758893,999,42447.530000,7604727475,43278,75,0
NODE,0.758893,999,43102.410000,8276795175,43271,17,0
NODE,0.758893,999,43992.750000,7977845979,43263,5,0
NODE,0.758893,999,43106.900000,8557890773,43274,1,0
NODE,0.758893,999,40201.420000,7415449854,43298,62,0
NODE,0.758893,999,42796.290000,7816973592,43279,79,0
NODE,0.758893,999,43143.620000,7996782342,43277,55,0
NODE,0.758893,999,45530.520000,7943714484,43257,76,0
NODE,0.758893,999,48793.800000,9393751811,43241,9,0
NODE,0.758893,999,41710.090000,8176222047,43292,74,0
NODE,0.758893,999,44940.580000,8422341840,43262,19,0
NODE,0.758893,999,41075.400000,7740795133,43297,69,0
NODE,0.758893,999,41236.950000,7662438002,43296,2,0
NODE,0.758893,999,46545.180000,8671276639,43248,36,0
NODE,0.758893,999,42212.920000,7903573802,43288,68,0
NODE,0.758893,999,48324.730000,8052922840,43244,61,0
NODE,0.758893,999,44542.900000,8501614897,43276,42,0
NODE,0.758893,999,51248.620000,10206812084,43239,34,0
NODE,0.758893,999,45703.550000,8830735980,43267,28,0
NODE,0.758893,999,42921.520000,8077334036,43293,53,0
NODE,0.758893,999,41770.590000,8668919768,43302,25,0
NODE,0.758893,999,46818.690000,8630710419,43258,47,0
NODE,0.758893,999,47180.600000,8447353262,43253,4,0
NODE,0.758893,999,42964.440000,8054944897,43294,67,0
NODE,0.758893,999,41500.220000,7917774632,43305,15,0
NODE,0.758893,999,47028.400000,8629271299,43256,57,0
NODE,0.758893,999,42036.100000,7775500284,43304,52,0
NODE,0.758893,999,45171.180000,8026795899,43280,14,0
NODE,0.758893,999,48025.820000,8618240568,43250,59,0
NODE,0.758893,999,44183.320000,8129391651,43287,66,0
NODE,0.758893,999,44153.500000,8365891690,43290,60,0
NODE,0.758893,999,46517.420000,8503798816,43272,21,0
NODE,0.758893,999,42866.380000,8504541528,43303,41,0
NODE,0.758893,999,40823.960000,7649245782,43311,22,0
NODE,0.758893,999,44001.410000,8228764761,43295,7,0
NODE,0.758893,999,48622.600000,9371434689,43254,46,0
NODE,0.758893,999,48925.790000,8973552587,43252,6,0
NODE,0.758893,999,47763.290000,9363359377,43268,58,0
NODE,0.758893,999,43009.880000,8209422990,43307,73,0
NODE,0.758893,999,41060.840000,8273525474,43314,43,0
NODE,0.758893,999,47782.000000,10117048770,43270,63,0
NODE,0.758893,999,46905.270000,8326319633,43281,44,0
NODE,0.758893,999,50018.820000,9487656351,43249,26,0
NODE,0.758893,999,40998.800000,8096905613,43315,78,0
NODE,0.758893,999,47836.220000,9381606647,43275,38,0
NODE,0.758893,999,46731.930000,9616643399,43284,13,0
NODE,0.758893,999,43705.640000,8554041515,43308,24,0
NODE,0.758893,999,45056.110000,7864214253,43301,70,0
NODE,0.758893,999,47157.200000,8927654816,43283,65,0
NODE,0.758893,999,48841.260000,9689710370,43269,49,0
NODE,0.758893,999,43562.830000,8471198412,43310,72,0
NODE,0.758893,999,49331.790000,9771121433,43273,20,0
NODE,0.758893,999,43597.300000,8852094101,43312,27,0
NODE,0.758893,999,46651.260000,9417202952,43300,51,0
NODE,0.758893,999,52125.140000,9521871810,43251,48,0
NODE,0.758893,999,46283.710000,8752369392,43306,40,0
NODE,0.758893,999,49094.720000,9107734825,43285,64,0
NODE,0.758893,999,49700.850000,9607605683,43282,45,0
NODE,0.758893,999,50489.360000,9917417433,43286,77,0
NODE,0.758893,999,47060.700000,9240946398,43313,54,0
NODE,0.758893,999,48544.170000,9078944309,43309,71,0
NODE,0.758893,999,41068.760000,7705047326,43316,30,0
NODE,0.758893,999,38909.370000,7249112426,43320,10,0
NODE,0.758893,999,40103.110000,7765329555,43319,16,0
NODE,0.758893,999,44188.120000,8864665327,43317,29,0
NODE,0.758893,999,40241.890000,7983225251,43324,18,0
NODE,0.758893,999,42924.000000,8673050812,43322,50,0
NODE,0.758893,999,44705.310000,8685211754,43321,11,0
NODE,0.758893,999,46098.820000,9401068032,43318,32,0
NODE,0.758893,999,41623.940000,8115858021,43344,19,0
NODE,0.758893,999,42590.530000,8051842826,43336,5,0
NODE,0.758893,999,41528.480000,8287362559,43348,68,0
NODE,0.758893,999,45288.730000,8735433279,43323,39,0
NODE,0.758893,999,43261.790000,7574640291,43337,1,0
NODE,0.758893,999,44335.720000,9114758784,43329,31,0
NODE,0.758893,999,42821.380000,8267130097,43343,74,0
NODE,0.758893,999,42688.270000,8303168011,43349,61,0
NODE,0.758893,999,45280.880000,9304422860,43326,12,0
NODE,0.758893,999,42429.070000,8354618203,43351,34,0
NODE,0.758893,999,42447.160000,7374620387,43354,25,0
NODE,0.758893,999,44794.750000,8305088300,43335,17,0
NODE,0.758893,999,44019.190000,8468650509,43341,76,0
NODE,0.758893,999,45960.170000,9944567435,43328,3,0
NODE,0.758893,999,45082.380000,9287739337,43333,35,0
NODE,0.758893,999,42621.030000,7888859873,43359,57,0
NODE,0.758893,999,45424.230000,9498517130,43331,8,0
NODE,0.758893,999,45531.770000,9189511788,43332,56,0
NODE,0.758893,999,44664.480000,8707352934,43345,69,0
NODE,0.758893,999,46897.920000,8887207966,43327,33,0
NODE,0.758893,999,45558.820000,9271227771,43338,62,0
NODE,0.758893,999,44944.490000,9436211477,43342,9,0
NODE,0.758893,999,43673.380000,7957060583,43357,67,0
NODE,0.758893,999,44846.420000,8973337287,43346,2,0
NODE,0.758893,999,47202.780000,9536626161,43325,37,0
NODE,0.758893,999,45681.190000,9176588600,43339,79,0
NODE,0.758893,999,46305.810000,9283664474,43334,75,0
NODE,0.758893,999,44152.200000,8490913372,43352,28,0
NODE,0.758893,999,43385.200000,8228453140,43361,14,0
NODE,0.758893,999,43411.660000,8813243071,43362,59,0
NODE,0.758893,999,45952.670000,9319892166,43340,55,0
NODE,0.758893,999,45529.320000,9460228940,43347,36,0
NODE,0.758893,999,44945.750000,8359429571,43356,4,0
NODE,0.758893,999,43986.290000,8559747383,43366,41,0
NODE,0.758893,999,44008.240000,8696866910,43367,22,0
NODE,0.758893,999,48266.310000,10116345232,43330,23,0
NODE,0.758893,999,44305.590000,8948542402,43369,46,0
NODE,0.758893,999,45578.340000,8974066873,43360,52,0
NODE,0.758893,999,46591.830000,9422737888,43350,42,0
NODE,0.758893,999,46339.300000,8950330097,43355,47,0
NODE,0.758893,999,45776.630000,9620823337,43364,60,0
NODE,0.758893,999,44155.370000,8465746730,43382,65,0
NODE,0.758893,999,46712.790000,8635579324,43363,66,0
NODE,0.758893,999,45571.310000,8472276163,43373,43,0
NODE,0.758893,999,43355.160000,7656494291,43387,51,0
NODE,0.758893,999,47932.290000,8339773947,43358,15,0
NODE,0.758893,999,48404.120000,9061768255,43353,53,0
NODE,0.758893,999,46882.490000,8827622655,43368,7,0
NODE,0.758893,999,47014.670000,8424051531,43370,6,0
NODE,0.758893,999,46481.260000,9091055773,43375,44,0
NODE,0.758893,999,47849.590000,8974568624,43365,21,0
NODE,0.758893,999,46823.550000,8369836168,43372,73,0
NODE,0.758893,999,43881.200000,8044700533,43390,64,0
NODE,0.758893,999,47137.510000,9323444801,43381,70,0
NODE,0.758893,999,48123.680000,9404609845,43371,58,0
NODE,0.758893,999,45597.480000,8711323125,43389,40,0
NODE,0.758893,999,48721.910000,9301472115,43379,13,0
NODE,0.758893,999,47545.890000,8754175102,43386,27,0
NODE,0.758893,999,49443.450000,9653975512,43374,63,0
NODE,0.758893,999,47956.040000,9321384271,43384,72,0
NODE,0.758893,999,48999.900000,9103805209,43377,78,0
NODE,0.758893,999,45628.120000,8877029622,43392,77,0
NODE,0.758893,999,50139.630000,9609457411,43378,38,0
NODE,0.758893,999,47555.070000,8556112182,43391,45,0
NODE,0.758893,999,49659.100000,9746356103,43385,20,0
NODE,0.758893,999,50716.270000,10309377069,43383,49,0
NODE,0.758893,999,51575.120000,9996990549,43376,26,0
NODE,0.758893,999,49635.630000,8717305671,43388,48,0
NODE,0.758893,999,47501.430000,9695466169,43394,71,0
NODE,0.758893,999,53523.630000,9881533202,43380,24,0
NODE,0.758893,999,48946.580000,9065227809,43393,54,0
NODE,0.758893,999,42512.320000,8761737562,43396,10,0
NODE,0.758893,999,42553.040000,8860393995,43398,29,0
NODE,0.758893,999,41842.770000,7509679338,43400,50,0
NODE,0.758893,999,44554.110000,8528105453,43399,18,0
NODE,0.758893,999,48432.360000,9286159146,43395,30,0
NODE,0.758893,999,42065.250000,8143942559,43404,5,0
NODE,0.758893,999,42345.340000,8447792632,43401,11,0
NODE,0.758893,999,42529.290000,8513327409,43403,19,0
NODE,0.758893,999,43323.160000,7712021364,43402,32,0
NODE,0.758893,999,49114.390000,10267970787,43397,16,0
NODE,0.758893,999,42575.030000,8433196157,43408,31,0
NODE,0.758893,999,42758.330000,7714145213,43424,9,0
NODE,0.758893,999,45629.990000,8707044796,43406,39,0
NODE,0.758893,999,41535.190000,7791839942,43436,41,0
NODE,0.758893,999,42061.080000,8206442431,43435,4,0
NODE,0.758893,999,45883.460000,9140321011,43407,1,0
NODE,0.758893,999,46534.190000,9603719521,43405,68,0
NODE,0.758893,999,43804.890000,8451096175,43421,69,0
NODE,0.758893,999,44322.690000,8328414809,43420,56,0
NODE,0.758893,999,44314.190000,8624601382,43431,14,0
NODE,0.758893,999,45722.570000,9115478983,43417,35,0
NODE,0.758893,999,47001.850000,9395747667,43409,74,0
NODE,0.758893,999,44725.250000,8591463011,43429,75,0
NODE,0.758893,999,46412.220000,9211061312,43413,25,0
NODE,0.758893,999,46941.530000,9183228111,43412,34,0
NODE,0.758893,999,45470.520000,8540533568,43423,62,0
NODE,0.758893,999,44003.490000,8541204594,43439,46,0
NODE,0.758893,999,48454.990000,9354058263,43410,61,0
NODE,0.758893,999,47577.270000,8833326480,43416,3,0
NODE,0.758893,999,47397.240000,9926812719,43419,8,0
NODE,0.758893,999,46471.500000,9222273307,43432,59,0
NODE,0.758893,999,46959.500000,9579516741,43430,28,0
NODE,0.758893,999,48484.390000,9333112187,43414,17,0
NODE,0.758893,999,46903.080000,9255292409,43433,55,0
NODE,0.758893,999,47527.760000,9380056003,43426,2,0
NODE,0.758893,999,40914.050000,7794900968,43458,40,0
NODE,0.758893,999,47074.890000,9125783968,43434,36,0
NODE,0.758893,999,50141.380000,10235723178,43411,12,0
NODE,0.758893,999,44145.020000,8640859710,43448,15,0
NODE,0.758893,999,49846.140000,10397533902,43415,76,0
NODE,0.758893,999,46361.330000,9378312406,43441,42,0
NODE,0.758893,999,48911.730000,9313618719,43428,79,0
NODE,0.758893,999,49366.800000,9287665323,43425,67,0
NODE,0.758893,999,49643.200000,9733399081,43427,37,0
NODE,0.758893,999,49937.470000,9520444400,43422,33,0
NODE,0.758893,999,43460.260000,7960000360,43457,58,0
NODE,0.758893,999,45571.940000,8478431756,43449,53,0
NODE,0.758893,999,51561.380000,10153548560,43418,57,0
NODE,0.758893,999,48768.570000,10080005861,43438,23,0
NODE,0.758893,999,44665.060000,9009921233,43456,70,0
NODE,0.758893,999,43398.550000,8791115947,43462,72,0
NODE,0.758893,999,43681.430000,8319110642,43463,78,0
NODE,0.758893,999,51074.010000,10082255548,43437,22,0
NODE,0.758893,999,48764.210000,9281620234,43447,51,0
NODE,0.758893,999,42203.030000,8474353097,43470,48,0
NODE,0.758893,999,47801.550000,9046970378,43453,21,0
NODE,0.758893,999,44039.580000,8567660936,43466,45,0
NODE,0.758893,999,45567.080000,9640402408,43459,13,0
NODE,0.758893,999,48356.640000,9842135035,43452,44,0
NODE,0.758893,999,43185.070000,8355212840,43469,26,0
NODE,0.758893,999,45656.460000,9430457442,43461,63,0
NODE,0.758893,999,48426.840000,9388389722,43455,64,0
NODE,0.758893,999,49990.050000,9470049289,43445,66,0
NODE,0.758893,999,51521.020000,10634666511,43442,47,0
NODE,0.758893,999,44940.720000,8185189050,43465,38,0
NODE,0.758893,999,50946.360000,10391360104,43444,65,0
NODE,0.758893,999,45504.700000,8486345838,43464,77,0
NODE,0.758893,999,52349.620000,11428360178,43440,52,0
NODE,0.758893,999,46785.350000,9633823593,43460,27,0
NODE,0.758893,999,51213.460000,10504990103,43451,6,0
NODE,0.758893,999,53065.470000,10461607786,43443,60,0
NODE,0.758893,999,51807.840000,9999758290,43450,7,0
NODE,0.758893,999,46222.460000,9112637849,43468,49,0
NODE,0.758893,999,47013.160000,9569348791,43467,20,0
NODE,0.758893,999,44689.330000,8475426983,43473,54,0
NODE,0.758893,999,52554.740000,10700178596,43454,73,0
NODE,0.758893,999,53945.550000,9856462725,43446,43,0
NODE,0.758893,999,47983.880000,9624871426,43472,24,0
NODE,0.758893,999,48802.900000,9812154004,43471,71,0
NODE,0.758893,999,41934.020000,7955736185,43474,10,0
NODE,0.758893,999,45303.860000,9000997917,43475,29,0
NODE,0.758893,999,44524.620000,8100539228,43477,18,0
NODE,0.758893,999,39684.280000,7390220940,43492,56,0
NODE,0.758893,999,44473.530000,8401818246,43481,19,0
NODE,0.758893,999,43445.550000,8354910145,43484,31,0
NODE,0.758893,999,43740.940000,8347417147,43483,16,0
NODE,0.758893,999,47779.970000,10158802174,43476,50,0
NODE,0.758893,999,46130.530000,8776652406,43480,11,0
NODE,0.758893,999,45665.710000,9015608524,43482,32,0
NODE,0.758893,999,42899.430000,8591886432,43486,39,0
NODE,0.758893,999,47168.800000,8712234794,43479,5,0
NODE,0.758893,999,43294.020000,8510968940,43485,9,0
NODE,0.758893,999,42770.400000,7893067778,43490,68,0
NODE,0.758893,999,49230.720000,9933849100,43478,30,0
NODE,0.758893,999,42212.280000,8400782725,43494,35,0
NODE,0.758893,999,43956.890000,8551413894,43491,69,0
NODE,0.758893,999,43181.210000,8283045295,43493,14,0
NODE,0.758893,999,45695.440000,9050182456,43489,1,0
NODE,0.758893,999,44334.930000,8966151601,43498,34,0
NODE,0.758893,999,46688.790000,9806954098,43487,41,0
NODE,0.758893,999,45772.160000,8884648309,43495,74,0
NODE,0.758893,999,41924.120000,8064528177,43513,76,0
NODE,0.758893,999,46032.680000,9045673039,43496,75,0
NODE,0.758893,999,45915.740000,9282651754,43497,25,0
NODE,0.758893,999,44534.440000,8160424199,43501,61,0
NODE,0.758893,999,44568.310000,8235014989,43504,59,0
NODE,0.758893,999,45355.740000,8687058743,43502,3,0
NODE,0.758893,999,45038.250000,9627610464,43505,28,0
NODE,0.758893,999,45551.910000,8646729569,43509,40,0
NODE,0.758893,999,49991.170000,10700927371,43488,4,0
NODE,0.758893,999,47155.230000,9716984530,43503,8,0
NODE,0.758893,999,49393.860000,10309754889,43499,62,0
NODE,0.758893,999,44803.170000,8431415925,43522,23,0
NODE,0.758893,999,42662.390000,8587012417,43529,21,0
NODE,0.758893,999,49717.990000,9844015362,43500,46,0
NODE,0.758893,999,47735.500000,9766794543,43512,15,0
NODE,0.758893,999,48837.890000,9782494549,43507,55,0
NODE,0.758893,999,47644.140000,8638711507,43514,42,0
NODE,0.758893,999,49245.780000,9843867364,43506,17,0
NODE,0.758893,999,48822.190000,9315792608,43510,36,0
NODE,0.758893,999,46164.720000,9013494582,43521,57,0
NODE,0.758893,999,49282.700000,8978799848,43508,2,0
NODE,0.758893,999,47917.430000,9059085589,43517,37,0
NODE,0.758893,999,43777.910000,8279364047,43540,77,0
NODE,0.758893,999,45583.330000,8521532626,43528,48,0
NODE,0.758893,999,45080.390000,8134126739,43534,63,0
NODE,0.758893,999,45421.740000,8722525446,43530,45,0
NODE,0.758893,999,46481.840000,8962771488,43526,22,0
NODE,0.758893,999,45673.030000,8904648831,43532,44,0
NODE,0.758893,999,49852.080000,9372051405,43518,33,0
NODE,0.758893,999,45458.970000,8623621592,43538,38,0
NODE,0.758893,999,46915.530000,8771476312,43527,51,0
NODE,0.758893,999,51740.740000,10040161085,43511,12,0
NODE,0.758893,999,46454.490000,8295168134,43533,26,0
NODE,0.758893,999,46095.980000,8705492870,43536,66,0
NODE,0.758893,999,49017.200000,8518831865,43523,70,0
NODE,0.758893,999,46349.980000,8597772454,43539,65,0
NODE,0.758893,999,49042.840000,9476627060,43525,78,0
NODE,0.758893,999,46274.390000,8824701727,43541,52,0
NODE,0.758893,999,46960.500000,8445709046,43537,47,0
NODE,0.758893,999,49725.100000,9121017463,43524,72,0
NODE,0.758893,999,48343.390000,9708887984,43531,13,0
NODE,0.758893,999,45754.490000,8000709376,43544,60,0
NODE,0.758893,999,47393.210000,9247562659,43542,27,0
NODE,0.758893,999,53122.130000,10344608008,43515,79,0
NODE,0.758893,999,52113.220000,9656412004,43520,53,0
NODE,0.758893,999,52424.800000,9842069908,43519,58,0
NODE,0.758893,999,44769.740000,8296463746,43548,54,0
NODE,0.758893,999,46333.010000,8490164017,43543,6,0
NODE,0.758893,999,48859.400000,9014010970,43535,64,0
NODE,0.758893,999,54838.060000,11139892595,43516,67,0
NODE,0.758893,999,47808.440000,8914919604,43546,49,0
NODE,0.758893,999,45896.070000,8803563114,43551,24,0
NODE,0.758893,999,49552.090000,9460768954,43549,73,0
NODE,0.758893,999,52414.550000,10040612150,43547,20,0
NODE,0.758893,999,51765.510000,9657956038,43550,43,0
NODE,0.758893,999,50174.350000,9063597158,43552,71,0
NODE,0.758893,999,55680.300000,11567724238,43545,7,0
NODE,0.758893,999,51015.310000,10104884042,43553,10,0
NODE,0.758893,999,46713.100000,8379832547,43554,29,0
NODE,0.758893,999,39940.730000,8266013142,43570,14,0
NODE,0.758893,999,42141.830000,7795678749,43569,69,0
NODE,0.758893,999,46547.500000,8518441581,43557,19,0
NODE,0.758893,999,45134.890000,9178007101,43564,5,0
NODE,0.758893,999,49366.330000,9130328276,43555,18,0
NODE,0.758893,999,45935.390000,8547634574,43562,32,0
NODE,0.758893,999,47833.940000,9482766759,43558,31,0
NODE,0.758893,999,45796.110000,9234276070,43565,9,0
NODE,0.758893,999,46188.680000,9488800316,43563,39,0
NODE,0.758893,999,47083.610000,8760235705,43566,68,0
NODE,0.758893,999,47702.370000,9405789042,43567,30,0
NODE,0.758893,999,50721.870000,9869340534,43559,16,0
NODE,0.758893,999,47773.150000,10202982528,43568,35,0
NODE,0.758893,999,44107.170000,8449146853,43574,74,0
NODE,0.758893,999,45801.050000,8443233639,43571,1,0
NODE,0.758893,999,45619.990000,9475833633,43572,34,0
NODE,0.758893,999,44649.920000,8785558483,43577,25,0
NODE,0.758893,999,45435.650000,8769722628,43575,76,0
NODE,0.758893,999,44036.400000,8212019008,43581,28,0
NODE,0.758893,999,43070.910000,8342677298,43583,4,0
NODE,0.758893,999,53225.280000,10249463372,43556,56,0
NODE,0.758893,999,45633.500000,9067437397,43579,59,0
NODE,0.758893,999,45380.060000,9259297403,43580,3,0
NODE,0.758893,999,44141.520000,8448710565,43582,40,0
NODE,0.758893,999,44181.560000,8570191703,43584,8,0
NODE,0.758893,999,43214.190000,8539387889,43585,62,0
NODE,0.758893,999,47062.360000,9412941421,43578,61,0
NODE,0.758893,999,48547.790000,9427034018,43573,41,0
NODE,0.758893,999,54061.670000,10910973917,43560,50,0
NODE,0.758893,999,42943.480000,8107465921,43587,21,0
NODE,0.758893,999,53922.700000,10881195263,43561,11,0
NODE,0.758893,999,43368.380000,8195144209,43594,57,0
NODE,0.758893,999,44771.900000,8806243940,43586,23,0
NODE,0.758893,999,49420.180000,9598679029,43576,75,0
NODE,0.758893,999,45096.460000,8546524547,43588,46,0
NODE,0.758893,999,45120.400000,8778159405,43589,15,0
NODE,0.758893,999,45834.860000,9724801972,43591,42,0
NODE,0.758893,999,45841.660000,9356978954,43592,17,0
NODE,0.758893,999,40670.000000,7673713625,43615,13,0
NODE,0.758893,999,46828.530000,8998088609,43590,55,0
NODE,0.758893,999,46378.310000,8702407793,43595,2,0
NODE,0.758893,999,41319.550000,7783455800,43622,6,0
NODE,0.758893,999,44705.060000,8023835521,43602,44,0
NODE,0.758893,999,45519.710000,8751913486,43600,45,0
NODE,0.758893,999,42646.470000,7672870131,43617,27,0
NODE,0.758893,999,42546.840000,7993731930,43620,58,0
NODE,0.758893,999,45078.730000,7837470940,43605,51,0
NODE,0.758893,999,42963.890000,7900415697,43616,60,0
NODE,0.758893,999,48411.170000,10656650781,43593,36,0
NODE,0.758893,999,45883.030000,8289562287,43603,33,0
NODE,0.758893,999,46485.600000,8984343551,43601,22,0
NODE,0.758893,999,45553.260000,8525026562,43609,70,0
NODE,0.758893,999,49053.350000,10000114697,43596,37,0
NODE,0.758893,999,46128.460000,9048316964,43610,65,0
NODE,0.758893,999,46886.250000,8330061078,43608,66,0
NODE,0.758893,999,47732.580000,8300545979,43604,38,0
NODE,0.758893,999,45282.210000,8576806707,43619,53,0
NODE,0.758893,999,49027.500000,9087544542,43599,63,0
NODE,0.758893,999,47814.660000,8938058381,43607,26,0
NODE,0.758893,999,46884.280000,9301251625,43613,47,0
NODE,0.758893,999,47016.750000,9321935467,43614,72,0
NODE,0.758893,999,45526.660000,9522672089,43623,64,0
NODE,0.758893,999,46000.290000,8612879275,43621,54,0
NODE,0.758893,999,42397.880000,7879048900,43626,24,0
NODE,0.758893,999,50512.500000,9938769153,43598,48,0
NODE,0.758893,999,48763.760000,9328386948,43611,78,0
NODE,0.758893,999,47551.840000,9396596638,43618,79,0
NODE,0.758893,999,51581.720000,10173953818,43597,77,0
NODE,0.758893,999,42942.560000,8735737346,43627,73,0
NODE,0.758893,999,50980.860000,9533991844,43606,12,0
NODE,0.758893,999,47390.390000,8951189667,43624,67,0
NODE,0.758893,999,50598.780000,9067300345,43612,52,0
NODE,0.758893,999,47304.420000,9250688608,43625,49,0
NODE,0.758893,999,42756.480000,8980526557,43630,71,0
NODE,0.758893,999,42999.080000,9448357371,43631,7,0
NODE,0.758893,999,45844.320000,8828874646,43628,20,0
NODE,0.758893,999,47945.830000,9939127621,43629,43,0
NODE,0.758893,999,46535.030000,10031276594,43632,10,0
NODE,0.758893,999,41503.530000,7752892483,43638,18,0
NODE,0.758893,999,46171.700000,9208481341,43633,29,0
NODE,0.758893,999,44277.710000,9020465387,43635,69,0
NODE,0.758893,999,46901.520000,8833589889,43634,14,0
NODE,0.758893,999,44101.040000,7939581486,43639,32,0
NODE,0.758893,999,39662.440000,7662294582,43657,40,0
NODE,0.758893,999,45180.500000,8774516647,43642,39,0
NODE,0.758893,999,46501.810000,9657335907,43637,5,0
NODE,0.758893,999,46285.500000,8165739866,43640,31,0
NODE,0.758893,999,42552.340000,7785414362,43650,25,0
NODE,0.758893,999,46991.350000,8790824306,43641,9,0
NODE,0.758893,999,49166.410000,10205827608,43636,19,0
NODE,0.758893,999,42842.630000,8238725749,43654,56,0
NODE,0.758893,999,45347.060000,8305227766,43648,1,0
NODE,0.758893,999,42974.360000,7831416481,43656,3,0
NODE,0.758893,999,46409.480000,9200886743,43644,30,0
NODE,0.758893,999,46238.200000,8886713774,43646,35,0
NODE,0.758893,999,43259.850000,8419604084,43659,62,0
NODE,0.758893,999,41182.330000,8494947399,43665,57,0
NODE,0.758893,999,46947.740000,9457748516,43645,16,0
NODE,0.758893,999,41334.640000,7896068949,43666,23,0
NODE,0.758893,999,44720.740000,8154117169,43655,59,0
NODE,0.758893,999,46583.570000,8875431177,43649,34,0
NODE,0.758893,999,43728.080000,8909298572,43661,41,0
NODE,0.758893,999,43255.380000,8236100237,43664,11,0
NODE,0.758893,999,46130.770000,9896650905,43653,4,0
NODE,0.758893,999,48540.570000,9197244539,43647,74,0
NODE,0.758893,999,50188.250000,10477418289,43643,68,0
NODE,0.758893,999,41545.280000,7602254485,43672,13,0
NODE,0.758893,999,48084.150000,8475083111,43651,76,0
NODE,0.758893,999,45698.460000,8804750791,43663,21,0
NODE,0.758893,999,46579.900000,9518337915,43658,8,0
NODE,0.758893,999,44259.050000,8148463232,43668,46,0
NODE,0.758893,999,43093.380000,7792139183,43670,42,0
NODE,0.758893,999,42590.910000,7665378495,43673,55,0
NODE,0.758893,999,47853.900000,9352622072,43660,61,0
NODE,0.758893,999,47387.290000,8709492684,43662,50,0
NODE,0.758893,999,47024.450000,9178210123,43667,75,0
NODE,0.758893,999,45249.110000,8353975354,43671,17,0
NODE,0.758893,999,46524.570000,9046356702,43669,15,0
NODE,0.758893,999,51957.930000,10977469348,43652,28,0
NODE,0.758893,999,45738.330000,7829726744,43674,2,0
NODE,0.758893,999,40584.320000,8084562290,43696,54,0
NODE,0.758893,999,41521.180000,8113972658,43690,53,0
NODE,0.758893,999,45449.890000,8253898008,43676,44,0
NODE,0.758893,999,44920.800000,8134928924,43680,51,0
NODE,0.758893,999,45777.970000,8804447519,43677,45,0
NODE,0.758893,999,46150.270000,7982190945,43678,27,0
NODE,0.758893,999,46239.070000,7527238145,43681,60,0
NODE,0.758893,999,42269.140000,8820463025,43697,24,0
NODE,0.758893,999,47499.980000,8809873056,43675,6,0
NODE,0.758893,999,46363.470000,8317205258,43684,22,0
NODE,0.758893,999,45407.230000,8586663561,43686,37,0
NODE,0.758893,999,44030.020000,8163074285,43694,72,0
NODE,0.758893,999,47358.470000,8886758024,43679,58,0
NODE,0.758893,999,45336.020000,8106506963,43687,65,0
NODE,0.758893,999,44616.100000,8054514667,43695,64,0
NODE,0.758893,999,44979.330000,8544726248,43693,47,0
NODE,0.758893,999,44173.920000,9143832148,43698,48,0
NODE,0.758893,999,42916.120000,7858554871,43704,67,0
NODE,0.758893,999,43623.180000,8285893931,43703,12,0
NODE,0.758893,999,45058.540000,8760542818,43699,78,0
NODE,0.758893,999,45118.330000,8463532405,43700,79,0
NODE,0.758893,999,48102.640000,8705363555,43688,66,0
NODE,0.758893,999,48093.220000,9258461425,43689,38,0
NODE,0.758893,999,50705.680000,8864828191,43682,36,0
NODE,0.758893,999,47102.420000,8991108006,43701,77,0
NODE,0.758893,999,47030.730000,8748677815,43702,73,0
NODE,0.758893,999,49682.290000,9984986822,43691,63,0
NODE,0.758893,999,49733.540000,10178865136,43692,26,0
NODE,0.758893,999,46046.350000,8597096239,43706,49,0
NODE,0.758893,999,46397.390000,9083628253,43705,52,0
NODE,0.758893,999,54045.620000,9922352152,43683,33,0
NODE,0.758893,999,54079.960000,10328427655,43685,70,0
NODE,0.758893,999,46395.470000,8726461033,43708,7,0
NODE,0.758893,999,45403.850000,8857240896,43710,43,0
NODE,0.758893,999,50528.240000,9745289485,43707,71,0
NODE,0.758893,999,51589.680000,10808493339,43709,20,0
NODE,0.758893,999,41590.530000,7868128632,43714,69,0
NODE,0.758893,999,40706.170000,7124785653,43718,39,0
NODE,0.758893,999,45010.300000,9362392111,43713,29,0
NODE,0.758893,999,46267.820000,9400573631,43712,18,0
NODE,0.758893,999,44495.780000,8258733773,43715,14,0
NODE,0.758893,999,42286.850000,7558965203,43720,31,0
NODE,0.758893,999,40986.560000,7582344740,43723,19,0
NODE,0.758893,999,48458.960000,10167501168,43711,10,0
NODE,0.758893,999,40005.810000,7315976870,43731,16,0
NODE,0.758893,999,46300.660000,8601745086,43716,32,0
NODE,0.758893,999,44870.990000,8196888680,43717,40,0
NODE,0.758893,999,42604.680000,7473251150,43724,56,0
NODE,0.758893,999,43912.380000,8258301112,43721,25,0
NODE,0.758893,999,44977.100000,7894407587,43719,5,0
NODE,0.758893,999,42451.020000,7819874937,43727,30,0
NODE,0.758893,999,43726.900000,8257693478,43728,35,0
NODE,0.758893,999,44747.570000,8354870200,43726,3,0
NODE,0.758893,999,44981.920000,8298732411,43725,1,0
NODE,0.758893,999,44843.270000,8383434838,43730,57,0
NODE,0.758893,999,45052.940000,8186828692,43729,62,0
NODE,0.758893,999,44535.220000,8289618008,43736,11,0
NODE,0.758893,999,45278.580000,8008955799,43733,59,0
NODE,0.758893,999,45470.720000,8240524633,43735,41,0
NODE,0.758893,999,49366.650000,9115142941,43722,9,0
NODE,0.758893,999,46908.200000,8501612916,43732,23,0
NODE,0.758893,999,36538.090000,7404926472,43770,48,0
NODE,0.758893,999,47191.220000,9079175363,43738,74,0
NODE,0.758893,999,37808.760000,7104459944,43768,64,0
NODE,0.758893,999,46086.600000,8983926124,43744,46,0
NODE,0.758893,999,46009.220000,8935985724,43745,42,0
NODE,0.758893,999,49503.330000,9798535178,43737,4,0
NODE,0.758893,999,46720.850000,8406197287,43746,55,0
NODE,0.758893,999,47873.540000,8914834671,43743,8,0
NODE,0.758893,999,48458.650000,9404248563,43741,76,0
NODE,0.758893,999,49549.160000,9178681173,43739,68,0
NODE,0.758893,999,51252.560000,9509079068,43734,34,0
NODE,0.758893,999,40140.020000,7897512594,43769,47,0
NODE,0.758893,999,48947.900000,9990425482,43742,21,0
NODE,0.758893,999,47757.370000,9306635816,43748,50,0
NODE,0.758893,999,42839.780000,7515854131,43760,60,0
NODE,0.758893,999,39419.090000,7882042698,43774,79,0
NODE,0.758893,999,39960.500000,8147662654,43772,12,0
NODE,0.758893,999,40408.860000,7911111483,43771,67,0
NODE,0.758893,999,40481.090000,8112659954,43773,78,0
NODE,0.758893,999,51171.200000,9623227888,43740,13,0
NODE,0.758893,999,43992.050000,8703677547,43761,24,0
NODE,0.758893,999,40013.530000,7679743742,43776,38,0
NODE,0.758893,999,45617.680000,8284404420,43758,45,0
NODE,0.758893,999,44857.240000,8780612048,43759,27,0
NODE,0.758893,999,48079.690000,8293874018,43751,15,0
NODE,0.758893,999,44550.830000,8850582735,43762,6,0
NODE,0.758893,999,43865.950000,8242624975,43766,58,0
NODE,0.758893,999,40398.450000,7250686587,43777,36,0
NODE,0.758893,999,41149.210000,7636298771,43775,66,0
NODE,0.758893,999,44357.070000,8501790999,43764,37,0
NODE,0.758893,999,44476.120000,7932222647,43767,65,0
NODE,0.758893,999,44657.240000,8556338675,43765,72,0
NODE,0.758893,999,50891.270000,9369036877,43747,61,0
NODE,0.758893,999,49636.720000,9840471062,43749,75,0
NODE,0.758893,999,48856.330000,9404836783,43752,28,0
NODE,0.758893,999,48183.110000,9537928723,43754,54,0
NODE,0.758893,999,45450.340000,8527980795,43763,22,0
NODE,0.758893,999,50620.870000,9244363796,43750,17,0
NODE,0.758893,999,41261.410000,8189112595,43782,49,0
NODE,0.758893,999,42104.770000,8301234667,43778,77,0
NODE,0.758893,999,50910.240000,9162998635,43753,2,0
NODE,0.758893,999,42873.180000,8059305573,43779,73,0
NODE,0.758893,999,43164.030000,8058089454,43780,63,0
NODE,0.758893,999,43324.880000,8426078838,43781,26,0
NODE,0.758893,999,51675.420000,9729762843,43756,44,0
NODE,0.758893,999,43082.460000,8837573972,43783,52,0
NODE,0.758893,999,42101.840000,8408817135,43784,33,0
NODE,0.758893,999,52989.600000,9774527746,43757,51,0
NODE,0.758893,999,53893.920000,10327846995,43755,53,0
NODE,0.758893,999,40962.460000,8066638706,43788,71,0
NODE,0.758893,999,45445.550000,8710495666,43786,7,0
NODE,0.758893,999,48037.360000,9903717939,43785,70,0
NODE,0.758893,999,44937.170000,8410874496,43787,43,0
NODE,0.758893,999,43828.850000,8113411717,43789,20,0
NODE,0.758893,999,41711.210000,7470469349,43790,69,0
NODE,0.758893,999,37267.690000,7052870966,43798,16,0
NODE,0.758893,999,42072.300000,7584442128,43791,39,0
NODE,0.758893,999,42862.770000,7720337660,43792,29,0
NODE,0.758893,999,43735.120000,8923478771,43794,14,0
NODE,0.758893,999,42654.620000,8135574299,43796,19,0
NODE,0.758893,999,43118.610000,8367942608,43795,31,0
NODE,0.758893,999,41929.700000,7853926526,43799,32,0
NODE,0.758893,999,39900.380000,7507349155,43806,3,0
NODE,0.758893,999,44060.260000,8664843891,43797,10,0
NODE,0.758893,999,43371.200000,8487664141,43800,40,0
NODE,0.758893,999,46551.090000,9066740864,43793,18,0
NODE,0.758893,999,42429.500000,8110150168,43804,30,0
NODE,0.758893,999,39036.190000,7600998229,43811,59,0
NODE,0.758893,999,39907.240000,7726592603,43809,62,0
NODE,0.758893,999,44568.750000,8091049975,43802,25,0
NODE,0.758893,999,40730.950000,7619817492,43808,57,0
NODE,0.758893,999,39507.500000,7789015745,43813,9,0
NODE,0.758893,999,42891.610000,8666677107,43807,1,0
NODE,0.758893,999,46176.270000,8737926149,43803,5,0
NODE,0.758893,999,42769.080000,8592257402,43810,11,0
NODE,0.758893,999,45015.710000,8325133826,43805,35,0
NODE,0.758893,999,47812.400000,9501037916,43801,56,0
NODE,0.758893,999,43249.440000,9182524056,43814,23,0
NODE,0.758893,999,42396.220000,8251013996,43816,74,0
NODE,0.758893,999,42232.270000,8345195776,43824,68,0
NODE,0.758893,999,40510.720000,7581931556,43832,67,0
NODE,0.758893,999,43026.340000,8384717780,43823,76,0
NODE,0.758893,999,42898.870000,7815128374,43825,34,0
NODE,0.758893,999,48562.780000,10053568309,43812,41,0
NODE,0.758893,999,45475.150000,8747785892,43818,46,0
NODE,0.758893,999,47104.590000,9463359174,43815,48,0
NODE,0.758893,999,41965.290000,8212002954,43835,24,0
NODE,0.758893,999,41532.360000,8263205473,43839,15,0
NODE,0.758893,999,41180.120000,8121823957,43844,37,0
NODE,0.758893,999,43454.860000,8158523143,43831,12,0
NODE,0.758893,999,44325.150000,8633200972,43829,60,0
NODE,0.758893,999,43310.420000,8040399097,43834,13,0
NODE,0.758893,999,38678.150000,7029534138,43855,2,0
NODE,0.758893,999,46638.240000,8870632506,43820,4,0
NODE,0.758893,999,45383.060000,8414084281,43828,50,0
NODE,0.758893,999,43684.200000,8521656156,43837,45,0
NODE,0.758893,999,44301.370000,8314494249,43833,78,0
NODE,0.758893,999,46159.070000,9679518404,43827,21,0
NODE,0.758893,999,47173.810000,8969378188,43821,55,0
NODE,0.758893,999,49062.930000,9940749693,43817,64,0
NODE,0.758893,999,42667.810000,7861751299,43849,28,0
NODE,0.758893,999,43677.870000,8744844968,43841,58,0
NODE,0.758893,999,44246.160000,9033614982,43836,38,0
NODE,0.758893,999,41850.760000,8261346113,43852,17,0
NODE,0.758893,999,48709.510000,9224427610,43819,42,0
NODE,0.758893,999,44192.940000,8726464721,43843,66,0
NODE,0.758893,999,43672.060000,8673811874,43850,54,0
NODE,0.758893,999,46788.630000,8542792541,43830,79,0
NODE,0.758893,999,48648.140000,9470330226,43822,8,0
NODE,0.758893,999,47993.530000,9070508551,43826,47,0
NODE,0.758893,999,44741.520000,9071195265,43847,61,0
NODE,0.758893,999,45781.670000,9696918473,43840,6,0
NODE,0.758893,999,45568.110000,9235748626,43842,36,0
NODE,0.758893,999,43002.370000,7968422419,43854,77,0
NODE,0.758893,999,46254.910000,9220488847,43848,75,0
NODE,0.758893,999,44360.910000,8865842353,43853,49,0
NODE,0.758893,999,45974.400000,8801646741,43851,22,0
NODE,0.758893,999,47567.240000,10091329871,43838,27,0
NODE,0.758893,999,47225.650000,9275191646,43845,65,0
NODE,0.758893,999,43251.940000,8474807832,43858,26,0
NODE,0.758893,999,41305.490000,7826948164,43863,53,0
NODE,0.758893,999,42199.620000,8174213290,43862,51,0
NODE,0.758893,999,44502.640000,8176259001,43860,52,0
NODE,0.758893,999,44949.160000,8394693242,43859,44,0
NODE,0.758893,999,46361.480000,8881009103,43856,73,0
NODE,0.758893,999,45189.670000,8783309751,43861,33,0
NODE,0.758893,999,41632.860000,8300632516,43864,71,0
NODE,0.758893,999,39913.030000,7762777124,43865,7,0
NODE,0.758893,999,46486.360000,8841124762,43857,63,0
NODE,0.758893,999,39138.380000,7715665200,43867,43,0
NODE,0.758893,999,50831.780000,10723686354,43846,72,0
NODE,0.758893,999,42489.950000,8283449516,43868,20,0
NODE,0.758893,999,45533.450000,8518287068,43866,70,0
NODE,0.758893,999,39129.750000,7545660498,43870,16,0
NODE,0.758893,999,42056.200000,8244396073,43869,69,0
NODE,0.758893,999,42069.150000,8041791584,43871,39,0
NODE,0.758893,999,42081.350000,8480899564,43872,29,0
NODE,0.758893,999,38610.640000,7146707089,43880,18,0
NODE,0.758893,999,41106.740000,8190939462,43875,31,0
NODE,0.758893,999,42025.490000,7571202062,43874,19,0
NODE,0.758893,999,45177.250000,8414623911,43873,14,0
NODE,0.758893,999,44797.640000,8810154367,43876,32,0
NODE,0.758893,999,43320.420000,8731494259,43881,30,0
NODE,0.758893,999,44221.440000,8922209370,43883,62,0
NODE,0.758893,999,44871.090000,8777355328,43882,59,0
NODE,0.758893,999,45821.620000,8957823392,43884,25,0
NODE,0.758893,999,43021.950000,8049931019,43890,35,0
NODE,0.758893,999,42847.180000,7623152826,43891,56,0
NODE,0.758893,999,47864.340000,9260603951,43879,40,0
NODE,0.758893,999,45381.320000,10185608843,43887,1,0
NODE,0.758893,999,42102.350000,7989126549,43892,23,0
NODE,0.758893,999,46491.240000,8702996566,43886,9,0
NODE,0.758893,999,49443.290000,9374748770,43877,3,0
NODE,0.758893,999,45320.650000,9613936860,43889,11,0
NODE,0.758893,999,50248.320000,10546110610,43878,10,0
NODE,0.758893,999,38467.240000,7533916267,43899,46,0
NODE,0.758893,999,48279.630000,10424049231,43888,5,0
NODE,0.758893,999,51112.770000,10406908209,43885,57,0
NODE,0.758893,999,42119.490000,8160372406,43898,41,0
NODE,0.758893,999,42476.870000,7903585708,43896,76,0
NODE,0.758893,999,46740.330000,9015442034,43893,74,0
NODE,0.758893,999,43393.100000,7986862825,43900,48,0
NODE,0.758893,999,42819.760000,8101055735,43903,37,0
NODE,0.758893,999,44932.720000,8566194108,43897,34,0
NODE,0.758893,999,44322.500000,8546994882,43904,12,0
NODE,0.758893,999,41536.680000,8163907965,43921,54,0
NODE,0.758893,999,45167.110000,8612298559,43901,24,0
NODE,0.758893,999,43963.050000,8610886596,43906,13,0
NODE,0.758893,999,41919.590000,7772428131,43923,8,0
NODE,0.758893,999,43524.600000,8425581543,43916,58,0
NODE,0.758893,999,43553.970000,8496088780,43917,38,0
NODE,0.758893,999,46151.800000,9092058747,43902,15,0
NODE,0.758893,999,43357.780000,8014076356,43922,79,0
NODE,0.758893,999,44305.430000,9294195633,43918,17,0
NODE,0.758893,999,44209.340000,9320634516,43920,66,0
NODE,0.758893,999,44517.830000,9409993258,43919,42,0
NODE,0.758893,999,45370.270000,8474075274,43911,78,0
NODE,0.758893,999,43813.700000,8952404011,43924,47,0
NODE,0.758893,999,46069.190000,8636792164,43910,45,0
NODE,0.758893,999,47467.360000,9435342305,43907,2,0
NODE,0.758893,999,50846.850000,10584343781,43894,68,0
NODE,0.758893,999,47489.790000,9433016661,43908,4,0
NODE,0.758893,999,47050.430000,9590683491,43909,50,0
NODE,0.758893,999,46529.010000,8556631832,43914,64,0
NODE,0.758893,999,51554.200000,9911536661,43895,67,0
NODE,0.758893,999,45650.430000,9243875208,43925,61,0
NODE,0.758893,999,47547.430000,9814093637,43915,28,0
NODE,0.758893,999,48971.180000,9339203239,43905,60,0
NODE,0.758893,999,46509.390000,9525682699,43926,6,0
NODE,0.758893,999,41388.380000,7724139549,43943,63,0
NODE,0.758893,999,49201.120000,9766196816,43913,55,0
NODE,0.758893,999,44633.580000,8791321119,43934,26,0
NODE,0.758893,999,41360.240000,7340663770,43945,72,0
NODE,0.758893,999,42764.350000,8225972600,43941,71,0
NODE,0.758893,999,47705.000000,9507738323,43928,77,0
NODE,0.758893,999,42932.790000,7758935279,43944,43,0
NODE,0.758893,999,51003.250000,10193266764,43912,21,0
NODE,0.758893,999,43577.060000,8027250799,43942,7,0
NODE,0.758893,999,47343.890000,9149984901,43932,27,0
NODE,0.758893,999,45325.510000,8822958700,43937,52,0
NODE,0.758893,999,46593.920000,9078344337,43936,51,0
NODE,0.758893,999,50262.560000,10811889055,43927,36,0
NODE,0.758893,999,48826.430000,10294643554,43929,75,0
NODE,0.758893,999,49120.670000,9927044427,43935,53,0
NODE,0.758893,999,49532.110000,9780075946,43933,65,0
NODE,0.758893,999,47410.260000,9210899836,43939,73,0
NODE,0.758893,999,50997.410000,10270823975,43930,49,0
NODE,0.758893,999,51066.490000,10612972210,43931,22,0
NODE,0.758893,999,48658.260000,9358930973,43938,44,0
NODE,0.758893,999,48873.580000,9724109539,43940,33,0
NODE,0.758893,999,42631.800000,7761621209,43947,70,0
NODE,0.758893,999,44914.740000,8786693210,43946,20,0
NODE,0.758893,999,41689.970000,8072664723,43948,16,0
NODE,0.758893,999,44112.150000,8156843805,43949,69,0
NODE,0.758893,999,42526.120000,8282815313,43950,39,0
NODE,0.758893,999,40748.450000,7219220013,43953,31,0
NODE,0.758893,999,42401.010000,7388243416,43951,29,0
NODE,0.758893,999,44169.940000,8523640729,43952,18,0
NODE,0.758893,999,44197.660000,8499564590,43954,19,0
NODE,0.758893,999,43645.350000,8442403417,43957,30,0
NODE,0.758893,999,42423.750000,8099502553,43958,62,0
NODE,0.758893,999,40636.700000,7667006297,43960,25,0
NODE,0.758893,999,44762.570000,8503617982,43956,32,0
NODE,0.758893,999,42412.080000,7839696650,43959,59,0
NODE,0.758893,999,45763.440000,8357155485,43955,14,0
NODE,0.758893,999,43465.740000,8343256766,43961,35,0
NODE,0.758893,999,44789.480000,8924633618,43962,56,0
NODE,0.758893,999,45589.070000,9816074809,43965,23,0
NODE,0.758893,999,44935.990000,9086374086,43968,11,0
NODE,0.758893,999,46571.940000,8884073274,43963,40,0
NODE,0.758893,999,46052.540000,8950058791,43966,9,0
NODE,0.758893,999,44970.740000,9094739481,43969,10,0
NODE,0.758893,999,45233.330000,8859792591,43970,46,0
NODE,0.758893,999,43101.300000,8124291572,43972,57,0
NODE,0.758893,999,46864.810000,9068727112,43967,3,0
NODE,0.758893,999,47834.350000,9411662401,43964,1,0
NODE,0.758893,999,45877.830000,8619704662,43973,41,0
NODE,0.758893,999,47467.610000,8812282680,43971,5,0
NODE,0.758893,999,41447.070000,8099836075,43984,58,0
NODE,0.758893,999,45817.690000,8746452208,43975,74,0
NODE,0.758893,999,47229.370000,9715084779,43974,76,0
NODE,0.758893,999,41078.130000,8265843527,43989,66,0
NODE,0.758893,999,45934.240000,9489968418,43978,34,0
NODE,0.758893,999,42719.950000,8972710447,43991,78,0
NODE,0.758893,999,47310.920000,9324498138,43976,48,0
NODE,0.758893,999,44561.450000,8415423409,43985,38,0
NODE,0.758893,999,43327.440000,8882216189,43990,42,0
NODE,0.758893,999,43237.530000,9177093649,43992,47,0
NODE,0.758893,999,42284.850000,8272755948,43996,4,0
NODE,0.758893,999,42132.640000,7647520484,43998,64,0
NODE,0.758893,999,44223.720000,8977202751,43988,17,0
NODE,0.758893,999,46765.880000,9388590551,43981,24,0
NODE,0.758893,999,43771.130000,8903214073,43994,2,0
NODE,0.758893,999,47466.380000,8945398781,43982,13,0
NODE,0.758893,999,48332.440000,9914506889,43979,12,0
NODE,0.758893,999,45811.170000,8644682094,43993,45,0
NODE,0.758893,999,47705.480000,9793225996,43986,15,0
NODE,0.758893,999,49055.350000,9347735893,43980,54,0
NODE,0.758893,999,44905.170000,8440526777,43999,67,0
NODE,0.758893,999,45777.540000,9066006810,43997,50,0
NODE,0.758893,999,47909.330000,9403642977,43987,79,0
NODE,0.758893,999,52363.010000,10990461174,43977,37,0
NODE,0.758893,999,46770.400000,9923974831,43995,68,0
NODE,0.758893,999,50666.170000,10869841564,43983,8,0
NODE,0.758893,999,46718.210000,9472281405,44000,61,0
