NODE,0.758893,999,35659.810000,6703202806,3660,159,0
NODE,0.758893,999,37843.680000,7289144491,3656,113,0
NODE,0.758893,999,38711.740000,7483062385,3655,215,0
NODE,0.758893,999,39337.810000,7725455601,3684,57,0
NODE,0.758893,999,39368.890000,7434901010,3686,94,0
NODE,0.758893,999,39805.790000,7663796494,3685,59,0
NODE,0.758893,999,39810.790000,7844565300,3683,55,0
NODE,0.758893,999,39835.990000,7699251516,3659,228,0
NODE,0.758893,999,39904.960000,8036300456,3609,51,0
NODE,0.758893,999,39944.620000,7247015513,3671,119,0
NODE,0.758893,999,39971.540000,8025873421,3692,79,0
NODE,0.758893,999,40000.650000,8532304794,3657,229,0
NODE,0.758893,999,40403.580000,8490340807,3682,238,0
NODE,0.758893,999,40515.310000,7668214327,3708,179,0
NODE,0.758893,999,40854.530000,7839519180,3664,115,0
NODE,0.758893,999,40914.720000,7954463384,3687,63,0
NODE,0.758893,999,41129.270000,7901727037,3715,185,0
NODE,0.758893,999,41137.020000,7636737806,3613,100,0
NODE,0.758893,999,41151.880000,8726747132,3612,204,0
NODE,0.758893,999,41269.850000,8144829731,3681,53,0
NODE,0.758893,999,41280.590000,7926682974,3723,199,0
NODE,0.758893,999,41308.980000,7696690412,3653,217,0
NODE,0.758893,999,41348.340000,7892115402,3597,202,0
NODE,0.758893,999,41368.680000,8121401106,3712,186,0
NODE,0.758893,999,41595.480000,7586268547,3678,47,0
NODE,0.758893,999,41652.210000,7905485616,3735,194,0
NODE,0.758893,999,41659.020000,8304513271,3667,118,0
NODE,0.758893,999,41671.530000,7825412679,3690,72,0
NODE,0.758893,999,41710.160000,7850247213,3620,104,0
NODE,0.758893,999,41749.330000,7715522093,3603,52,0
NODE,0.758893,999,41755.100000,7967119794,3654,78,0
NODE,0.758893,999,41932.570000,7584277786,3634,151,0
NODE,0.758893,999,42081.330000,8170354535,3714,187,0
NODE,0.758893,999,42124.740000,8012401331,3691,76,0
NODE,0.758893,999,42161.730000,8174924343,3730,177,0
NODE,0.758893,999,42284.990000,8011483465,3718,191,0
NODE,0.758893,999,42320.530000,7816449415,3668,235,0
NODE,0.758893,999,42354.100000,8012404398,3697,71,0
NODE,0.758893,999,42453.810000,8246584818,3658,157,0
NODE,0.758893,999,42457.370000,7844256867,3699,165,0
NODE,0.758893,999,42667.500000,8097014089,3694,68,0
NODE,0.758893,999,42689.430000,8130846475,3693,62,0
NODE,0.758893,999,42692.660000,8428319617,3689,74,0
NODE,0.758893,999,42697.380000,7893692819,3500,2,0
NODE,0.758893,999,42722.820000,8516713277,3663,117,0
NODE,0.758893,999,42727.280000,8685425204,3611,145,0
NODE,0.758893,999,42732.490000,7945619640,3501,3,0
NODE,0.758893,999,42744.290000,8824555702,3614,56,0
NODE,0.758893,999,42807.980000,7856645650,3528,31,0
NODE,0.758893,999,43060.190000,8401972821,3502,4,0
NODE,0.758893,999,43066.530000,8130791296,3680,50,0
NODE,0.758893,999,43106.260000,8197149251,3587,89,0
NODE,0.758893,999,43136.220000,7849848692,3707,180,0
NODE,0.758893,999,43139.790000,8285885655,3530,33,0
NODE,0.758893,999,43222.340000,8462795414,3610,102,0
NODE,0.758893,999,43225.980000,8555758506,3648,110,0
NODE,0.758893,999,43260.800000,8096731206,3602,98,0
NODE,0.758893,999,43283.100000,8474576590,3570,226,0
NODE,0.758893,999,43294.950000,8016838049,3513,15,0
NODE,0.758893,999,43351.480000,8385419887,3523,26,0
NODE,0.758893,999,43359.180000,8378466302,3651,213,0
NODE,0.758893,999,43423.410000,8654712526,3518,20,0
NODE,0.758893,999,43425.480000,8612637498,3650,112,0
NODE,0.758893,999,43541.890000,8091758775,3605,97,0
NODE,0.758893,999,43542.770000,8163897040,3695,73,0
NODE,0.758893,999,43567.610000,8510585208,3639,109,0
NODE,0.758893,999,43609.840000,8602332635,3622,206,0
NODE,0.758893,999,43672.430000,8402684378,3604,143,0
NODE,0.758893,999,43681.910000,7735414719,3636,211,0
NODE,0.758893,999,43676.470000,8802113861,3670,230,0
NODE,0.758893,999,43723.130000,8317306926,3600,96,0
NODE,0.758893,999,43752.660000,8286803555,3661,232,0
NODE,0.758893,999,43839.900000,8966853198,3705,175,0
NODE,0.758893,999,43837.620000,8309993657,3731,171,0
NODE,0.758893,999,43852.910000,8280184991,3676,236,0
NODE,0.758893,999,43931.080000,8028187517,3516,18,0
NODE,0.758893,999,43983.190000,7892958699,3551,207,0
NODE,0.758893,999,43992.970000,8499483873,3617,103,0
NODE,0.758893,999,44018.020000,8150468683,3674,44,0
NODE,0.758893,999,44030.730000,8392225831,3552,121,0
NODE,0.758893,999,44043.850000,8425182435,3608,54,0
NODE,0.758893,999,44110.060000,8091777439,3572,87,0
NODE,0.758893,999,44111.510000,8481721277,3623,60,0
NODE,0.758893,999,44135.500000,8314931208,3736,197,0
NODE,0.758893,999,44154.170000,8862178024,3724,160,0
NODE,0.758893,999,44220.530000,8895548042,3599,48,0
NODE,0.758893,999,44255.830000,8671272182,3703,170,0
NODE,0.758893,999,44360.630000,8321235037,3542,216,0
NODE,0.758893,999,44366.920000,8886225763,3672,137,0
NODE,0.758893,999,44360.030000,9085696549,3677,45,0
NODE,0.758893,999,44391.940000,8798054977,3641,214,0
NODE,0.758893,999,44401.500000,8177834651,3734,182,0
NODE,0.758893,999,44418.920000,8137472345,3591,139,0
NODE,0.758893,999,44499.240000,9130342821,3713,188,0
NODE,0.758893,999,44519.880000,8798348544,3504,6,0
NODE,0.758893,999,44558.220000,7942626903,3624,148,0
NODE,0.758893,999,44569.820000,8789553755,3709,181,0
NODE,0.758893,999,44705.940000,9006286033,3588,91,0
NODE,0.758893,999,44792.840000,8627755819,3607,99,0
NODE,0.758893,999,44827.180000,8650448287,3732,172,0
NODE,0.758893,999,44838.710000,8902529827,3706,178,0
NODE,0.758893,999,44838.490000,8843144779,3534,37,0
NODE,0.758893,999,44940.030000,8190718135,3635,65,0
NODE,0.758893,999,44951.870000,8820905440,3606,201,0
NODE,0.758893,999,44958.750000,9151352387,3665,116,0
NODE,0.758893,999,44987.210000,8719417215,3558,80,0
NODE,0.758893,999,45021.010000,8749749455,3509,11,0
NODE,0.758893,999,45057.010000,8849203565,3619,58,0
NODE,0.758893,999,45082.990000,8480797790,3696,77,0
NODE,0.758893,999,45087.230000,8814716093,3675,233,0
NODE,0.758893,999,45113.600000,8565474201,3662,114,0
NODE,0.758893,999,45118.310000,8679782256,3647,155,0
NODE,0.758893,999,45130.140000,8618094176,3519,21,0
NODE,0.758893,999,45185.650000,9457807514,3710,183,0
NODE,0.758893,999,45249.210000,8949936010,3581,135,0
NODE,0.758893,999,45426.720000,9201747449,3716,189,0
NODE,0.758893,999,45464.500000,9070223547,3593,92,0
NODE,0.758893,999,45489.990000,8740133613,3598,140,0
NODE,0.758893,999,45603.600000,8668307249,3698,163,0
NODE,0.758893,999,45657.680000,8636308007,3704,176,0
NODE,0.758893,999,45656.500000,8417568778,3625,61,0
NODE,0.758893,999,45759.720000,9361478290,3508,10,0
NODE,0.758893,999,45841.500000,8586329707,3561,125,0
NODE,0.758893,999,45851.750000,8170774435,3700,167,0
NODE,0.758893,999,45852.630000,8595087554,3541,158,0
NODE,0.758893,999,45887.370000,9421504690,3726,162,0
NODE,0.758893,999,45898.240000,9369435994,3688,69,0
NODE,0.758893,999,45961.570000,8879152012,3511,13,0
NODE,0.758893,999,45966.400000,9354242977,3646,111,0
NODE,0.758893,999,45981.340000,8530987750,3595,95,0
NODE,0.758893,999,46013.400000,8775719837,3506,8,0
NODE,0.758893,999,46026.600000,9404776594,3540,122,0
NODE,0.758893,999,46048.760000,9686935746,3717,190,0
NODE,0.758893,999,46082.040000,8558639278,3514,16,0
NODE,0.758893,999,46137.410000,8914040987,3575,88,0
NODE,0.758893,999,46145.250000,9161894843,3574,134,0
NODE,0.758893,999,46190.760000,9343957085,3621,146,0
NODE,0.758893,999,46189.390000,8704817263,3679,49,0
NODE,0.758893,999,46306.630000,8498122607,3596,141,0
NODE,0.758893,999,46308.340000,8628587203,3673,43,0
NODE,0.758893,999,46360.320000,8566954039,3722,196,0
NODE,0.758893,999,46373.180000,9131540820,3649,70,0
NODE,0.758893,999,46413.790000,9071556445,3562,124,0
NODE,0.758893,999,46434.870000,8923850013,3505,7,0
NODE,0.758893,999,46444.160000,9234200831,3582,227,0
NODE,0.758893,999,46466.670000,9353908253,3669,42,0
NODE,0.758893,999,46515.970000,9007651378,3643,154,0
NODE,0.758893,999,46539.750000,8804545037,3579,136,0
NODE,0.758893,999,46545.170000,8570124414,3701,169,0
NODE,0.758893,999,46597.320000,9195035389,3738,67,0
NODE,0.758893,999,46639.490000,8801107782,3568,127,0
NODE,0.758893,999,46652.870000,8795543277,3503,5,0
NODE,0.758893,999,46721.970000,8697645607,3517,19,0
NODE,0.758893,999,46750.300000,9416486405,3618,147,0
NODE,0.758893,999,46755.200000,8924799637,3512,14,0
NODE,0.758893,999,46782.110000,9563197586,3666,40,0
NODE,0.758893,999,46867.770000,9165576648,3725,161,0
NODE,0.758893,999,46943.320000,9636327075,3627,149,0
NODE,0.758893,999,46966.650000,9586161141,3521,24,0
NODE,0.758893,999,46977.760000,8305333792,3590,90,0
NODE,0.758893,999,47008.550000,9098695639,3626,208,0
NODE,0.758893,999,47071.350000,8913845816,3554,144,0
NODE,0.758893,999,47132.420000,9204427619,3637,152,0
NODE,0.758893,999,47145.860000,9167917514,3592,41,0
NODE,0.758893,999,47152.050000,9048369753,3550,142,0
NODE,0.758893,999,47159.070000,8780900727,3589,138,0
NODE,0.758893,999,47192.620000,9200306289,3565,128,0
NODE,0.758893,999,47209.100000,9719859563,3522,25,0
NODE,0.758893,999,47283.560000,9666208951,3555,223,0
NODE,0.758893,999,47303.150000,10106535481,3629,106,0
NODE,0.758893,999,47342.080000,8783264597,3702,173,0
NODE,0.758893,999,47394.660000,8914183085,3601,200,0
NODE,0.758893,999,47490.630000,9155693294,3543,218,0
NODE,0.758893,999,47502.500000,9239594249,3642,212,0
NODE,0.758893,999,47631.180000,9329368973,3583,130,0
NODE,0.758893,999,47651.940000,9336390769,3584,225,0
NODE,0.758893,999,47723.290000,9425851210,3545,131,0
NODE,0.758893,999,47733.170000,9550958056,3535,38,0
NODE,0.758893,999,47754.450000,10074491694,3615,203,0
NODE,0.758893,999,47809.870000,10201990931,3719,193,0
NODE,0.758893,999,47844.250000,9748247682,3616,205,0
NODE,0.758893,999,47845.420000,9771310997,3721,192,0
NODE,0.758893,999,47867.530000,9137388259,3594,46,0
NODE,0.758893,999,47957.570000,9426647625,3652,156,0
NODE,0.758893,999,48078.560000,9814171352,3628,105,0
NODE,0.758893,999,48114.350000,9243597077,3537,23,0
NODE,0.758893,999,48135.720000,9375083980,3733,174,0
NODE,0.758893,999,48150.430000,10612920158,3711,184,0
NODE,0.758893,999,48173.430000,9344249077,3720,195,0
NODE,0.758893,999,48218.270000,9091844289,3549,220,0
NODE,0.758893,999,48223.440000,9550119554,3548,219,0
NODE,0.758893,999,48246.980000,9076588826,3569,85,0
NODE,0.758893,999,48341.940000,10069308073,3544,126,0
NODE,0.758893,999,48380.570000,9497255393,3737,198,0
NODE,0.758893,999,48403.440000,10129324126,3640,66,0
NODE,0.758893,999,48456.960000,9532540603,3573,132,0
NODE,0.758893,999,48452.820000,9543289329,3556,81,0
NODE,0.758893,999,48460.090000,9772230140,3529,32,0
NODE,0.758893,999,48601.100000,9886548474,3560,224,0
NODE,0.758893,999,48654.670000,9228297331,3557,123,0
NODE,0.758893,999,48686.630000,9531361402,3645,75,0
NODE,0.758893,999,48758.180000,10345302483,3586,133,0
NODE,0.758893,999,48766.630000,9230546491,3515,17,0
NODE,0.758893,999,48806.690000,9611755421,3531,34,0
NODE,0.758893,999,48826.580000,10522528265,3553,210,0
NODE,0.758893,999,48859.620000,9603609550,3576,234,0
NODE,0.758893,999,48991.480000,9341960176,3539,120,0
NODE,0.758893,999,49036.210000,9399028590,3580,83,0
NODE,0.758893,999,49095.730000,8960468533,3559,221,0
NODE,0.758893,999,49104.550000,10019786474,3526,29,0
NODE,0.758893,999,49346.640000,9792797763,3507,9,0
NODE,0.758893,999,49375.000000,9547271568,3571,231,0
NODE,0.758893,999,49430.140000,9182893773,3547,84,0
NODE,0.758893,999,49451.540000,9241361264,3638,150,0
NODE,0.758893,999,49777.710000,10569686884,3546,93,0
NODE,0.758893,999,49804.060000,10329896405,3520,22,0
NODE,0.758893,999,49830.410000,9955355921,3510,12,0
NODE,0.758893,999,49939.730000,9614940760,3632,64,0
NODE,0.758893,999,50085.930000,10676292622,3727,166,0
NODE,0.758893,999,50102.120000,9785586703,3578,239,0
NODE,0.758893,999,50188.640000,10171122678,3538,1,0
NODE,0.758893,999,50199.610000,9567136467,3633,108,0
NODE,0.758893,999,50221.490000,10173045644,3566,129,0
NODE,0.758893,999,50285.450000,10230586356,3729,164,0
NODE,0.758893,999,50442.040000,10210448633,3630,209,0
NODE,0.758893,999,50587.310000,10127066516,3644,153,0
NODE,0.758893,999,51138.170000,9314822948,3567,82,0
NODE,0.758893,999,51410.790000,10276891932,3532,35,0
NODE,0.758893,999,51541.900000,10275526143,3631,107,0
NODE,0.758893,999,51843.470000,10333082763,3525,28,0
NODE,0.758893,999,52130.200000,10704021196,3577,237,0
NODE,0.758893,999,52233.360000,9609864611,3564,222,0
NODE,0.758893,999,52291.140000,10058217032,3536,39,0
NODE,0.758893,999,52384.060000,10196731207,3527,30,0
NODE,0.758893,999,52684.390000,11414373991,3728,168,0
NODE,0.758893,999,52790.980000,10148515222,3563,101,0
NODE,0.758893,999,52817.080000,11719459785,3533,36,0
NODE,0.758893,999,53193.690000,11207914854,3524,27,0
NODE,0.758893,999,53460.940000,10890249391,3585,86,0
NODE,0.758893,999,40640.590000,7366448763,3746,228,0
NODE,0.758893,999,45230.100000,8961665326,3739,159,0
NODE,0.758893,999,41739.290000,7593286393,3748,119,0
NODE,0.758893,999,42287.560000,8080591447,3747,51,0
NODE,0.758893,999,41171.650000,7513513268,3762,186,0
NODE,0.758893,999,43267.200000,8372176131,3745,55,0
NODE,0.758893,999,40384.490000,8139408506,3783,117,0
NODE,0.758893,999,42640.620000,8155593070,3772,76,0
NODE,0.758893,999,42189.280000,8213640727,3781,74,0
NODE,0.758893,999,40714.920000,7346352487,3832,188,0
NODE,0.758893,999,43058.800000,8301229218,3784,145,0
NODE,0.758893,999,46033.660000,8797645138,3744,59,0
NODE,0.758893,999,38984.180000,7241195811,3895,161,0
NODE,0.758893,999,47348.100000,9727883507,3741,215,0
NODE,0.758893,999,45279.960000,8724857087,3754,63,0
NODE,0.758893,999,45193.060000,9158933425,3755,185,0
NODE,0.758893,999,44270.760000,8849676902,3771,187,0
NODE,0.758893,999,48605.300000,9522270185,3740,113,0
NODE,0.758893,999,42038.760000,7862129947,3831,139,0
NODE,0.758893,999,43580.940000,9064406924,3788,4,0
NODE,0.758893,999,41695.740000,7642036965,3844,80,0
NODE,0.758893,999,42859.250000,7507331150,3812,171,0
NODE,0.758893,999,45644.190000,8085250446,3758,53,0
NODE,0.758893,999,44764.310000,8399562546,3773,177,0
NODE,0.758893,999,43517.670000,8665547519,3802,97,0
NODE,0.758893,999,43700.000000,8180534237,3798,26,0
NODE,0.758893,999,42553.400000,8071667750,3833,6,0
NODE,0.758893,999,44776.830000,8267797758,3776,71,0
NODE,0.758893,999,46743.450000,8373390303,3751,238,0
NODE,0.758893,999,46397.950000,8701948025,3753,115,0
NODE,0.758893,999,47930.270000,9185531798,3742,57,0
NODE,0.758893,999,46228.020000,9747846029,3756,100,0
NODE,0.758893,999,41687.260000,7295186899,3861,125,0
NODE,0.758893,999,47564.820000,9045336337,3749,79,0
NODE,0.758893,999,47531.450000,9443194382,3750,229,0
NODE,0.758893,999,44172.940000,8371928580,3799,213,0
NODE,0.758893,999,44436.930000,8215940759,3796,226,0
NODE,0.758893,999,44961.040000,8377044190,3787,31,0
NODE,0.758893,999,44627.470000,8601826197,3795,98,0
NODE,0.758893,999,46335.530000,8899216807,3763,47,0
NODE,0.758893,999,48594.800000,9663989413,3743,94,0
NODE,0.758893,999,42134.090000,7935802887,3862,167,0
NODE,0.758893,999,46336.910000,8591441003,3767,104,0
NODE,0.758893,999,46950.320000,9346777751,3757,204,0
NODE,0.758893,999,44186.490000,8062873299,3814,18,0
NODE,0.758893,999,44930.790000,8726730020,3800,20,0
NODE,0.758893,999,44035.650000,7415293060,3826,216,0
NODE,0.758893,999,42584.850000,8363479094,3863,158,0
NODE,0.758893,999,45785.030000,8507791863,3786,56,0
NODE,0.758893,999,43540.550000,8361901066,3847,77,0
NODE,0.758893,999,44497.960000,7794895515,3824,48,0
NODE,0.758893,999,44587.960000,8298266459,3823,160,0
NODE,0.758893,999,47431.570000,9006187312,3760,217,0
NODE,0.758893,999,41797.700000,7733635313,3897,24,0
NODE,0.758893,999,46101.120000,9465984069,3780,62,0
NODE,0.758893,999,47491.750000,9019002835,3761,202,0
NODE,0.758893,999,42164.280000,7961268084,3894,40,0
NODE,0.758893,999,48461.670000,9148443447,3752,179,0
NODE,0.758893,999,43856.810000,8407178154,3851,21,0
NODE,0.758893,999,44747.100000,8622972540,3825,170,0
NODE,0.758893,999,43793.690000,8156191688,3853,135,0
NODE,0.758893,999,44107.770000,8435125107,3843,116,0
NODE,0.758893,999,46853.330000,8689867033,3778,165,0
NODE,0.758893,999,42491.900000,7894898277,3898,90,0
NODE,0.758893,999,44639.630000,8718986506,3839,178,0
NODE,0.758893,999,42647.440000,8026787986,3896,149,0
NODE,0.758893,999,44644.080000,8536997979,3842,201,0
NODE,0.758893,999,45575.200000,8922719396,3819,54,0
NODE,0.758893,999,46893.990000,8642461160,3785,3,0
NODE,0.758893,999,45887.860000,8665525540,3810,232,0
NODE,0.758893,999,45299.880000,8038936232,3827,137,0
NODE,0.758893,999,46396.170000,9054804459,3797,15,0
NODE,0.758893,999,44761.210000,8685052411,3845,11,0
NODE,0.758893,999,44357.510000,8712773137,3855,92,0
NODE,0.758893,999,48226.410000,10021566260,3764,194,0
NODE,0.758893,999,44155.630000,8294057691,3860,10,0
NODE,0.758893,999,46223.570000,8168315878,3809,96,0
NODE,0.758893,999,43992.190000,8102763406,3873,88,0
NODE,0.758893,999,46571.120000,9644774682,3805,206,0
NODE,0.758893,999,44212.320000,8680574211,3867,111,0
NODE,0.758893,999,45433.410000,9136864979,3840,37,0
NODE,0.758893,999,45720.840000,9147821912,3835,181,0
NODE,0.758893,999,42891.660000,8824897166,3912,212,0
NODE,0.758893,999,43740.010000,8571547766,3893,14,0
NODE,0.758893,999,43993.770000,8894552303,3885,154,0
NODE,0.758893,999,48602.570000,9351664396,3770,151,0
NODE,0.758893,999,47125.890000,8989976387,3801,112,0
NODE,0.758893,999,44901.590000,8624720943,3858,176,0
NODE,0.758893,999,43411.580000,8237870325,3903,142,0
NODE,0.758893,999,48281.770000,9399276793,3774,191,0
NODE,0.758893,999,48132.720000,9044521361,3777,157,0
NODE,0.758893,999,44012.230000,8880683207,3888,67,0
NODE,0.758893,999,46516.230000,8891708314,3820,87,0
NODE,0.758893,999,45824.950000,8731930891,3838,172,0
NODE,0.758893,999,47600.770000,9651749747,3791,180,0
NODE,0.758893,999,49076.100000,10399966438,3765,118,0
NODE,0.758893,999,43277.430000,7704551865,3911,218,0
NODE,0.758893,999,43374.680000,8069073753,3910,200,0
NODE,0.758893,999,46416.510000,9064681983,3829,214,0
NODE,0.758893,999,49080.680000,9424563628,3768,52,0
NODE,0.758893,999,44222.520000,8053443964,3889,127,0
NODE,0.758893,999,47693.040000,9179987029,3794,110,0
NODE,0.758893,999,44549.280000,9141250752,3881,124,0
NODE,0.758893,999,47878.980000,10115920150,3792,33,0
NODE,0.758893,999,46494.690000,9037473373,3834,148,0
NODE,0.758893,999,47957.820000,9582232634,3790,89,0
NODE,0.758893,999,46714.610000,8798940419,3828,45,0
NODE,0.758893,999,43995.610000,8758741430,3901,152,0
NODE,0.758893,999,45191.210000,8531300727,3866,13,0
NODE,0.758893,999,49427.840000,9871162999,3769,78,0
NODE,0.758893,999,47865.720000,9320808961,3803,73,0
NODE,0.758893,999,47921.340000,9520538596,3804,109,0
NODE,0.758893,999,45905.410000,8843900447,3857,163,0
NODE,0.758893,999,49213.520000,9760678047,3775,235,0
NODE,0.758893,999,44514.300000,8237567933,3900,144,0
NODE,0.758893,999,45539.410000,8439187034,3871,190,0
NODE,0.758893,999,44589.340000,8224509610,3899,208,0
NODE,0.758893,999,47764.280000,9201520424,3811,175,0
NODE,0.758893,999,46904.280000,8853684449,3837,99,0
NODE,0.758893,999,47287.000000,8592755004,3830,182,0
NODE,0.758893,999,46575.300000,9283088334,3850,155,0
NODE,0.758893,999,45331.930000,8710094902,3880,70,0
NODE,0.758893,999,45628.930000,8725136884,3874,134,0
NODE,0.758893,999,46810.860000,8642554210,3848,233,0
NODE,0.758893,999,49223.890000,10173026085,3782,2,0
NODE,0.758893,999,44113.360000,8202028657,3918,193,0
NODE,0.758893,999,48716.360000,10103077450,3793,102,0
NODE,0.758893,999,44399.160000,8984245481,3916,38,0
NODE,0.758893,999,46238.470000,8922732385,3868,95,0
NODE,0.758893,999,45818.480000,9422983247,3883,227,0
NODE,0.758893,999,45735.900000,9124988908,3887,169,0
NODE,0.758893,999,46866.220000,8767248027,3854,189,0
NODE,0.758893,999,43903.390000,8258074239,3933,66,0
NODE,0.758893,999,46426.980000,8888294699,3865,69,0
NODE,0.758893,999,46250.440000,9184587517,3872,16,0
NODE,0.758893,999,43617.640000,8285825813,3941,17,0
NODE,0.758893,999,47299.080000,9002138130,3849,114,0
NODE,0.758893,999,51144.480000,9163569356,3759,199,0
NODE,0.758893,999,50780.200000,9163782631,3766,72,0
NODE,0.758893,999,45126.340000,8408431308,3909,173,0
NODE,0.758893,999,44768.670000,8415773656,3919,205,0
NODE,0.758893,999,45982.090000,9097458500,3890,5,0
NODE,0.758893,999,49620.270000,10337435544,3789,50,0
NODE,0.758893,999,46256.750000,8912375982,3882,7,0
NODE,0.758893,999,45554.470000,9013392940,3902,41,0
NODE,0.758893,999,48717.020000,9071896291,3815,207,0
NODE,0.758893,999,45107.220000,8233303767,3914,225,0
NODE,0.758893,999,47775.820000,9117632634,3846,58,0
NODE,0.758893,999,46472.480000,9052251160,3884,42,0
NODE,0.758893,999,49302.110000,9296908835,3808,230,0
NODE,0.758893,999,47147.260000,9282828575,3875,146,0
NODE,0.758893,999,46874.000000,8731184772,3886,136,0
NODE,0.758893,999,49659.780000,9609375812,3813,236,0
NODE,0.758893,999,47754.760000,8507672473,3864,162,0
NODE,0.758893,999,47614.450000,8802888083,3870,122,0
NODE,0.758893,999,49679.180000,9608423333,3816,103,0
NODE,0.758893,999,48486.790000,9557408827,3852,183,0
NODE,0.758893,999,45532.100000,9279005322,3932,198,0
NODE,0.758893,999,47210.370000,9689894182,3891,19,0
NODE,0.758893,999,46776.110000,8954517921,3906,25,0
NODE,0.758893,999,49489.410000,10243734954,3836,91,0
NODE,0.758893,999,47878.260000,9017665812,3879,196,0
NODE,0.758893,999,51723.750000,9926482137,3779,68,0
NODE,0.758893,999,47643.770000,9238248782,3892,147,0
NODE,0.758893,999,49534.850000,9392057875,3841,65,0
NODE,0.758893,999,46063.300000,8793304955,3936,32,0
NODE,0.758893,999,46580.790000,8776502367,3923,105,0
NODE,0.758893,999,50713.640000,10491191539,3817,44,0
NODE,0.758893,999,47792.830000,9531179568,3904,138,0
NODE,0.758893,999,50941.020000,9572338964,3818,121,0
NODE,0.758893,999,47273.480000,9873642996,3915,131,0
NODE,0.758893,999,49059.390000,9702737994,3869,8,0
NODE,0.758893,999,51088.040000,9796112119,3821,60,0
NODE,0.758893,999,49055.400000,9437399387,3876,49,0
NODE,0.758893,999,49795.930000,9383520686,3856,140,0
NODE,0.758893,999,46832.410000,8587962284,3934,132,0
NODE,0.758893,999,46201.920000,8442741886,3948,29,0
NODE,0.758893,999,49670.390000,9092887668,3859,61,0
NODE,0.758893,999,51765.040000,9972798300,3806,143,0
NODE,0.758893,999,47004.170000,8377208225,3935,81,0
NODE,0.758893,999,47763.370000,8809916937,3920,192,0
NODE,0.758893,999,45858.530000,9036076080,3954,22,0
NODE,0.758893,999,49699.070000,9423762207,3877,141,0
NODE,0.758893,999,47537.870000,8947549830,3943,210,0
NODE,0.758893,999,48610.110000,9628064542,3917,203,0
NODE,0.758893,999,47900.740000,8758078842,3937,224,0
NODE,0.758893,999,52823.720000,10046886563,3807,211,0
NODE,0.758893,999,48465.950000,9102663737,3927,195,0
NODE,0.758893,999,48719.450000,8946233677,3922,156,0
NODE,0.758893,999,48084.460000,9241141111,3939,75,0
NODE,0.758893,999,49551.940000,9464606577,3907,223,0
NODE,0.758893,999,52768.230000,9752759689,3822,197,0
NODE,0.758893,999,49843.670000,9460254106,3908,106,0
NODE,0.758893,999,44660.940000,8177255201,3975,36,0
NODE,0.758893,999,49385.200000,9860594601,3924,23,0
NODE,0.758893,999,50625.820000,9721448188,3905,128,0
NODE,0.758893,999,48653.320000,9078498416,3952,150,0
NODE,0.758893,999,51856.470000,10682752992,3878,43,0
NODE,0.758893,999,48824.180000,8526328861,3951,84,0
NODE,0.758893,999,49334.570000,8962516540,3945,120,0
NODE,0.758893,999,50863.360000,9571624002,3913,130,0
NODE,0.758893,999,46221.100000,8397880487,3971,39,0
NODE,0.758893,999,50427.080000,9876994907,3925,174,0
NODE,0.758893,999,48737.980000,9471758488,3956,64,0
NODE,0.758893,999,50592.210000,10619658550,3928,220,0
NODE,0.758893,999,49221.980000,9264550080,3953,93,0
NODE,0.758893,999,50086.050000,8989681453,3946,83,0
NODE,0.758893,999,51006.860000,10159647107,3926,184,0
NODE,0.758893,999,45964.920000,8360782066,3976,27,0
NODE,0.758893,999,50426.270000,9903078285,3947,221,0
NODE,0.758893,999,51771.390000,10010896990,3921,46,0
NODE,0.758893,999,51621.050000,10585573897,3930,85,0
NODE,0.758893,999,51524.300000,10505377519,3931,126,0
NODE,0.758893,999,50645.240000,9379101239,3949,9,0
NODE,0.758893,999,51503.270000,10230720193,3940,133,0
NODE,0.758893,999,52041.440000,9399800837,3942,34,0
NODE,0.758893,999,50752.770000,9903370648,3962,164,0
NODE,0.758893,999,48486.980000,10182032936,3973,168,0
NODE,0.758893,999,47919.210000,9356081685,3977,86,0
NODE,0.758893,999,51550.790000,10019389230,3955,12,0
NODE,0.758893,999,51327.180000,10147630838,3957,166,0
NODE,0.758893,999,49434.670000,9770532832,3969,237,0
NODE,0.758893,999,53106.830000,9986354137,3938,123,0
NODE,0.758893,999,52042.400000,9741585310,3964,153,0
NODE,0.758893,999,52534.420000,10359558980,3959,1,0
NODE,0.758893,999,52294.420000,9683964916,3963,209,0
NODE,0.758893,999,51631.660000,9429018312,3965,82,0
NODE,0.758893,999,54549.010000,10912299119,3929,219,0
NODE,0.758893,999,53554.180000,10141313563,3950,231,0
NODE,0.758893,999,50723.790000,9016382895,3970,222,0
NODE,0.758893,999,54176.350000,10307727849,3944,234,0
NODE,0.758893,999,50791.920000,9125056412,3974,101,0
NODE,0.758893,999,53862.210000,10656935611,3961,129,0
NODE,0.758893,999,52712.860000,10072028456,3968,28,0
NODE,0.758893,999,53203.120000,10280420903,3967,107,0
NODE,0.758893,999,55884.660000,10477417536,3958,239,0
NODE,0.758893,999,53612.350000,10244058965,3972,30,0
NODE,0.758893,999,56191.130000,10908697284,3960,108,0
NODE,0.758893,999,56492.960000,10564191305,3966,35,0
NODE,0.758893,999,43906.460000,8657055990,3982,186,0
NODE,0.758893,999,47089.630000,9584906654,3978,228,0
NODE,0.758893,999,44027.890000,8760828397,3988,145,0
NODE,0.758893,999,46957.150000,9412015484,3984,117,0
NODE,0.758893,999,43763.280000,7707485261,4001,177,0
NODE,0.758893,999,49100.590000,9740727037,3980,119,0
NODE,0.758893,999,48154.070000,9414300719,3983,55,0
NODE,0.758893,999,50542.960000,9793161363,3979,159,0
NODE,0.758893,999,46285.900000,8497596178,3991,215,0
NODE,0.758893,999,46028.470000,8930875074,3996,139,0
NODE,0.758893,999,47635.730000,9484331357,3986,74,0
NODE,0.758893,999,46677.580000,9397462964,3995,113,0
NODE,0.758893,999,47311.110000,9445434682,3989,59,0
NODE,0.758893,999,47403.700000,9809242238,3990,161,0
NODE,0.758893,999,46660.900000,9196631995,3998,80,0
NODE,0.758893,999,46548.170000,8585289341,4000,53,0
NODE,0.758893,999,51367.940000,10523297162,3981,51,0
NODE,0.758893,999,48512.490000,9279320272,3987,188,0
NODE,0.758893,999,47412.530000,9568294742,3994,187,0
NODE,0.758893,999,47649.200000,9329835423,3992,63,0
NODE,0.758893,999,48450.410000,9519824611,3993,185,0
NODE,0.758893,999,49614.870000,9270740356,3997,4,0
NODE,0.758893,999,52574.400000,9845549616,3985,76,0
NODE,0.758893,999,50801.820000,9468007661,3999,171,0
