NODE,0.758893,999,39513.400000,8163033416,13008,9,0
NODE,0.758893,999,39558.470000,7606589818,13038,34,0
NODE,0.758893,999,39953.530000,6707047537,13074,71,0
NODE,0.758893,999,41413.830000,8270631473,13018,19,0
NODE,0.758893,999,41553.790000,7738724496,13043,49,0
NODE,0.758893,999,41592.640000,7853536682,13023,24,0
NODE,0.758893,999,41676.950000,7905687898,13078,72,0
NODE,0.758893,999,41713.360000,7559759805,13070,68,0
NODE,0.758893,999,41717.210000,7193907929,13046,74,0
NODE,0.758893,999,42153.920000,8762691620,13036,38,0
NODE,0.758893,999,42204.130000,8018943865,13077,78,0
NODE,0.758893,999,42276.120000,8819206150,13010,11,0
NODE,0.758893,999,42362.070000,7882155617,13025,26,0
NODE,0.758893,999,42371.980000,7574909619,13058,56,0
NODE,0.758893,999,42640.150000,8532891856,13026,27,0
NODE,0.758893,999,42717.150000,8670199831,13030,31,0
NODE,0.758893,999,43024.630000,8032567182,13071,69,0
NODE,0.758893,999,43135.890000,8074772679,13056,53,0
NODE,0.758893,999,43292.250000,8287288605,13055,52,0
NODE,0.758893,999,43299.010000,7502871443,13039,40,0
NODE,0.758893,999,43319.830000,7576963315,13073,75,0
NODE,0.758893,999,43632.150000,7285625634,13042,45,0
NODE,0.758893,999,43637.020000,7373263443,13040,43,0
NODE,0.758893,999,43748.180000,8607236326,13034,36,0
NODE,0.758893,999,43832.230000,8358481566,13062,60,0
NODE,0.758893,999,43990.360000,9332324717,13022,23,0
NODE,0.758893,999,43991.700000,7688168680,13047,79,0
NODE,0.758893,999,44222.560000,9046169651,13051,46,0
NODE,0.758893,999,44224.790000,7979680998,13061,59,0
NODE,0.758893,999,44544.820000,8487015484,13044,73,0
NODE,0.758893,999,44790.760000,8589761170,13017,18,0
NODE,0.758893,999,44844.390000,9198138061,13037,39,0
NODE,0.758893,999,44894.080000,8399639826,13072,70,0
NODE,0.758893,999,45002.670000,9331346139,13011,12,0
NODE,0.758893,999,45029.150000,9652134382,13014,15,0
NODE,0.758893,999,45031.070000,9421462656,13005,6,0
NODE,0.758893,999,45151.070000,8797234206,13048,42,0
NODE,0.758893,999,45229.100000,8910123754,13016,17,0
NODE,0.758893,999,45230.120000,8234703947,13041,41,0
NODE,0.758893,999,45237.730000,8556661242,13013,14,0
NODE,0.758893,999,45260.950000,9763365117,13002,3,0
NODE,0.758893,999,45324.450000,9067007919,13021,22,0
NODE,0.758893,999,45350.910000,8336282956,13063,61,0
NODE,0.758893,999,45368.310000,8326593633,13064,62,0
NODE,0.758893,999,45384.090000,7988054392,13057,54,0
NODE,0.758893,999,45388.140000,9433476128,13006,7,0
NODE,0.758893,999,45498.240000,7746441687,13075,77,0
NODE,0.758893,999,45565.830000,9395500774,13012,13,0
NODE,0.758893,999,45568.500000,8701717531,13033,35,0
NODE,0.758893,999,45614.480000,9707291668,13000,1,0
NODE,0.758893,999,45651.990000,9599074303,13007,8,0
NODE,0.758893,999,45735.750000,7643293871,13054,51,0
NODE,0.758893,999,45743.760000,8829781950,13065,63,0
NODE,0.758893,999,45770.330000,8876019933,13029,30,0
NODE,0.758893,999,45869.200000,8962635252,13020,21,0
NODE,0.758893,999,45898.800000,8494403334,13053,50,0
NODE,0.758893,999,46059.070000,8629864538,13045,57,0
NODE,0.758893,999,46132.500000,7975513319,13050,44,0
NODE,0.758893,999,46158.430000,8951572447,13019,20,0
NODE,0.758893,999,46218.640000,8600504650,13067,64,0
NODE,0.758893,999,46294.580000,9333646384,13059,58,0
NODE,0.758893,999,46427.660000,9112461917,13009,10,0
NODE,0.758893,999,47033.030000,8590069788,13028,29,0
NODE,0.758893,999,47057.230000,9072284728,13004,5,0
NODE,0.758893,999,47126.490000,8993373112,13032,33,0
NODE,0.758893,999,47214.580000,9402389550,13024,25,0
NODE,0.758893,999,47375.960000,9077564907,13069,67,0
NODE,0.758893,999,47726.320000,8647826288,13052,48,0
NODE,0.758893,999,48067.910000,8647086183,13027,28,0
NODE,0.758893,999,48184.640000,8607153697,13031,32,0
NODE,0.758893,999,48199.810000,8701174030,13049,47,0
NODE,0.758893,999,48332.070000,9461834662,13060,55,0
NODE,0.758893,999,48428.430000,9312789876,13076,76,0
NODE,0.758893,999,48478.500000,10079405875,13015,16,0
NODE,0.758893,999,48925.090000,10272007489,13003,4,0
NODE,0.758893,999,49541.840000,9535964147,13066,65,0
NODE,0.758893,999,51937.150000,10719465214,13001,2,0
NODE,0.758893,999,52290.220000,9819440826,13068,66,0
NODE,0.758893,999,54041.460000,10264239325,13035,37,0
NODE,0.758893,999,40004.150000,7674627507,13080,34,0
NODE,0.758893,999,37897.360000,7369097933,13088,38,0
NODE,0.758893,999,39013.340000,7177789629,13082,19,0
NODE,0.758893,999,38692.750000,7508769275,13090,11,0
NODE,0.758893,999,42460.850000,8723757313,13079,9,0
NODE,0.758893,999,40692.970000,8164117024,13086,68,0
NODE,0.758893,999,40940.490000,7049101030,13085,72,0
NODE,0.758893,999,42789.050000,8653009252,13081,71,0
NODE,0.758893,999,39333.630000,7746601752,13102,36,0
NODE,0.758893,999,40110.710000,7119919117,13095,69,0
NODE,0.758893,999,39551.300000,6728868769,13103,60,0
NODE,0.758893,999,40110.740000,7735670895,13097,52,0
NODE,0.758893,999,42174.770000,8403565112,13083,49,0
NODE,0.758893,999,41276.050000,7597597422,13099,75,0
NODE,0.758893,999,42928.760000,7708726777,13087,74,0
NODE,0.758893,999,42742.380000,7160937181,13089,78,0
NODE,0.758893,999,39681.420000,7134424665,13120,22,0
NODE,0.758893,999,43556.200000,8902733167,13084,24,0
NODE,0.758893,999,39958.370000,7881796565,13128,1,0
NODE,0.758893,999,42301.720000,7647426194,13098,40,0
NODE,0.758893,999,38703.290000,7171886092,13142,5,0
NODE,0.758893,999,42673.750000,7942091076,13096,53,0
NODE,0.758893,999,40884.500000,7787867200,13124,7,0
NODE,0.758893,999,40715.170000,7576037401,13126,13,0
NODE,0.758893,999,40540.490000,7536971086,13135,57,0
NODE,0.758893,999,40877.690000,7909112252,13132,30,0
NODE,0.758893,999,41433.150000,8009351508,13127,35,0
NODE,0.758893,999,43026.200000,8136544630,13104,23,0
NODE,0.758893,999,41156.070000,7954596899,13134,50,0
NODE,0.758893,999,43875.710000,8000349012,13100,45,0
NODE,0.758893,999,42754.610000,7934530455,13111,70,0
NODE,0.758893,999,39547.110000,7148389982,13148,32,0
NODE,0.758893,999,45387.660000,8770284091,13091,26,0
NODE,0.758893,999,45050.920000,9027509989,13094,31,0
NODE,0.758893,999,42199.400000,7754315438,13131,63,0
NODE,0.758893,999,40955.280000,7469828330,13143,33,0
NODE,0.758893,999,41232.440000,7618015194,13141,29,0
NODE,0.758893,999,45919.470000,8619779434,13092,56,0
NODE,0.758893,999,44172.030000,7895857824,13106,46,0
NODE,0.758893,999,42538.230000,7927568606,13133,21,0
NODE,0.758893,999,43561.240000,7769699129,13116,17,0
NODE,0.758893,999,44144.650000,8128858367,13113,15,0
NODE,0.758893,999,43981.160000,8709682717,13118,14,0
NODE,0.758893,999,43094.600000,7640701707,13136,44,0
NODE,0.758893,999,43904.300000,7773048770,13121,61,0
NODE,0.758893,999,40848.180000,7368609035,13151,76,0
NODE,0.758893,999,45308.590000,8228184589,13105,79,0
NODE,0.758893,999,41951.010000,7363297552,13145,67,0
NODE,0.758893,999,44723.920000,7838992242,13110,39,0
NODE,0.758893,999,46256.600000,7925394514,13101,43,0
NODE,0.758893,999,42905.100000,7945750108,13144,25,0
NODE,0.758893,999,42185.480000,7873357191,13147,28,0
NODE,0.758893,999,44818.400000,8777140606,13129,8,0
NODE,0.758893,999,46275.010000,9034924735,13107,59,0
NODE,0.758893,999,47952.480000,9824595439,13093,27,0
NODE,0.758893,999,42296.110000,7843769022,13152,16,0
NODE,0.758893,999,45422.360000,8567443649,13122,62,0
NODE,0.758893,999,44577.570000,7894263853,13139,58,0
NODE,0.758893,999,45526.880000,7882243830,13123,54,0
NODE,0.758893,999,42675.750000,7432095123,13150,55,0
NODE,0.758893,999,43791.680000,8131080834,13146,48,0
NODE,0.758893,999,46387.570000,7646671186,13117,41,0
NODE,0.758893,999,46796.430000,9233639099,13112,12,0
NODE,0.758893,999,45653.030000,8317710785,13140,10,0
NODE,0.758893,999,47140.510000,9292741434,13114,6,0
NODE,0.758893,999,46776.150000,9058261456,13125,77,0
NODE,0.758893,999,47308.120000,8939236714,13115,42,0
NODE,0.758893,999,44266.970000,7839565688,13149,47,0
NODE,0.758893,999,47812.520000,9902868979,13109,18,0
NODE,0.758893,999,46619.560000,9251455053,13137,20,0
NODE,0.758893,999,47526.600000,8743931736,13119,3,0
NODE,0.758893,999,48256.000000,9159265247,13108,73,0
NODE,0.758893,999,47171.600000,8944343452,13130,51,0
NODE,0.758893,999,43983.540000,8664535744,13153,4,0
NODE,0.758893,999,46877.570000,8400983589,13138,64,0
NODE,0.758893,999,44993.580000,8888398518,13154,65,0
NODE,0.758893,999,43530.670000,7981180844,13156,66,0
NODE,0.758893,999,45097.710000,8842316820,13155,2,0
NODE,0.758893,999,43559.430000,8102585374,13157,37,0
NODE,0.758893,999,44948.960000,8294675695,13158,34,0
NODE,0.758893,999,44757.880000,8455925524,13160,19,0
NODE,0.758893,999,43995.020000,8166698432,13163,68,0
NODE,0.758893,999,39746.380000,7508607036,13183,30,0
NODE,0.758893,999,46013.840000,8789684623,13161,11,0
NODE,0.758893,999,41394.360000,7373939971,13178,5,0
NODE,0.758893,999,44909.500000,8394487647,13164,72,0
NODE,0.758893,999,42202.980000,7850148348,13179,53,0
NODE,0.758893,999,48050.050000,8741214377,13159,38,0
NODE,0.758893,999,42389.320000,8062776677,13181,13,0
NODE,0.758893,999,40931.090000,7241642044,13191,31,0
NODE,0.758893,999,46814.620000,9278015320,13162,9,0
NODE,0.758893,999,43988.260000,8920572953,13174,22,0
NODE,0.758893,999,46140.200000,8648547106,13166,36,0
NODE,0.758893,999,46499.660000,8709908452,13165,71,0
NODE,0.758893,999,42286.310000,7965888371,13185,23,0
NODE,0.758893,999,45914.890000,8556886711,13169,52,0
NODE,0.758893,999,44343.710000,8936810359,13176,1,0
NODE,0.758893,999,46290.900000,8859044957,13170,49,0
NODE,0.758893,999,42218.640000,7585896403,13192,63,0
NODE,0.758893,999,44600.150000,7934777091,13177,40,0
NODE,0.758893,999,46100.220000,9000166160,13173,78,0
NODE,0.758893,999,46507.430000,8808756489,13171,75,0
NODE,0.758893,999,48025.390000,9288509774,13168,60,0
NODE,0.758893,999,43980.050000,8280783674,13189,32,0
NODE,0.758893,999,43614.190000,7826507688,13197,21,0
NODE,0.758893,999,47518.370000,8610912158,13172,74,0
NODE,0.758893,999,49093.770000,9392370838,13167,69,0
NODE,0.758893,999,45691.290000,8853057665,13182,57,0
NODE,0.758893,999,43575.040000,8312081995,13198,17,0
NODE,0.758893,999,47337.420000,9824366554,13175,24,0
NODE,0.758893,999,44441.780000,8322456754,13193,33,0
NODE,0.758893,999,44998.200000,7863674947,13188,70,0
NODE,0.758893,999,45729.100000,8387082529,13184,35,0
NODE,0.758893,999,44567.150000,7945729925,13194,29,0
NODE,0.758893,999,46612.030000,9614780370,13180,7,0
NODE,0.758893,999,43959.410000,7954487012,13201,44,0
NODE,0.758893,999,44872.710000,7062262841,13196,46,0
NODE,0.758893,999,44019.410000,7706978980,13204,79,0
NODE,0.758893,999,46278.200000,8691138436,13190,26,0
NODE,0.758893,999,47556.620000,9268941756,13186,50,0
NODE,0.758893,999,42083.910000,8239624053,13226,18,0
NODE,0.758893,999,45448.930000,7542041059,13202,61,0
NODE,0.758893,999,45743.940000,9150341102,13199,15,0
NODE,0.758893,999,45809.420000,8069554868,13203,76,0
NODE,0.758893,999,42348.720000,7221514884,13227,20,0
NODE,0.758893,999,44914.180000,8192969878,13209,28,0
NODE,0.758893,999,46885.670000,7930915978,13195,56,0
NODE,0.758893,999,43482.930000,7950965704,13220,12,0
NODE,0.758893,999,46134.930000,8686514384,13206,39,0
NODE,0.758893,999,42682.890000,7583191923,13232,64,0
NODE,0.758893,999,43955.860000,7651419724,13223,77,0
NODE,0.758893,999,46365.080000,9261113261,13208,25,0
NODE,0.758893,999,47391.470000,8879426377,13200,14,0
NODE,0.758893,999,45072.950000,8617627336,13222,6,0
NODE,0.758893,999,47362.800000,8209825087,13207,43,0
NODE,0.758893,999,44585.230000,8539382671,13231,4,0
NODE,0.758893,999,50162.420000,9022371072,13187,45,0
NODE,0.758893,999,45638.450000,9100360238,13221,10,0
NODE,0.758893,999,43592.070000,7280185022,13233,65,0
NODE,0.758893,999,45716.950000,8183035695,13224,42,0
NODE,0.758893,999,47200.620000,9154032273,13217,55,0
NODE,0.758893,999,48019.340000,9977342151,13212,27,0
NODE,0.758893,999,45813.090000,7984685587,13230,51,0
NODE,0.758893,999,48334.140000,10121367607,13213,16,0
NODE,0.758893,999,46355.440000,7895635905,13229,73,0
NODE,0.758893,999,48612.580000,9340160925,13214,62,0
NODE,0.758893,999,42578.320000,8066897951,13235,2,0
NODE,0.758893,999,48095.720000,9040907598,13219,41,0
NODE,0.758893,999,48905.700000,9025615003,13216,54,0
NODE,0.758893,999,49449.460000,9844921534,13210,8,0
NODE,0.758893,999,49125.590000,9388871177,13215,58,0
NODE,0.758893,999,49635.200000,9393625200,13211,59,0
NODE,0.758893,999,44648.190000,7645901109,13234,66,0
NODE,0.758893,999,49195.360000,8894911497,13218,48,0
NODE,0.758893,999,49135.810000,8675626906,13225,47,0
NODE,0.758893,999,54144.070000,9580370205,13205,67,0
NODE,0.758893,999,50981.530000,8899041296,13228,3,0
NODE,0.758893,999,46758.420000,8874673821,13236,37,0
NODE,0.758893,999,45152.840000,8883036354,13237,34,0
NODE,0.758893,999,44194.410000,8538947360,13243,72,0
NODE,0.758893,999,44993.420000,8506760460,13241,11,0
NODE,0.758893,999,43387.610000,8559683862,13249,22,0
NODE,0.758893,999,47239.310000,9295091943,13238,19,0
NODE,0.758893,999,44095.560000,8754902787,13247,31,0
NODE,0.758893,999,44546.590000,8915267793,13246,13,0
NODE,0.758893,999,45358.330000,9046676291,13245,38,0
NODE,0.758893,999,44681.960000,9224317411,13248,9,0
NODE,0.758893,999,44358.590000,7971161323,13252,23,0
NODE,0.758893,999,46723.370000,9289315452,13242,5,0
NODE,0.758893,999,39525.290000,7895344559,13280,15,0
NODE,0.758893,999,47056.330000,8717862391,13244,53,0
NODE,0.758893,999,45490.950000,8327172274,13254,1,0
NODE,0.758893,999,45677.940000,8570304954,13256,63,0
NODE,0.758893,999,49759.080000,8804997413,13240,30,0
NODE,0.758893,999,46210.720000,7898332715,13255,49,0
NODE,0.758893,999,42319.560000,8007883446,13276,26,0
NODE,0.758893,999,45144.690000,8442742344,13261,32,0
NODE,0.758893,999,50491.070000,9497436126,13239,68,0
NODE,0.758893,999,44705.480000,7974826277,13264,69,0
NODE,0.758893,999,47014.390000,8457825110,13257,40,0
NODE,0.758893,999,44892.590000,7824432460,13267,24,0
NODE,0.758893,999,46430.720000,7982235026,13258,78,0
NODE,0.758893,999,45471.030000,8293727640,13262,21,0
NODE,0.758893,999,45582.920000,7800214259,13263,74,0
NODE,0.758893,999,41177.980000,8138445451,13290,14,0
NODE,0.758893,999,42765.540000,7818956607,13285,12,0
NODE,0.758893,999,49199.220000,9264049752,13253,52,0
NODE,0.758893,999,47729.480000,8490126555,13259,75,0
NODE,0.758893,999,46826.280000,8940475511,13265,57,0
NODE,0.758893,999,46817.990000,8129810781,13269,70,0
NODE,0.758893,999,42370.280000,8762330279,13291,6,0
NODE,0.758893,999,44326.960000,8550555587,13286,39,0
NODE,0.758893,999,43205.200000,7900521442,13292,43,0
NODE,0.758893,999,47662.370000,9469975776,13272,7,0
NODE,0.758893,999,49233.380000,8954034024,13260,60,0
NODE,0.758893,999,48180.260000,8891260078,13268,33,0
NODE,0.758893,999,46172.520000,8391240378,13278,18,0
NODE,0.758893,999,46033.330000,8811524794,13284,56,0
NODE,0.758893,999,46244.270000,8847401908,13281,76,0
NODE,0.758893,999,52184.030000,10146969810,13250,36,0
NODE,0.758893,999,46241.190000,8794091657,13283,28,0
NODE,0.758893,999,48318.720000,8680702454,13274,46,0
NODE,0.758893,999,44060.200000,7966744755,13295,10,0
NODE,0.758893,999,48526.950000,8823194562,13275,79,0
NODE,0.758893,999,42527.560000,8099516658,13303,62,0
NODE,0.758893,999,42873.120000,8281961839,13301,16,0
NODE,0.758893,999,45777.680000,8955595424,13288,77,0
NODE,0.758893,999,49340.560000,8703437941,13270,35,0
NODE,0.758893,999,53093.620000,9350875006,13251,71,0
NODE,0.758893,999,49567.320000,8852235562,13271,29,0
NODE,0.758893,999,49325.110000,8364259393,13273,44,0
NODE,0.758893,999,46752.440000,8776892107,13287,64,0
NODE,0.758893,999,44087.730000,8119738367,13299,27,0
NODE,0.758893,999,45181.420000,8399109112,13296,65,0
NODE,0.758893,999,44630.280000,8531660703,13300,51,0
NODE,0.758893,999,51518.760000,9640626072,13266,17,0
NODE,0.758893,999,47444.210000,9660487039,13289,25,0
NODE,0.758893,999,48839.110000,10175120742,13282,20,0
NODE,0.758893,999,47363.040000,8717720149,13293,4,0
NODE,0.758893,999,44249.480000,8344875277,13311,48,0
NODE,0.758893,999,45208.730000,8710138754,13309,59,0
NODE,0.758893,999,51013.500000,10279628046,13279,61,0
NODE,0.758893,999,48174.660000,8896033139,13294,45,0
NODE,0.758893,999,47685.900000,8629913636,13298,55,0
NODE,0.758893,999,45763.540000,8882872568,13310,66,0
NODE,0.758893,999,44791.000000,8846463040,13312,47,0
NODE,0.758893,999,47158.960000,8933108410,13304,2,0
NODE,0.758893,999,48743.460000,9837323274,13297,42,0
NODE,0.758893,999,52652.400000,10438505477,13277,50,0
NODE,0.758893,999,47408.780000,9166558382,13307,8,0
NODE,0.758893,999,48373.520000,8705481837,13308,58,0
NODE,0.758893,999,46248.780000,9029257039,13314,3,0
NODE,0.758893,999,52352.970000,9379408208,13306,54,0
NODE,0.758893,999,53011.030000,9447900148,13302,73,0
NODE,0.758893,999,52566.380000,10548901822,13305,41,0
NODE,0.758893,999,49336.110000,9319655227,13313,67,0
NODE,0.758893,999,49932.420000,9900788140,13315,37,0
NODE,0.758893,999,43353.700000,8446115196,13316,34,0
NODE,0.758893,999,44129.760000,8455360003,13318,11,0
NODE,0.758893,999,44293.340000,9373934799,13325,23,0
NODE,0.758893,999,46404.950000,8465051129,13317,72,0
NODE,0.758893,999,45179.240000,8696725560,13322,13,0
NODE,0.758893,999,46083.040000,9154552220,13319,22,0
NODE,0.758893,999,45377.140000,8882542606,13323,38,0
NODE,0.758893,999,45505.020000,9328197702,13324,9,0
NODE,0.758893,999,46057.170000,8805551224,13326,5,0
NODE,0.758893,999,47611.340000,10023067797,13320,19,0
NODE,0.758893,999,45558.150000,9206123584,13328,53,0
NODE,0.758893,999,44148.280000,8780470112,13338,24,0
NODE,0.758893,999,45414.420000,8678510928,13333,26,0
NODE,0.758893,999,49467.510000,9153032800,13321,31,0
NODE,0.758893,999,45826.420000,8772853995,13340,21,0
NODE,0.758893,999,49199.430000,9987203855,13327,15,0
NODE,0.758893,999,47676.030000,8663694684,13335,68,0
NODE,0.758893,999,47730.550000,8848974012,13337,40,0
NODE,0.758893,999,49123.250000,8948148974,13330,63,0
NODE,0.758893,999,44476.700000,8702302242,13351,7,0
NODE,0.758893,999,44209.810000,8074228584,13354,18,0
NODE,0.758893,999,48343.420000,9289785159,13334,32,0
NODE,0.758893,999,46353.130000,8687768186,13346,57,0
NODE,0.758893,999,42434.950000,7298944011,13372,51,0
NODE,0.758893,999,47953.980000,9123869213,13343,12,0
NODE,0.758893,999,50177.070000,10765456734,13331,30,0
NODE,0.758893,999,46239.510000,8613446592,13350,43,0
NODE,0.758893,999,50564.450000,9280531609,13332,49,0
NODE,0.758893,999,43249.760000,8078535856,13373,17,0
NODE,0.758893,999,46524.820000,7981847951,13352,60,0
NODE,0.758893,999,50242.460000,10384184132,13336,69,0
NODE,0.758893,999,45670.290000,8632049108,13359,46,0
NODE,0.758893,999,43365.000000,7968305719,13374,25,0
NODE,0.758893,999,46764.200000,8486588472,13353,33,0
NODE,0.758893,999,45400.990000,8466707096,13367,29,0
NODE,0.758893,999,43876.880000,7608146648,13375,20,0
NODE,0.758893,999,49350.510000,9449266221,13344,52,0
NODE,0.758893,999,49293.460000,8731527856,13345,75,0
NODE,0.758893,999,44850.940000,7556320833,13371,65,0
NODE,0.758893,999,47187.390000,8296249588,13355,56,0
NODE,0.758893,999,47154.810000,8647353269,13358,28,0
NODE,0.758893,999,51181.000000,9879456675,13339,78,0
NODE,0.758893,999,41391.250000,7729882999,13387,8,0
NODE,0.758893,999,46794.560000,8320431818,13365,35,0
NODE,0.758893,999,47519.610000,8670121195,13357,36,0
NODE,0.758893,999,47609.760000,8989623791,13356,76,0
NODE,0.758893,999,42423.760000,7755988979,13384,2,0
NODE,0.758893,999,42883.270000,7581838111,13383,47,0
NODE,0.758893,999,47632.960000,8829363111,13360,10,0
NODE,0.758893,999,47417.780000,8763026810,13369,64,0
NODE,0.758893,999,48119.950000,8954576353,13362,62,0
NODE,0.758893,999,50619.640000,9285140326,13347,70,0
NODE,0.758893,999,55023.470000,11495076851,13329,1,0
NODE,0.758893,999,52785.370000,9765508321,13342,14,0
NODE,0.758893,999,45056.260000,7822089109,13379,61,0
NODE,0.758893,999,43538.980000,7718481183,13386,50,0
NODE,0.758893,999,51658.070000,10041350576,13348,6,0
NODE,0.758893,999,49604.380000,9050835972,13363,16,0
NODE,0.758893,999,53952.980000,9829204685,13341,74,0
NODE,0.758893,999,49295.430000,8806349434,13370,27,0
NODE,0.758893,999,47110.080000,7831866440,13377,48,0
NODE,0.758893,999,47305.180000,8597296252,13376,4,0
NODE,0.758893,999,49915.520000,9550512323,13366,71,0
NODE,0.758893,999,51369.390000,9823153111,13361,79,0
NODE,0.758893,999,53290.000000,10393819870,13349,39,0
NODE,0.758893,999,47572.140000,8491705983,13381,55,0
NODE,0.758893,999,51482.160000,9599530508,13364,77,0
NODE,0.758893,999,47397.530000,8271766569,13382,66,0
NODE,0.758893,999,45305.790000,8556356371,13388,58,0
NODE,0.758893,999,48462.270000,8740971556,13378,59,0
NODE,0.758893,999,44122.250000,8489397364,13389,3,0
NODE,0.758893,999,52071.760000,9766018761,13368,44,0
NODE,0.758893,999,48524.950000,9001287004,13385,42,0
NODE,0.758893,999,51435.540000,9297374901,13380,45,0
NODE,0.758893,999,45921.230000,8202510149,13390,54,0
NODE,0.758893,999,46802.600000,8093702481,13391,73,0
NODE,0.758893,999,47818.900000,8363913439,13392,41,0
NODE,0.758893,999,46351.420000,8695620071,13394,37,0
NODE,0.758893,999,49515.670000,8841961388,13393,67,0
NODE,0.758893,999,47415.970000,8939887118,13395,34,0
NODE,0.758893,999,40445.790000,7180047004,13406,24,0
NODE,0.758893,999,44014.680000,7978890377,13400,22,0
NODE,0.758893,999,45789.050000,8526926299,13399,13,0
NODE,0.758893,999,44467.980000,8293339016,13404,19,0
NODE,0.758893,999,43519.040000,8504022844,13407,26,0
NODE,0.758893,999,47356.770000,9029071096,13397,23,0
NODE,0.758893,999,49783.700000,10363939391,13396,11,0
NODE,0.758893,999,47714.040000,9282325425,13402,9,0
NODE,0.758893,999,46293.370000,7836260828,13405,53,0
NODE,0.758893,999,38557.690000,6737227791,13436,78,0
NODE,0.758893,999,45644.290000,8895704125,13408,31,0
NODE,0.758893,999,49608.170000,9226119424,13401,38,0
NODE,0.758893,999,50675.620000,8939514353,13398,72,0
NODE,0.758893,999,45493.840000,8578357224,13409,21,0
NODE,0.758893,999,39655.820000,7021710380,13443,10,0
NODE,0.758893,999,44073.760000,7835240907,13416,32,0
NODE,0.758893,999,41497.680000,7302886857,13432,75,0
NODE,0.758893,999,41022.410000,7432930388,13437,8,0
NODE,0.758893,999,42365.150000,8033847821,13428,33,0
NODE,0.758893,999,40972.800000,7458955197,13439,36,0
NODE,0.758893,999,43676.760000,7726831644,13421,43,0
NODE,0.758893,999,47595.280000,8649324231,13410,15,0
NODE,0.758893,999,51506.100000,9312342802,13403,5,0
NODE,0.758893,999,44140.910000,8055679272,13427,25,0
NODE,0.758893,999,46451.170000,9239728964,13414,7,0
NODE,0.758893,999,44138.140000,8029254231,13429,29,0
NODE,0.758893,999,47398.650000,8397445192,13411,68,0
NODE,0.758893,999,47081.280000,8416277500,13412,40,0
NODE,0.758893,999,45889.530000,8350085764,13420,30,0
NODE,0.758893,999,46342.590000,9198104208,13419,12,0
NODE,0.758893,999,43867.030000,7901442921,13435,28,0
NODE,0.758893,999,43581.460000,7490085020,13440,76,0
NODE,0.758893,999,42556.530000,7996830005,13447,1,0
NODE,0.758893,999,45995.480000,8717157451,13423,17,0
NODE,0.758893,999,47685.630000,9491753724,13417,57,0
NODE,0.758893,999,45592.270000,8010581880,13434,56,0
NODE,0.758893,999,46786.410000,8394125206,13426,46,0
NODE,0.758893,999,44778.410000,8048019225,13442,47,0
NODE,0.758893,999,42553.080000,8674157420,13452,16,0
NODE,0.758893,999,47109.840000,8403273214,13425,69,0
NODE,0.758893,999,45517.120000,8369453373,13438,35,0
NODE,0.758893,999,47146.670000,9142298048,13430,20,0
NODE,0.758893,999,43189.310000,9132890022,13454,27,0
NODE,0.758893,999,45410.840000,8341983676,13444,64,0
NODE,0.758893,999,45387.640000,8708895031,13446,70,0
NODE,0.758893,999,45434.690000,7715520824,13445,62,0
NODE,0.758893,999,44827.390000,7952149645,13450,50,0
NODE,0.758893,999,46564.980000,8591347801,13441,2,0
NODE,0.758893,999,47649.210000,7867903358,13433,65,0
NODE,0.758893,999,49031.670000,8859621252,13422,49,0
NODE,0.758893,999,45436.090000,8557221192,13448,14,0
NODE,0.758893,999,44702.200000,8356166919,13453,74,0
NODE,0.758893,999,51513.740000,9508067481,13413,63,0
NODE,0.758893,999,49385.100000,9387712602,13424,60,0
NODE,0.758893,999,44403.000000,8082881090,13457,71,0
NODE,0.758893,999,44683.330000,8867704934,13455,48,0
NODE,0.758893,999,45719.430000,8597548765,13451,6,0
NODE,0.758893,999,42752.800000,7341499638,13466,44,0
NODE,0.758893,999,45031.570000,7667309037,13458,79,0
NODE,0.758893,999,46194.700000,8373706311,13456,4,0
NODE,0.758893,999,44841.440000,8817426883,13462,66,0
NODE,0.758893,999,45064.290000,9037170894,13465,3,0
NODE,0.758893,999,54206.330000,10535428842,13415,18,0
NODE,0.758893,999,45984.020000,8342359617,13461,77,0
NODE,0.758893,999,42263.910000,7247366979,13469,54,0
NODE,0.758893,999,43133.580000,7818883616,13468,45,0
NODE,0.758893,999,47724.690000,9362091287,13459,39,0
NODE,0.758893,999,42119.970000,7842647160,13470,73,0
NODE,0.758893,999,55824.270000,10700004382,13418,51,0
NODE,0.758893,999,48013.340000,9564661967,13463,58,0
NODE,0.758893,999,48580.290000,9086996981,13460,55,0
NODE,0.758893,999,46670.040000,8679534683,13467,42,0
NODE,0.758893,999,51444.170000,9383912455,13449,61,0
NODE,0.758893,999,54709.030000,10329760325,13431,52,0
NODE,0.758893,999,44490.520000,7618560699,13471,41,0
NODE,0.758893,999,51192.030000,9946319563,13464,59,0
NODE,0.758893,999,44744.420000,7961829061,13473,67,0
NODE,0.758893,999,47207.820000,8965476649,13472,37,0
NODE,0.758893,999,42930.040000,8300963354,13475,24,0
NODE,0.758893,999,44527.110000,8878507833,13474,34,0
NODE,0.758893,999,39452.330000,7305667600,13482,9,0
NODE,0.758893,999,42240.950000,7351922944,13480,23,0
NODE,0.758893,999,43296.930000,7895703349,13479,26,0
NODE,0.758893,999,46281.730000,8825326501,13476,22,0
NODE,0.758893,999,40192.020000,7197148429,13488,21,0
NODE,0.758893,999,44823.130000,8808986359,13478,19,0
NODE,0.758893,999,41700.810000,7636228548,13486,38,0
NODE,0.758893,999,37459.000000,7164834869,13508,17,0
NODE,0.758893,999,38505.160000,7618768522,13503,30,0
NODE,0.758893,999,43579.500000,7798124885,13484,78,0
NODE,0.758893,999,41590.050000,8201440114,13490,32,0
NODE,0.758893,999,43348.310000,7856876860,13485,31,0
NODE,0.758893,999,47561.110000,8423539510,13477,13,0
NODE,0.758893,999,41784.690000,8281299797,13495,43,0
NODE,0.758893,999,42085.070000,7658702074,13496,15,0
NODE,0.758893,999,41439.530000,7949188316,13500,29,0
NODE,0.758893,999,44442.390000,8398656941,13489,10,0
NODE,0.758893,999,43753.390000,8009758873,13494,36,0
NODE,0.758893,999,41203.680000,7504933817,13506,76,0
NODE,0.758893,999,41051.530000,8312328578,13507,1,0
NODE,0.758893,999,45249.390000,8137516393,13487,72,0
NODE,0.758893,999,44473.240000,7894031204,13491,75,0
NODE,0.758893,999,44382.920000,8656143744,13493,33,0
NODE,0.758893,999,48401.990000,8542614311,13481,11,0
NODE,0.758893,999,47777.880000,7995936614,13483,53,0
NODE,0.758893,999,41902.040000,7714311411,13509,57,0
NODE,0.758893,999,43834.770000,8695369215,13499,7,0
NODE,0.758893,999,44055.290000,8832056925,13497,5,0
NODE,0.758893,999,43192.490000,8461525609,13504,12,0
NODE,0.758893,999,45835.220000,8794208216,13492,8,0
NODE,0.758893,999,41697.080000,7997019676,13510,56,0
NODE,0.758893,999,43281.780000,9230054537,13505,28,0
NODE,0.758893,999,44008.930000,8587601397,13502,40,0
NODE,0.758893,999,44155.180000,7987815398,13501,68,0
NODE,0.758893,999,42502.240000,8029203876,13511,46,0
NODE,0.758893,999,41850.790000,8105745553,13516,20,0
NODE,0.758893,999,45511.270000,8737423801,13498,25,0
NODE,0.758893,999,41470.650000,7638452462,13524,49,0
NODE,0.758893,999,41300.650000,8104852259,13525,14,0
NODE,0.758893,999,43862.650000,8510466134,13517,27,0
NODE,0.758893,999,44761.960000,9129268592,13514,69,0
NODE,0.758893,999,45526.190000,8530431853,13512,47,0
NODE,0.758893,999,45603.600000,9353009153,13513,16,0
NODE,0.758893,999,45481.470000,8711544761,13515,35,0
NODE,0.758893,999,44182.210000,8683984373,13522,2,0
NODE,0.758893,999,45518.370000,8869702021,13521,50,0
NODE,0.758893,999,43303.610000,8643701390,13535,66,0
NODE,0.758893,999,46600.100000,8747799031,13518,64,0
NODE,0.758893,999,46166.640000,8965510325,13526,74,0
NODE,0.758893,999,47140.700000,8602798043,13519,70,0
NODE,0.758893,999,46914.840000,9190978521,13523,65,0
NODE,0.758893,999,45901.660000,9017474782,13531,6,0
NODE,0.758893,999,44661.920000,8977057684,13533,79,0
NODE,0.758893,999,44679.630000,9137851285,13534,4,0
NODE,0.758893,999,42313.520000,7616008242,13542,73,0
NODE,0.758893,999,49008.740000,9204822177,13520,62,0
NODE,0.758893,999,43645.660000,7651132772,13541,39,0
NODE,0.758893,999,42722.490000,7697618862,13545,55,0
NODE,0.758893,999,48683.840000,8887699770,13527,63,0
NODE,0.758893,999,48680.640000,8937183731,13528,60,0
NODE,0.758893,999,44888.520000,8631630647,13540,45,0
NODE,0.758893,999,48854.930000,9350555997,13530,48,0
NODE,0.758893,999,43542.420000,7748586915,13547,61,0
NODE,0.758893,999,50219.830000,9781350606,13529,71,0
NODE,0.758893,999,44975.420000,8014753365,13546,42,0
NODE,0.758893,999,39255.600000,6790834849,13552,37,0
NODE,0.758893,999,50038.790000,9676804285,13532,44,0
NODE,0.758893,999,46437.280000,8273288220,13544,58,0
NODE,0.758893,999,44280.680000,8103496339,13550,59,0
NODE,0.758893,999,50756.120000,10006613352,13536,3,0
NODE,0.758893,999,48490.970000,9604935753,13543,51,0
NODE,0.758893,999,47606.890000,8615071004,13548,52,0
NODE,0.758893,999,50464.040000,9474049897,13539,54,0
NODE,0.758893,999,44301.420000,7518346025,13551,67,0
NODE,0.758893,999,52309.340000,10675391763,13537,18,0
NODE,0.758893,999,53506.310000,10497966485,13538,77,0
NODE,0.758893,999,53629.990000,9341243326,13549,41,0
NODE,0.758893,999,40888.830000,7368381288,13553,24,0
NODE,0.758893,999,39770.640000,7990375312,13555,9,0
NODE,0.758893,999,42227.530000,7928117065,13554,34,0
NODE,0.758893,999,39792.260000,7755595263,13568,43,0
NODE,0.758893,999,41995.380000,8324200843,13562,17,0
NODE,0.758893,999,45420.890000,8575551088,13556,23,0
NODE,0.758893,999,36038.240000,6451712571,13593,14,0
NODE,0.758893,999,40333.550000,7321519936,13569,15,0
NODE,0.758893,999,44404.950000,8527639170,13560,19,0
NODE,0.758893,999,40742.270000,7490349042,13571,10,0
NODE,0.758893,999,45946.920000,9060124866,13557,26,0
NODE,0.758893,999,41020.600000,7425526929,13572,36,0
NODE,0.758893,999,38643.690000,6590355747,13588,68,0
NODE,0.758893,999,41233.740000,7432626014,13577,33,0
NODE,0.758893,999,45056.070000,8213503475,13564,78,0
NODE,0.758893,999,38909.810000,6902322062,13591,25,0
NODE,0.758893,999,42824.190000,8023620649,13570,29,0
NODE,0.758893,999,40515.270000,6881716624,13585,56,0
NODE,0.758893,999,46074.870000,8688521752,13561,38,0
NODE,0.758893,999,47271.430000,9084431946,13559,21,0
NODE,0.758893,999,40850.690000,7174691635,13583,12,0
NODE,0.758893,999,42809.470000,7633961919,13573,76,0
NODE,0.758893,999,41364.200000,7767009936,13581,7,0
NODE,0.758893,999,48157.170000,9455155809,13558,22,0
NODE,0.758893,999,41236.140000,7313373278,13586,28,0
NODE,0.758893,999,46990.310000,8822045581,13563,30,0
NODE,0.758893,999,46534.520000,9407572037,13566,31,0
NODE,0.758893,999,41771.090000,7216564938,13587,40,0
NODE,0.758893,999,42478.440000,7713147730,13582,5,0
NODE,0.758893,999,46962.380000,9558456846,13567,13,0
NODE,0.758893,999,44876.890000,8484483890,13574,1,0
NODE,0.758893,999,44713.320000,8232305144,13578,11,0
NODE,0.758893,999,39184.570000,7140896929,13598,35,0
NODE,0.758893,999,42706.280000,7675177200,13589,46,0
NODE,0.758893,999,43801.670000,8073464737,13584,8,0
NODE,0.758893,999,40688.600000,7355488705,13594,27,0
NODE,0.758893,999,45813.480000,8007290697,13576,75,0
NODE,0.758893,999,45349.910000,7653941969,13580,57,0
NODE,0.758893,999,43772.890000,8314372964,13590,20,0
NODE,0.758893,999,41814.600000,7326655426,13595,69,0
NODE,0.758893,999,43946.680000,7307901340,13592,49,0
NODE,0.758893,999,50620.920000,10157095164,13565,32,0
NODE,0.758893,999,42102.710000,7616915456,13596,47,0
NODE,0.758893,999,47647.500000,9119843350,13575,72,0
NODE,0.758893,999,47396.820000,8250676259,13579,53,0
NODE,0.758893,999,39484.460000,6646193816,13609,73,0
NODE,0.758893,999,43928.040000,8384809136,13599,2,0
NODE,0.758893,999,43763.620000,8561262560,13600,50,0
NODE,0.758893,999,42794.510000,7707616737,13607,79,0
NODE,0.758893,999,44196.930000,7697334031,13601,66,0
NODE,0.758893,999,41530.080000,7454093657,13610,62,0
NODE,0.758893,999,47061.520000,8962163143,13597,16,0
NODE,0.758893,999,44449.730000,7806972753,13604,70,0
NODE,0.758893,999,44127.660000,8413827025,13608,4,0
NODE,0.758893,999,45521.230000,8491181701,13602,64,0
NODE,0.758893,999,44663.300000,8405033656,13606,6,0
NODE,0.758893,999,42811.760000,8042020630,13615,45,0
NODE,0.758893,999,46253.460000,8060859861,13605,65,0
NODE,0.758893,999,38945.210000,6803442302,13625,51,0
NODE,0.758893,999,46619.420000,8431684081,13603,74,0
NODE,0.758893,999,39096.220000,6830786844,13626,52,0
NODE,0.758893,999,44402.890000,7981272247,13614,60,0
NODE,0.758893,999,44884.800000,7919476485,13613,63,0
NODE,0.758893,999,43136.660000,8099193732,13619,42,0
NODE,0.758893,999,40556.540000,7648205002,13624,3,0
NODE,0.758893,999,45959.680000,8900267783,13611,39,0
NODE,0.758893,999,45574.090000,8356073971,13617,61,0
NODE,0.758893,999,44629.310000,8271821491,13620,37,0
NODE,0.758893,999,40444.960000,7431158814,13629,18,0
NODE,0.758893,999,48661.760000,9018929471,13612,55,0
NODE,0.758893,999,43093.000000,8206847477,13627,54,0
NODE,0.758893,999,47090.860000,8933003060,13618,71,0
NODE,0.758893,999,46918.320000,8368701800,13621,44,0
NODE,0.758893,999,49014.330000,9229737415,13616,48,0
NODE,0.758893,999,44223.220000,7640386726,13628,67,0
NODE,0.758893,999,47938.560000,8925352336,13623,59,0
NODE,0.758893,999,51617.140000,9469962203,13622,58,0
NODE,0.758893,999,47690.070000,8634865858,13630,77,0
NODE,0.758893,999,42634.200000,7682354988,13631,41,0
NODE,0.758893,999,40817.830000,7732424567,13632,24,0
NODE,0.758893,999,44546.470000,8916687393,13634,34,0
NODE,0.758893,999,46753.250000,9532916179,13633,9,0
NODE,0.758893,999,41462.250000,8332058918,13637,23,0
NODE,0.758893,999,41953.750000,7799891610,13638,14,0
NODE,0.758893,999,43397.610000,8715841419,13639,15,0
NODE,0.758893,999,43796.840000,7986793923,13642,26,0
NODE,0.758893,999,44042.580000,7595317794,13644,68,0
NODE,0.758893,999,46330.840000,9376728851,13636,17,0
NODE,0.758893,999,45989.210000,9078382093,13640,19,0
NODE,0.758893,999,44752.450000,7905888746,13646,78,0
NODE,0.758893,999,44362.050000,7401186881,13653,76,0
NODE,0.758893,999,46421.330000,8248344894,13643,36,0
NODE,0.758893,999,47329.730000,9709939639,13641,10,0
NODE,0.758893,999,49860.960000,10302835473,13635,43,0
NODE,0.758893,999,46615.300000,8885437016,13645,33,0
NODE,0.758893,999,46447.170000,8678389305,13648,29,0
NODE,0.758893,999,45801.990000,8409648842,13655,22,0
NODE,0.758893,999,46975.130000,9660245000,13647,25,0
NODE,0.758893,999,43842.670000,8192277735,13664,35,0
NODE,0.758893,999,46511.550000,8972293362,13654,7,0
NODE,0.758893,999,47542.700000,8958797077,13650,38,0
NODE,0.758893,999,46151.190000,7960317654,13660,5,0
NODE,0.758893,999,47988.640000,8394439481,13649,56,0
NODE,0.758893,999,48766.000000,8967484427,13651,21,0
NODE,0.758893,999,48976.080000,9705315152,13656,28,0
NODE,0.758893,999,50220.480000,9398842266,13652,12,0
NODE,0.758893,999,47963.550000,8035284477,13665,46,0
NODE,0.758893,999,48278.240000,9194540607,13663,11,0
NODE,0.758893,999,49603.350000,8822410752,13657,30,0
NODE,0.758893,999,47297.280000,8708315853,13670,20,0
NODE,0.758893,999,43222.420000,7795605842,13679,50,0
NODE,0.758893,999,41365.430000,7679562390,13683,16,0
NODE,0.758893,999,49781.180000,9715866016,13661,13,0
NODE,0.758893,999,45628.720000,8304362349,13677,73,0
NODE,0.758893,999,47369.340000,8484235272,13672,49,0
NODE,0.758893,999,44996.070000,9107910469,13678,2,0
NODE,0.758893,999,47419.350000,8440323120,13673,32,0
NODE,0.758893,999,47033.710000,8684719741,13676,53,0
NODE,0.758893,999,43332.640000,7808779434,13682,62,0
NODE,0.758893,999,50048.910000,8812861022,13667,27,0
NODE,0.758893,999,49578.380000,8994646640,13671,69,0
NODE,0.758893,999,51532.500000,9877126951,13666,8,0
NODE,0.758893,999,49363.370000,8860036890,13675,72,0
NODE,0.758893,999,53366.670000,10399064751,13659,40,0
NODE,0.758893,999,42761.200000,7331150793,13692,52,0
NODE,0.758893,999,54278.790000,10943719570,13658,31,0
NODE,0.758893,999,47132.420000,8835689783,13680,79,0
NODE,0.758893,999,45343.630000,8965987787,13687,6,0
NODE,0.758893,999,52600.900000,9896853199,13669,57,0
NODE,0.758893,999,45855.000000,9161685979,13685,4,0
NODE,0.758893,999,54340.700000,10291576242,13662,1,0
NODE,0.758893,999,47481.620000,9095233241,13684,70,0
NODE,0.758893,999,46479.810000,8369519003,13688,45,0
NODE,0.758893,999,45080.010000,7204346444,13693,60,0
NODE,0.758893,999,53318.320000,9452897070,13674,47,0
NODE,0.758893,999,47658.060000,9205998176,13686,64,0
NODE,0.758893,999,55273.940000,9292282182,13668,75,0
NODE,0.758893,999,45183.940000,7830164414,13694,63,0
NODE,0.758893,999,44881.440000,8844165412,13696,3,0
NODE,0.758893,999,45017.860000,8323496762,13697,39,0
NODE,0.758893,999,46820.460000,8657373650,13690,51,0
NODE,0.758893,999,50044.110000,9405700432,13681,66,0
NODE,0.758893,999,50728.140000,9098544874,13691,74,0
NODE,0.758893,999,51936.920000,9530209590,13689,65,0
NODE,0.758893,999,49222.250000,9499509572,13699,37,0
NODE,0.758893,999,49868.880000,9394653549,13698,61,0
NODE,0.758893,999,51435.090000,9646996598,13695,42,0
NODE,0.758893,999,48986.580000,8268366490,13701,55,0
NODE,0.758893,999,48768.260000,8809528321,13705,48,0
NODE,0.758893,999,43185.300000,7401298510,13709,77,0
NODE,0.758893,999,48909.130000,8971509090,13706,67,0
NODE,0.758893,999,52565.250000,10316187941,13700,18,0
NODE,0.758893,999,43864.940000,6974819748,13710,41,0
NODE,0.758893,999,48202.400000,8972570199,13708,58,0
NODE,0.758893,999,53879.280000,9674408352,13704,44,0
NODE,0.758893,999,54459.500000,10109840334,13702,54,0
NODE,0.758893,999,54540.660000,10481123726,13703,71,0
NODE,0.758893,999,46042.370000,8073270340,13711,24,0
NODE,0.758893,999,55643.780000,10253057477,13707,59,0
NODE,0.758893,999,43673.970000,7952960788,13714,23,0
NODE,0.758893,999,47589.970000,8194010931,13713,9,0
NODE,0.758893,999,49492.880000,8604073614,13712,34,0
NODE,0.758893,999,46376.210000,8508212690,13716,15,0
NODE,0.758893,999,45123.250000,8004355198,13717,26,0
NODE,0.758893,999,39756.550000,6956620264,13732,38,0
NODE,0.758893,999,42154.000000,8097475825,13724,10,0
NODE,0.758893,999,48562.600000,9012606941,13715,14,0
NODE,0.758893,999,45395.940000,8637568292,13719,17,0
NODE,0.758893,999,45970.430000,8384609050,13718,68,0
NODE,0.758893,999,42708.440000,7849372347,13728,22,0
NODE,0.758893,999,46315.710000,8931309432,13720,19,0
NODE,0.758893,999,44490.760000,7792733836,13725,43,0
NODE,0.758893,999,42526.740000,7617590268,13733,5,0
NODE,0.758893,999,43914.530000,8091312973,13731,7,0
NODE,0.758893,999,46673.570000,8643782535,13723,36,0
NODE,0.758893,999,44969.530000,8072228915,13729,25,0
NODE,0.758893,999,40523.580000,7252886170,13739,11,0
NODE,0.758893,999,46050.130000,8387434346,13726,33,0
NODE,0.758893,999,43974.840000,7652889108,13734,56,0
NODE,0.758893,999,45843.870000,8934381673,13730,35,0
NODE,0.758893,999,43778.860000,7699245670,13735,21,0
NODE,0.758893,999,47925.410000,8473247640,13722,76,0
NODE,0.758893,999,46201.200000,8933050391,13727,29,0
NODE,0.758893,999,41674.170000,7505675466,13740,30,0
NODE,0.758893,999,49057.750000,9138778899,13721,78,0
NODE,0.758893,999,43601.720000,7724776528,13737,12,0
NODE,0.758893,999,45057.340000,7782360273,13736,28,0
NODE,0.758893,999,44035.920000,7265276506,13738,46,0
NODE,0.758893,999,42267.780000,7372022691,13752,69,0
NODE,0.758893,999,44159.050000,8399252556,13748,32,0
NODE,0.758893,999,40205.460000,7283098884,13762,1,0
NODE,0.758893,999,45593.840000,8070427235,13741,20,0
NODE,0.758893,999,45605.640000,7850353956,13746,49,0
NODE,0.758893,999,46101.100000,8056237900,13745,73,0
NODE,0.758893,999,43681.140000,7566447723,13754,72,0
NODE,0.758893,999,41977.570000,7142606400,13759,6,0
NODE,0.758893,999,45326.880000,8228356087,13751,27,0
NODE,0.758893,999,46466.090000,8520324659,13749,53,0
NODE,0.758893,999,46764.330000,8759178755,13747,2,0
NODE,0.758893,999,47328.460000,8568359797,13744,13,0
NODE,0.758893,999,47689.810000,8811236489,13743,16,0
NODE,0.758893,999,48056.220000,8454179432,13742,50,0
NODE,0.758893,999,45908.570000,8253306493,13753,8,0
NODE,0.758893,999,47556.740000,8631238160,13750,62,0
NODE,0.758893,999,42744.620000,7391914517,13763,70,0
NODE,0.758893,999,46388.870000,8315962140,13755,40,0
NODE,0.758893,999,45750.070000,8471657154,13757,31,0
NODE,0.758893,999,46537.070000,7714363980,13758,79,0
NODE,0.758893,999,47514.020000,7855536572,13756,52,0
NODE,0.758893,999,47972.450000,9601864586,13761,4,0
NODE,0.758893,999,46488.310000,8662895403,13765,60,0
NODE,0.758893,999,46685.120000,8944013421,13770,3,0
NODE,0.758893,999,49893.330000,8421509969,13760,57,0
NODE,0.758893,999,47853.290000,8252675357,13768,75,0
NODE,0.758893,999,49024.640000,8563104008,13766,47,0
NODE,0.758893,999,49635.960000,8534177818,13767,64,0
NODE,0.758893,999,50927.760000,8578620418,13764,45,0
NODE,0.758893,999,49535.480000,8974312570,13773,66,0
NODE,0.758893,999,46505.260000,8520101320,13776,37,0
NODE,0.758893,999,52991.910000,9785794462,13769,63,0
NODE,0.758893,999,47155.420000,8385303525,13778,42,0
NODE,0.758893,999,53657.810000,9412220902,13772,51,0
NODE,0.758893,999,49041.220000,9472285514,13775,65,0
NODE,0.758893,999,45888.130000,8455654960,13782,67,0
NODE,0.758893,999,54757.790000,10483226830,13771,39,0
NODE,0.758893,999,49479.780000,9608813197,13777,61,0
NODE,0.758893,999,51201.400000,9436643949,13774,74,0
NODE,0.758893,999,47034.680000,9337320258,13783,18,0
NODE,0.758893,999,49602.140000,8763892935,13780,48,0
NODE,0.758893,999,45763.160000,8378505350,13785,58,0
NODE,0.758893,999,50987.500000,9331202963,13781,77,0
NODE,0.758893,999,54113.650000,9718101397,13779,55,0
NODE,0.758893,999,48488.600000,8096464482,13787,54,0
NODE,0.758893,999,52520.810000,9613682770,13784,41,0
NODE,0.758893,999,49671.510000,9601924821,13786,44,0
NODE,0.758893,999,46854.070000,8386688758,13790,59,0
NODE,0.758893,999,47608.610000,8925155737,13789,24,0
NODE,0.758893,999,51785.370000,9003471006,13788,71,0
NODE,0.758893,999,45285.010000,8546865168,13791,23,0
NODE,0.758893,999,45027.960000,8062861055,13792,9,0
NODE,0.758893,999,37768.010000,6831967629,13812,21,0
NODE,0.758893,999,43990.660000,8376181235,13794,15,0
NODE,0.758893,999,41422.540000,7316664288,13804,5,0
NODE,0.758893,999,46932.570000,9087989429,13793,34,0
NODE,0.758893,999,41999.210000,7260415714,13811,35,0
NODE,0.758893,999,47463.460000,9446509291,13795,26,0
NODE,0.758893,999,47356.440000,9349672521,13797,10,0
NODE,0.758893,999,47937.190000,9216114477,13799,17,0
NODE,0.758893,999,43431.870000,7708770380,13815,30,0
NODE,0.758893,999,47427.210000,9398866148,13801,22,0
NODE,0.758893,999,44091.800000,7932623890,13813,76,0
NODE,0.758893,999,49417.630000,10053139795,13796,38,0
NODE,0.758893,999,45144.230000,8217669390,13808,11,0
NODE,0.758893,999,46302.840000,8437039990,13805,7,0
NODE,0.758893,999,45681.370000,8626786502,13806,36,0
NODE,0.758893,999,45093.750000,8865952224,13814,29,0
NODE,0.758893,999,46374.680000,8166064332,13809,33,0
NODE,0.758893,999,45547.440000,8083219191,13816,78,0
NODE,0.758893,999,45011.620000,8316832189,13817,12,0
NODE,0.758893,999,40347.700000,7530934054,13827,6,0
NODE,0.758893,999,39132.420000,6871332221,13833,50,0
NODE,0.758893,999,49816.430000,9583788406,13802,19,0
NODE,0.758893,999,47904.290000,8120727274,13810,56,0
NODE,0.758893,999,48522.190000,8592500153,13807,25,0
NODE,0.758893,999,41678.550000,7313299450,13826,72,0
NODE,0.758893,999,52715.510000,10348214096,13798,14,0
NODE,0.758893,999,43218.210000,8118288147,13822,1,0
NODE,0.758893,999,43414.040000,8117201978,13823,20,0
NODE,0.758893,999,41520.930000,7483664894,13830,2,0
NODE,0.758893,999,42000.130000,8003135558,13831,13,0
NODE,0.758893,999,46919.260000,9205988560,13818,28,0
NODE,0.758893,999,45161.760000,7639429434,13821,32,0
NODE,0.758893,999,44030.100000,7719852644,13824,49,0
NODE,0.758893,999,43660.720000,7841808226,13828,27,0
NODE,0.758893,999,52768.220000,9489400498,13803,43,0
NODE,0.758893,999,42901.000000,8383605486,13834,8,0
NODE,0.758893,999,42930.810000,8055053250,13836,70,0
NODE,0.758893,999,49947.690000,8896379583,13819,46,0
NODE,0.758893,999,48589.410000,8581066248,13820,69,0
NODE,0.758893,999,46112.300000,8598774670,13832,16,0
NODE,0.758893,999,42848.760000,7974758917,13839,79,0
NODE,0.758893,999,46747.900000,8688427096,13829,53,0
NODE,0.758893,999,44769.810000,7884750127,13837,40,0
NODE,0.758893,999,46034.340000,8683094313,13835,62,0
NODE,0.758893,999,48947.230000,9107746061,13825,73,0
NODE,0.758893,999,43933.390000,8747150192,13841,4,0
NODE,0.758893,999,60630.050000,11222065961,13800,68,0
NODE,0.758893,999,43342.550000,8064216098,13843,3,0
NODE,0.758893,999,42595.500000,7493500257,13844,57,0
NODE,0.758893,999,47713.730000,9296055845,13838,31,0
NODE,0.758893,999,42834.520000,7339558113,13845,75,0
NODE,0.758893,999,47158.070000,8345352936,13840,52,0
NODE,0.758893,999,41729.870000,7800418576,13848,45,0
NODE,0.758893,999,46362.750000,9364147813,13842,60,0
NODE,0.758893,999,44493.340000,7425773951,13846,47,0
NODE,0.758893,999,44097.190000,7662634660,13847,64,0
NODE,0.758893,999,44417.420000,7769837925,13849,66,0
NODE,0.758893,999,42764.670000,7990545972,13850,37,0
NODE,0.758893,999,41470.830000,7515200483,13859,18,0
NODE,0.758893,999,44660.660000,7713359030,13852,42,0
NODE,0.758893,999,45965.560000,8057235614,13851,63,0
NODE,0.758893,999,44773.790000,7703125290,13853,51,0
NODE,0.758893,999,46100.690000,7776144527,13855,67,0
NODE,0.758893,999,46839.720000,8634010027,13856,39,0
NODE,0.758893,999,44763.270000,7592361194,13860,48,0
NODE,0.758893,999,48331.220000,8338872319,13857,61,0
NODE,0.758893,999,49132.390000,9537180274,13854,65,0
NODE,0.758893,999,48370.440000,9115860805,13858,74,0
NODE,0.758893,999,42251.700000,7133696965,13865,41,0
NODE,0.758893,999,47296.230000,8659200870,13861,58,0
NODE,0.758893,999,44525.900000,7834682916,13863,55,0
NODE,0.758893,999,48507.620000,8365473734,13862,77,0
NODE,0.758893,999,44689.000000,8433224680,13868,24,0
NODE,0.758893,999,48460.390000,8647192529,13864,54,0
NODE,0.758893,999,42386.740000,7266670919,13870,23,0
NODE,0.758893,999,48236.770000,8878549322,13866,44,0
NODE,0.758893,999,47041.500000,8299787261,13867,59,0
NODE,0.758893,999,47870.900000,8212878263,13869,71,0
NODE,0.758893,999,44233.260000,7989579534,13871,9,0
NODE,0.758893,999,44093.830000,7797513408,13872,21,0
NODE,0.758893,999,44596.650000,8206416815,13873,15,0
NODE,0.758893,999,41196.610000,7011613032,13877,26,0
NODE,0.758893,999,41097.310000,6985810500,13880,30,0
NODE,0.758893,999,46238.190000,8976848590,13875,34,0
NODE,0.758893,999,43754.700000,7582428624,13878,10,0
NODE,0.758893,999,43683.430000,7754673222,13879,17,0
NODE,0.758893,999,45818.770000,8213687244,13876,35,0
NODE,0.758893,999,39249.820000,7535110914,13901,13,0
NODE,0.758893,999,44346.270000,7912510313,13882,76,0
NODE,0.758893,999,44162.660000,8375873001,13886,36,0
NODE,0.758893,999,41483.400000,7653130283,13895,25,0
NODE,0.758893,999,44960.200000,7891011187,13881,22,0
NODE,0.758893,999,41709.920000,7432748714,13897,14,0
NODE,0.758893,999,50518.250000,8518111846,13874,5,0
NODE,0.758893,999,43898.590000,7768381052,13891,6,0
NODE,0.758893,999,44020.950000,8129578569,13893,19,0
NODE,0.758893,999,47197.920000,8716443568,13883,38,0
NODE,0.758893,999,47607.670000,9152466396,13884,11,0
NODE,0.758893,999,46899.770000,8833505050,13888,33,0
NODE,0.758893,999,44498.400000,7648274215,13900,2,0
NODE,0.758893,999,41968.580000,7307574688,13907,8,0
NODE,0.758893,999,48404.890000,8841759013,13885,7,0
NODE,0.758893,999,47979.650000,8344870045,13887,29,0
NODE,0.758893,999,45565.800000,8318542635,13896,72,0
NODE,0.758893,999,44946.500000,7989396505,13905,27,0
NODE,0.758893,999,48754.940000,8356227137,13892,50,0
NODE,0.758893,999,46246.860000,9239126373,13902,28,0
NODE,0.758893,999,47496.850000,9640868496,13898,1,0
NODE,0.758893,999,45956.930000,8505337507,13903,32,0
NODE,0.758893,999,47352.690000,8872791642,13899,20,0
NODE,0.758893,999,46873.490000,8008308474,13904,49,0
NODE,0.758893,999,46098.450000,8344260603,13906,43,0
NODE,0.758893,999,50099.350000,8941412667,13890,12,0
NODE,0.758893,999,50549.290000,9188818304,13894,56,0
NODE,0.758893,999,51446.020000,8657909158,13889,78,0
NODE,0.758893,999,46697.530000,8143781351,13909,46,0
NODE,0.758893,999,47104.480000,9548252952,13911,16,0
NODE,0.758893,999,49497.390000,9193254993,13908,70,0
NODE,0.758893,999,43305.400000,8168402977,13923,52,0
NODE,0.758893,999,44405.520000,7798046231,13922,75,0
NODE,0.758893,999,43288.120000,7933342796,13924,45,0
NODE,0.758893,999,45840.780000,8627340588,13917,4,0
NODE,0.758893,999,48906.440000,8900315756,13913,53,0
NODE,0.758893,999,45879.630000,8166401368,13918,68,0
NODE,0.758893,999,41808.680000,7899556131,13929,37,0
NODE,0.758893,999,49928.640000,8160782490,13912,79,0
NODE,0.758893,999,46769.170000,9769127749,13921,31,0
NODE,0.758893,999,50069.810000,9472521620,13914,40,0
NODE,0.758893,999,48908.990000,9214240004,13916,73,0
NODE,0.758893,999,46062.970000,8377811664,13925,60,0
NODE,0.758893,999,48384.100000,9250235937,13919,3,0
NODE,0.758893,999,53035.740000,9537041078,13910,69,0
NODE,0.758893,999,52071.520000,9927906594,13915,62,0
NODE,0.758893,999,41592.180000,8137940113,13931,42,0
NODE,0.758893,999,46872.790000,9269612240,13926,47,0
NODE,0.758893,999,46984.830000,8967031804,13928,66,0
NODE,0.758893,999,45339.870000,10214016081,13930,18,0
NODE,0.758893,999,50130.620000,9208926836,13927,64,0
NODE,0.758893,999,54458.190000,10138513596,13920,57,0
NODE,0.758893,999,45824.390000,9042613580,13932,63,0
NODE,0.758893,999,45970.560000,8728152336,13933,51,0
NODE,0.758893,999,43353.500000,8006673372,13939,74,0
NODE,0.758893,999,44556.000000,8350143255,13937,61,0
NODE,0.758893,999,49037.080000,9360839290,13934,67,0
NODE,0.758893,999,48324.090000,9433624969,13935,39,0
NODE,0.758893,999,49335.130000,9309905376,13936,48,0
NODE,0.758893,999,46389.960000,8027437398,13941,58,0
NODE,0.758893,999,49172.600000,8628001656,13938,65,0
NODE,0.758893,999,48407.550000,9278158602,13942,55,0
NODE,0.758893,999,44075.580000,8243751739,13947,44,0
NODE,0.758893,999,50878.160000,9464810581,13940,41,0
NODE,0.758893,999,46808.840000,8799564066,13944,24,0
NODE,0.758893,999,48598.290000,9279668039,13943,77,0
NODE,0.758893,999,47364.770000,8635974972,13945,54,0
NODE,0.758893,999,47755.060000,8986481607,13946,23,0
NODE,0.758893,999,47770.290000,8547069077,13948,59,0
NODE,0.758893,999,44516.160000,8598774101,13951,21,0
NODE,0.758893,999,47928.820000,8846420716,13950,9,0
NODE,0.758893,999,47138.540000,9353414219,13952,15,0
NODE,0.758893,999,42378.380000,7794316228,13963,22,0
NODE,0.758893,999,41214.720000,7605625912,13966,6,0
NODE,0.758893,999,47352.130000,9322968024,13954,30,0
NODE,0.758893,999,53744.260000,10233337436,13949,71,0
NODE,0.758893,999,40981.910000,7007149472,13971,2,0
NODE,0.758893,999,40978.180000,7304532398,13973,7,0
NODE,0.758893,999,41026.010000,6815678434,13975,72,0
NODE,0.758893,999,51118.930000,10960459615,13953,26,0
NODE,0.758893,999,48420.060000,8993925516,13956,10,0
NODE,0.758893,999,48977.590000,9425703806,13955,34,0
NODE,0.758893,999,43588.310000,7711573849,13967,19,0
NODE,0.758893,999,47124.550000,9151101839,13958,35,0
NODE,0.758893,999,45270.880000,8624731928,13965,5,0
NODE,0.758893,999,43435.360000,8192736400,13969,11,0
NODE,0.758893,999,46309.680000,8472027590,13962,25,0
NODE,0.758893,999,46990.140000,8280556052,13960,76,0
NODE,0.758893,999,46406.430000,8713102333,13964,14,0
NODE,0.758893,999,44593.230000,8682985005,13968,38,0
NODE,0.758893,999,43275.940000,8245964595,13974,29,0
NODE,0.758893,999,47653.200000,9406225896,13961,36,0
NODE,0.758893,999,48795.940000,9579407012,13959,13,0
NODE,0.758893,999,49978.490000,9661418443,13957,17,0
NODE,0.758893,999,45391.110000,8615174423,13972,8,0
NODE,0.758893,999,43636.150000,8428246036,13976,27,0
NODE,0.758893,999,43520.220000,8636614389,13981,20,0
NODE,0.758893,999,43849.460000,8447637876,13978,28,0
NODE,0.758893,999,44049.910000,8065759875,13980,32,0
NODE,0.758893,999,47443.840000,8774912973,13970,33,0
NODE,0.758893,999,46004.850000,8326726689,13979,1,0
NODE,0.758893,999,46136.520000,8210994223,13977,50,0
NODE,0.758893,999,39731.930000,7454043927,13993,4,0
NODE,0.758893,999,45506.680000,8373678297,13982,49,0
NODE,0.758893,999,45750.500000,8536302954,13984,12,0
NODE,0.758893,999,44477.870000,8070672748,13985,56,0
NODE,0.758893,999,44799.860000,8156784914,13986,78,0
NODE,0.758893,999,47088.840000,8559731704,13983,43,0
NODE,0.758893,999,43682.780000,7797513617,13989,70,0
NODE,0.758893,999,44411.680000,9242260553,13988,16,0
NODE,0.758893,999,44057.250000,7870627814,13991,75,0
NODE,0.758893,999,43588.890000,7562306148,13995,68,0
NODE,0.758893,999,44899.630000,8458981741,13990,52,0
NODE,0.758893,999,44400.710000,8487489626,13992,45,0
NODE,0.758893,999,43275.980000,8318819418,13998,31,0
NODE,0.758893,999,43445.960000,7711208433,13997,79,0
NODE,0.758893,999,48633.710000,9222137851,13987,46,0
NODE,0.758893,999,44159.060000,8367938091,14000,73,0
NODE,0.758893,999,46477.690000,8469949606,13994,53,0
NODE,0.758893,999,46621.370000,8864281985,13999,40,0
NODE,0.758893,999,47308.930000,8884367221,13996,37,0
