NODE,0.758893,999,38401.420000,7007544957,42028,30,0
NODE,0.758893,999,38899.150000,7671270893,42065,68,0
NODE,0.758893,999,39282.630000,7728144747,42069,72,0
NODE,0.758893,999,39391.090000,7244898025,42067,69,0
NODE,0.758893,999,40087.240000,7352742440,42077,78,0
NODE,0.758893,999,40101.550000,7646758809,42064,64,0
NODE,0.758893,999,40187.570000,7660550430,42043,44,0
NODE,0.758893,999,40297.880000,7886597721,42036,38,0
NODE,0.758893,999,40376.570000,7584118249,42070,75,0
NODE,0.758893,999,40478.050000,8531268433,42063,65,0
NODE,0.758893,999,40656.390000,7832877569,42074,76,0
NODE,0.758893,999,40697.020000,7879868858,42073,74,0
NODE,0.758893,999,40797.030000,7808147383,42071,71,0
NODE,0.758893,999,41101.370000,7641614371,42047,49,0
NODE,0.758893,999,41107.370000,7603898449,42034,36,0
NODE,0.758893,999,41244.530000,8517281243,42027,29,0
NODE,0.758893,999,41320.350000,8094928038,42018,20,0
NODE,0.758893,999,41432.370000,8335191649,42068,70,0
NODE,0.758893,999,41447.860000,8494298830,42019,21,0
NODE,0.758893,999,41572.130000,8169678275,42017,19,0
NODE,0.758893,999,41740.530000,8289056847,42048,47,0
NODE,0.758893,999,41839.640000,7839883519,42029,31,0
NODE,0.758893,999,42212.000000,7988632072,42046,48,0
NODE,0.758893,999,42257.150000,8566259371,42076,79,0
NODE,0.758893,999,42397.590000,8252116929,42016,18,0
NODE,0.758893,999,42523.100000,7687073772,42041,43,0
NODE,0.758893,999,42596.540000,8111224914,42009,10,0
NODE,0.758893,999,42879.440000,8307570834,42020,22,0
NODE,0.758893,999,42964.370000,8444782241,42045,46,0
NODE,0.758893,999,42965.870000,8101220668,42037,39,0
NODE,0.758893,999,43011.280000,7839202334,42000,1,0
NODE,0.758893,999,43027.490000,8613353903,42066,67,0
NODE,0.758893,999,43081.900000,8296309062,42072,73,0
NODE,0.758893,999,43179.590000,8413401230,42032,34,0
NODE,0.758893,999,43212.930000,8608035350,42025,27,0
NODE,0.758893,999,43272.440000,8391258040,42054,55,0
NODE,0.758893,999,43280.810000,8903835077,42062,66,0
NODE,0.758893,999,43293.710000,8377588653,42011,12,0
NODE,0.758893,999,43377.060000,8848012217,42024,26,0
NODE,0.758893,999,43410.480000,8363557542,42030,32,0
NODE,0.758893,999,43535.390000,8475899791,42055,56,0
NODE,0.758893,999,43624.490000,8044716962,42042,41,0
NODE,0.758893,999,44008.470000,9033191283,42059,60,0
NODE,0.758893,999,44074.410000,8476743873,42022,24,0
NODE,0.758893,999,44095.710000,8535432071,42056,58,0
NODE,0.758893,999,44161.380000,8517508282,42078,57,0
NODE,0.758893,999,44374.360000,8847837111,42031,33,0
NODE,0.758893,999,44611.950000,8390319227,42001,2,0
NODE,0.758893,999,44786.300000,9115830387,42012,13,0
NODE,0.758893,999,44864.170000,8455899364,42005,6,0
NODE,0.758893,999,45085.600000,9019636649,42021,23,0
NODE,0.758893,999,45131.400000,9165334904,42053,54,0
NODE,0.758893,999,45160.550000,8528264223,42049,50,0
NODE,0.758893,999,45231.310000,8607680951,42075,77,0
NODE,0.758893,999,45339.500000,9202168015,42014,16,0
NODE,0.758893,999,45361.420000,8689232918,42023,25,0
NODE,0.758893,999,45368.290000,8855528506,42013,14,0
NODE,0.758893,999,45522.900000,8888170215,42026,28,0
NODE,0.758893,999,45545.920000,9391265591,42008,9,0
NODE,0.758893,999,45844.610000,8572521033,42033,35,0
NODE,0.758893,999,46188.180000,9709823169,42052,53,0
NODE,0.758893,999,46186.910000,9282196139,42035,37,0
NODE,0.758893,999,46307.540000,8526779560,42050,51,0
NODE,0.758893,999,46365.540000,8581598222,42038,15,0
NODE,0.758893,999,46396.570000,8829190726,42040,42,0
NODE,0.758893,999,46414.340000,9097604697,42003,4,0
NODE,0.758893,999,46428.390000,10181223097,42061,63,0
NODE,0.758893,999,47058.410000,9492553049,42007,8,0
NODE,0.758893,999,47120.500000,9108199304,42058,59,0
NODE,0.758893,999,47129.430000,9432383636,42006,7,0
NODE,0.758893,999,47275.500000,9731638926,42057,61,0
NODE,0.758893,999,47346.520000,9449587745,42015,17,0
NODE,0.758893,999,47491.630000,10593363210,42060,62,0
NODE,0.758893,999,47612.430000,9215024399,42002,3,0
NODE,0.758893,999,47664.630000,9560807783,42010,11,0
NODE,0.758893,999,48354.140000,9158061911,42051,52,0
NODE,0.758893,999,48660.260000,10089322373,42044,45,0
NODE,0.758893,999,48781.930000,9251134272,42039,40,0
NODE,0.758893,999,49227.120000,9561987285,42004,5,0
NODE,0.758893,999,36589.770000,6487205357,42090,74,0
NODE,0.758893,999,39044.690000,7610685751,42087,75,0
NODE,0.758893,999,39499.830000,7349631475,42085,44,0
NODE,0.758893,999,41407.630000,8241308131,42081,72,0
NODE,0.758893,999,39841.970000,7433981425,42096,70,0
NODE,0.758893,999,41718.760000,8178969740,42084,64,0
NODE,0.758893,999,40594.200000,8704437684,42095,20,0
NODE,0.758893,999,40240.570000,8165530865,42103,18,0
NODE,0.758893,999,42202.580000,8669741286,42088,65,0
NODE,0.758893,999,43257.100000,8632485169,42083,78,0
NODE,0.758893,999,42336.750000,8314737912,42093,36,0
NODE,0.758893,999,40494.550000,7844727919,42107,46,0
NODE,0.758893,999,42560.140000,8903084123,42092,49,0
NODE,0.758893,999,40891.050000,7653494551,42106,22,0
NODE,0.758893,999,41399.740000,8189084996,42105,10,0
NODE,0.758893,999,45106.440000,8814702870,42080,68,0
NODE,0.758893,999,42629.930000,7943465649,42097,21,0
NODE,0.758893,999,41126.380000,7516414320,42110,67,0
NODE,0.758893,999,43766.140000,8294317931,42091,71,0
NODE,0.758893,999,39479.020000,7382435837,42135,14,0
NODE,0.758893,999,45466.050000,9396732269,42082,69,0
NODE,0.758893,999,43123.490000,8454138952,42100,31,0
NODE,0.758893,999,44661.530000,8931531291,42086,38,0
NODE,0.758893,999,43399.470000,8954600329,42098,19,0
NODE,0.758893,999,42072.860000,7810996553,42115,66,0
NODE,0.758893,999,43152.310000,8406815343,42101,48,0
NODE,0.758893,999,44731.960000,8259001160,42089,76,0
NODE,0.758893,999,42825.000000,8282701565,42108,39,0
NODE,0.758893,999,44774.930000,9409766532,42094,29,0
NODE,0.758893,999,47948.210000,9858985017,42079,30,0
NODE,0.758893,999,43913.060000,8147523244,42104,43,0
NODE,0.758893,999,44207.070000,10007854782,42102,79,0
NODE,0.758893,999,42414.040000,8806221510,42123,58,0
NODE,0.758893,999,44886.400000,8688806587,42099,47,0
NODE,0.758893,999,39111.570000,7155297137,42152,3,0
NODE,0.758893,999,41428.080000,7514388004,42134,25,0
NODE,0.758893,999,41729.320000,8365863717,42129,23,0
NODE,0.758893,999,41594.860000,8459989004,42132,77,0
NODE,0.758893,999,42789.070000,9022857580,42125,33,0
NODE,0.758893,999,43800.400000,8017861428,42117,26,0
NODE,0.758893,999,40856.180000,8050142921,42143,42,0
NODE,0.758893,999,42284.410000,8240361765,42130,54,0
NODE,0.758893,999,44518.390000,9178952508,42113,27,0
NODE,0.758893,999,45006.660000,8496695580,42109,1,0
NODE,0.758893,999,45309.170000,8592144358,42111,73,0
NODE,0.758893,999,42027.170000,8579453973,42142,15,0
NODE,0.758893,999,43150.920000,9088197599,42133,16,0
NODE,0.758893,999,42436.740000,8620179015,42140,37,0
NODE,0.758893,999,43800.820000,7917013989,42128,6,0
NODE,0.758893,999,44617.220000,9310574857,42122,24,0
NODE,0.758893,999,45223.530000,8436455775,42119,56,0
NODE,0.758893,999,43669.940000,9079209222,42131,50,0
NODE,0.758893,999,42879.300000,9141607994,42139,53,0
NODE,0.758893,999,43615.850000,8969663858,42136,28,0
NODE,0.758893,999,46175.540000,9122664283,42112,34,0
NODE,0.758893,999,45536.600000,8618214179,42121,60,0
NODE,0.758893,999,45427.230000,9235476020,42124,57,0
NODE,0.758893,999,46338.840000,9165740628,42116,12,0
NODE,0.758893,999,44915.310000,9086761055,42127,13,0
NODE,0.758893,999,45271.000000,9221990136,42126,2,0
NODE,0.758893,999,46722.030000,9195214442,42120,41,0
NODE,0.758893,999,47207.390000,10014481565,42114,55,0
NODE,0.758893,999,43507.820000,8619921733,42147,59,0
NODE,0.758893,999,44328.980000,9386108910,42141,51,0
NODE,0.758893,999,44252.130000,9452476016,42144,4,0
NODE,0.758893,999,41798.510000,8420958812,42157,5,0
NODE,0.758893,999,47977.520000,9773379678,42118,32,0
NODE,0.758893,999,44026.750000,8629992965,42151,62,0
NODE,0.758893,999,44348.800000,9483149822,42149,61,0
NODE,0.758893,999,43021.630000,8653294457,42156,40,0
NODE,0.758893,999,44487.830000,9055228332,42150,17,0
NODE,0.758893,999,44187.880000,8273809211,42153,11,0
NODE,0.758893,999,44791.370000,8543820307,42154,52,0
NODE,0.758893,999,44736.900000,9192649039,42155,45,0
NODE,0.758893,999,47528.230000,9553567451,42146,8,0
NODE,0.758893,999,48261.050000,9983481221,42148,7,0
NODE,0.758893,999,49905.110000,10647681723,42137,9,0
NODE,0.758893,999,49288.140000,10278165573,42145,63,0
NODE,0.758893,999,50399.730000,10128884095,42138,35,0
NODE,0.758893,999,43260.200000,8471127966,42158,74,0
NODE,0.758893,999,41793.980000,7642623802,42159,75,0
NODE,0.758893,999,42021.370000,8191694388,42160,44,0
NODE,0.758893,999,39362.070000,7247079013,42165,18,0
NODE,0.758893,999,37730.960000,6552849670,42180,38,0
NODE,0.758893,999,37652.250000,6590770383,42182,66,0
NODE,0.758893,999,38576.520000,7219835272,42176,71,0
NODE,0.758893,999,39546.940000,7310595588,42175,67,0
NODE,0.758893,999,41969.790000,8224961389,42163,64,0
NODE,0.758893,999,43934.660000,8057020879,42161,72,0
NODE,0.758893,999,39962.900000,7092226208,42179,31,0
NODE,0.758893,999,40174.100000,7370152650,42177,14,0
NODE,0.758893,999,41959.080000,8125117854,42169,46,0
NODE,0.758893,999,40662.760000,7594784999,42178,69,0
NODE,0.758893,999,41745.820000,7763507249,42171,22,0
NODE,0.758893,999,41500.180000,7875839977,42174,21,0
NODE,0.758893,999,42927.900000,8521513537,42166,65,0
NODE,0.758893,999,44234.830000,8540940846,42164,20,0
NODE,0.758893,999,40418.110000,7215034907,42185,39,0
NODE,0.758893,999,41075.770000,7207357966,42183,48,0
NODE,0.758893,999,42698.380000,8031764638,42173,68,0
NODE,0.758893,999,44164.100000,8585314753,42168,36,0
NODE,0.758893,999,41378.190000,7468020139,42187,30,0
NODE,0.758893,999,46607.500000,9172728002,42162,70,0
NODE,0.758893,999,43199.770000,7588882392,42184,76,0
NODE,0.758893,999,41807.050000,8407906028,42193,25,0
NODE,0.758893,999,42271.310000,7783365265,42190,58,0
NODE,0.758893,999,44797.530000,8881530678,42172,10,0
NODE,0.758893,999,45300.020000,8629394933,42170,49,0
NODE,0.758893,999,43032.530000,7648297627,42186,29,0
NODE,0.758893,999,42703.840000,8236332971,42191,47,0
NODE,0.758893,999,44453.970000,8432836524,42181,19,0
NODE,0.758893,999,40219.850000,7507287152,42214,57,0
NODE,0.758893,999,43555.540000,7998275332,42188,43,0
NODE,0.758893,999,47152.940000,9982544943,42167,78,0
NODE,0.758893,999,43961.670000,8350291508,42194,23,0
NODE,0.758893,999,42510.210000,8136454760,42205,37,0
NODE,0.758893,999,42515.800000,7993662608,42207,24,0
NODE,0.758893,999,42784.390000,7933383544,42204,16,0
NODE,0.758893,999,42103.700000,8010680391,42212,34,0
NODE,0.758893,999,43469.280000,8344091841,42201,1,0
NODE,0.758893,999,44271.200000,8158092769,42198,42,0
NODE,0.758893,999,41987.460000,7365487590,42213,60,0
NODE,0.758893,999,41260.710000,7968429135,42218,41,0
NODE,0.758893,999,43924.710000,7343551533,42200,27,0
NODE,0.758893,999,41705.690000,7816536860,42219,55,0
NODE,0.758893,999,43140.430000,8646562776,42211,28,0
NODE,0.758893,999,45190.410000,9013915806,42197,26,0
NODE,0.758893,999,41873.820000,7665003914,42220,59,0
NODE,0.758893,999,43811.430000,8661772100,42208,56,0
NODE,0.758893,999,46076.400000,9139110340,42192,3,0
NODE,0.758893,999,46084.860000,8947513470,42195,77,0
NODE,0.758893,999,43181.020000,7904607692,42217,2,0
NODE,0.758893,999,39699.980000,7252775993,42231,45,0
NODE,0.758893,999,46785.600000,8103751821,42189,79,0
NODE,0.758893,999,37999.950000,7941539867,42233,7,0
NODE,0.758893,999,38941.400000,7565522961,42232,8,0
NODE,0.758893,999,43848.400000,8055175726,42216,13,0
NODE,0.758893,999,45383.190000,9321330704,42210,53,0
NODE,0.758893,999,44024.020000,8529408641,42222,4,0
NODE,0.758893,999,43595.140000,7910963983,42224,32,0
NODE,0.758893,999,46608.420000,9385177874,42203,15,0
NODE,0.758893,999,43881.870000,8580781063,42225,62,0
NODE,0.758893,999,48238.010000,8518720863,42199,54,0
NODE,0.758893,999,44981.240000,8346096434,42223,5,0
NODE,0.758893,999,47342.210000,10080563218,42206,6,0
NODE,0.758893,999,44785.400000,8714585818,42226,61,0
NODE,0.758893,999,48365.180000,9159032311,42209,50,0
NODE,0.758893,999,45623.250000,8546200286,42227,40,0
NODE,0.758893,999,41480.580000,8491631135,42236,35,0
NODE,0.758893,999,45985.260000,8307949700,42228,17,0
NODE,0.758893,999,47274.160000,8967426768,42221,51,0
NODE,0.758893,999,42725.780000,8795484242,42234,9,0
NODE,0.758893,999,48713.210000,9456484153,42215,12,0
NODE,0.758893,999,51871.370000,9935869271,42196,33,0
NODE,0.758893,999,43951.840000,9222343230,42235,63,0
NODE,0.758893,999,48188.890000,8907846520,42229,11,0
NODE,0.758893,999,47857.090000,9553184542,42230,52,0
NODE,0.758893,999,53445.060000,10624435615,42202,73,0
NODE,0.758893,999,41703.110000,8553524735,42237,74,0
NODE,0.758893,999,39541.580000,7093651866,42242,66,0
NODE,0.758893,999,37694.610000,6959532848,42247,31,0
NODE,0.758893,999,38029.820000,6994813235,42248,14,0
NODE,0.758893,999,41456.310000,7569080244,42240,18,0
NODE,0.758893,999,40845.720000,8008964049,42241,38,0
NODE,0.758893,999,38341.970000,7300166077,42252,21,0
NODE,0.758893,999,42589.340000,8198487999,42239,44,0
NODE,0.758893,999,39054.410000,7043387925,42251,22,0
NODE,0.758893,999,40715.700000,7236349773,42246,72,0
NODE,0.758893,999,40076.420000,7469020254,42250,69,0
NODE,0.758893,999,42091.740000,7718898157,42244,67,0
NODE,0.758893,999,45175.960000,8854003531,42238,75,0
NODE,0.758893,999,41069.980000,7751392884,42249,46,0
NODE,0.758893,999,42752.870000,7647832440,42245,64,0
NODE,0.758893,999,40620.920000,7385397848,42255,39,0
NODE,0.758893,999,41004.810000,7441912343,42256,48,0
NODE,0.758893,999,42006.420000,7929792049,42253,65,0
NODE,0.758893,999,44755.620000,8015683537,42243,71,0
NODE,0.758893,999,41963.420000,7406799198,42254,20,0
NODE,0.758893,999,42938.170000,8343828958,42258,36,0
NODE,0.758893,999,42934.890000,8107650047,42260,70,0
NODE,0.758893,999,41875.470000,8660739345,42265,49,0
NODE,0.758893,999,41563.170000,7518249177,42267,47,0
NODE,0.758893,999,42404.430000,8354495267,42264,10,0
NODE,0.758893,999,42853.330000,8376976128,42262,25,0
NODE,0.758893,999,42891.040000,8018368227,42263,58,0
NODE,0.758893,999,44035.660000,8329663232,42259,30,0
NODE,0.758893,999,45224.430000,8677243288,42257,68,0
NODE,0.758893,999,44923.590000,9177293868,42261,76,0
NODE,0.758893,999,43729.190000,8200665602,42269,57,0
NODE,0.758893,999,44405.030000,7899897227,42268,19,0
NODE,0.758893,999,45316.070000,8461753380,42266,29,0
NODE,0.758893,999,41486.660000,8289147729,42288,77,0
NODE,0.758893,999,43807.120000,8179427200,42280,41,0
NODE,0.758893,999,44106.310000,8772710248,42286,56,0
NODE,0.758893,999,45847.720000,8600593336,42273,37,0
NODE,0.758893,999,46367.450000,8515490630,42272,23,0
NODE,0.758893,999,44927.120000,8011862713,42285,59,0
NODE,0.758893,999,44668.600000,8990755578,42289,2,0
NODE,0.758893,999,46659.940000,8549448884,42274,24,0
NODE,0.758893,999,46595.830000,8817815943,42277,1,0
NODE,0.758893,999,46940.050000,9573559378,42278,42,0
NODE,0.758893,999,48681.670000,9741000157,42270,43,0
NODE,0.758893,999,47633.970000,9028614430,42275,16,0
NODE,0.758893,999,41813.520000,7391536998,42305,40,0
NODE,0.758893,999,48763.660000,9329717841,42271,78,0
NODE,0.758893,999,47181.720000,8548907433,42282,55,0
NODE,0.758893,999,47150.690000,8753805894,42283,28,0
NODE,0.758893,999,42552.560000,8417986269,42304,50,0
NODE,0.758893,999,48306.110000,8937138647,42276,34,0
NODE,0.758893,999,47531.660000,9925896616,42287,3,0
NODE,0.758893,999,45401.520000,9283380418,42297,32,0
NODE,0.758893,999,45793.210000,8813586432,42298,15,0
NODE,0.758893,999,47385.260000,9190228697,42293,8,0
NODE,0.758893,999,48780.820000,8906357945,42284,26,0
NODE,0.758893,999,49717.060000,9521138739,42279,60,0
NODE,0.758893,999,47859.030000,9845508438,42294,13,0
NODE,0.758893,999,48398.470000,9472634269,42292,7,0
NODE,0.758893,999,47155.690000,8555284345,42299,62,0
NODE,0.758893,999,50984.740000,9709722145,42281,27,0
NODE,0.758893,999,50029.250000,9561453312,42290,45,0
NODE,0.758893,999,45324.090000,8566837194,42307,17,0
NODE,0.758893,999,45588.810000,9049775786,42306,35,0
NODE,0.758893,999,44604.600000,8822601092,42311,33,0
NODE,0.758893,999,49364.390000,9444200052,42295,53,0
NODE,0.758893,999,50732.670000,10801471731,42291,79,0
NODE,0.758893,999,45840.210000,9114886753,42309,9,0
NODE,0.758893,999,49773.940000,9950011010,42296,4,0
NODE,0.758893,999,48737.870000,10232172811,42302,6,0
NODE,0.758893,999,46926.500000,9545223058,42310,12,0
NODE,0.758893,999,49794.380000,10023766603,42303,61,0
NODE,0.758893,999,50576.730000,9635488786,42300,54,0
NODE,0.758893,999,50249.940000,10177979619,42301,5,0
NODE,0.758893,999,46353.430000,8891886565,42313,11,0
NODE,0.758893,999,48980.350000,9589638878,42308,51,0
NODE,0.758893,999,45894.870000,8081160351,42315,73,0
NODE,0.758893,999,48506.110000,9496163809,42312,63,0
NODE,0.758893,999,49575.940000,9800145853,42314,52,0
NODE,0.758893,999,41349.020000,7305607973,42323,44,0
NODE,0.758893,999,43522.640000,7465503809,42317,66,0
NODE,0.758893,999,41195.800000,7142630216,42327,67,0
NODE,0.758893,999,39600.350000,6842083168,42334,71,0
NODE,0.758893,999,45010.720000,8231428092,42322,21,0
NODE,0.758893,999,39138.490000,7298850110,42338,49,0
NODE,0.758893,999,43835.810000,8339749450,42329,46,0
NODE,0.758893,999,39548.610000,7584382088,42339,47,0
NODE,0.758893,999,44134.940000,8160258567,42328,75,0
NODE,0.758893,999,40110.570000,7548309559,42336,36,0
NODE,0.758893,999,47274.780000,8601963622,42321,38,0
NODE,0.758893,999,47871.060000,9028972932,42319,14,0
NODE,0.758893,999,44199.600000,8465699085,42331,39,0
NODE,0.758893,999,43069.150000,8063521698,42335,20,0
NODE,0.758893,999,49057.640000,9128646473,42316,74,0
NODE,0.758893,999,40535.760000,7536274194,42337,70,0
NODE,0.758893,999,44530.350000,8208640287,42332,48,0
NODE,0.758893,999,49486.900000,9313598379,42318,31,0
NODE,0.758893,999,46411.110000,8599842200,42330,64,0
NODE,0.758893,999,50036.160000,10134104483,42320,18,0
NODE,0.758893,999,40691.800000,8401876241,42345,76,0
NODE,0.758893,999,40951.530000,8438742659,42346,57,0
NODE,0.758893,999,49683.220000,9215880334,42326,69,0
NODE,0.758893,999,50870.060000,9898536942,42324,22,0
NODE,0.758893,999,41434.360000,8509532240,42348,29,0
NODE,0.758893,999,48233.890000,9379479911,42333,65,0
NODE,0.758893,999,42721.100000,8769769303,42347,19,0
NODE,0.758893,999,51587.420000,9571616635,42325,72,0
NODE,0.758893,999,39954.990000,8158931223,42353,23,0
NODE,0.758893,999,46413.700000,9466854827,42342,58,0
NODE,0.758893,999,47132.710000,9619196485,42340,10,0
NODE,0.758893,999,46922.900000,9463864380,42341,25,0
NODE,0.758893,999,40948.690000,8218436760,42354,59,0
NODE,0.758893,999,40634.120000,8341194752,42356,24,0
NODE,0.758893,999,47659.320000,9599423724,42344,68,0
NODE,0.758893,999,48750.400000,9000660697,42343,30,0
NODE,0.758893,999,45270.660000,9605633543,42350,41,0
NODE,0.758893,999,43111.410000,8487765188,42357,1,0
NODE,0.758893,999,42768.280000,8833497573,42358,42,0
NODE,0.758893,999,41945.450000,9170321215,42364,28,0
NODE,0.758893,999,41731.700000,8211764264,42365,50,0
NODE,0.758893,999,45142.690000,9291325066,42351,56,0
NODE,0.758893,999,42931.780000,8911803582,42362,78,0
NODE,0.758893,999,42929.520000,9012202735,42363,55,0
NODE,0.758893,999,42006.310000,8068410842,42368,32,0
NODE,0.758893,999,43484.940000,9770952108,42360,16,0
NODE,0.758893,999,42137.440000,8477157852,42367,3,0
NODE,0.758893,999,44637.760000,8537655528,42359,43,0
NODE,0.758893,999,41907.530000,8160954676,42373,13,0
NODE,0.758893,999,44128.440000,9315908236,42361,40,0
NODE,0.758893,999,46745.360000,10469455631,42352,37,0
NODE,0.758893,999,49663.270000,10517522096,42349,77,0
NODE,0.758893,999,40349.860000,8263969300,42381,53,0
NODE,0.758893,999,46461.810000,9392232268,42355,2,0
NODE,0.758893,999,42583.440000,8288633145,42375,62,0
NODE,0.758893,999,46168.010000,9520818373,42366,34,0
NODE,0.758893,999,45347.790000,9406662654,42371,26,0
NODE,0.758893,999,46111.920000,9393096417,42369,15,0
NODE,0.758893,999,42285.060000,7879821193,42385,6,0
NODE,0.758893,999,45974.220000,9690390850,42372,60,0
NODE,0.758893,999,44313.790000,9200910324,42377,45,0
NODE,0.758893,999,45789.450000,8986925672,42374,7,0
NODE,0.758893,999,44037.800000,9087225679,42382,79,0
NODE,0.758893,999,45933.990000,9632448224,42376,27,0
NODE,0.758893,999,44984.060000,8750975811,42380,33,0
NODE,0.758893,999,47995.870000,10048732003,42370,8,0
NODE,0.758893,999,46990.070000,9124954745,42378,17,0
NODE,0.758893,999,44988.350000,9609273435,42386,12,0
NODE,0.758893,999,46966.670000,9289389460,42379,35,0
NODE,0.758893,999,44540.760000,8824739824,42391,51,0
NODE,0.758893,999,47726.210000,9401674855,42383,9,0
NODE,0.758893,999,45582.970000,9110091692,42390,11,0
NODE,0.758893,999,46386.280000,9077411719,42389,5,0
NODE,0.758893,999,44564.490000,9147718915,42393,63,0
NODE,0.758893,999,48621.810000,10351532026,42384,4,0
NODE,0.758893,999,47787.060000,10307183859,42388,54,0
NODE,0.758893,999,47898.800000,9508666489,42387,61,0
NODE,0.758893,999,46570.050000,9716054948,42392,73,0
NODE,0.758893,999,45858.380000,8514251784,42394,52,0
NODE,0.758893,999,42299.180000,7857146241,42396,66,0
NODE,0.758893,999,46906.430000,8612739955,42395,44,0
NODE,0.758893,999,45742.210000,8615681394,42398,71,0
NODE,0.758893,999,44325.010000,9535395158,42403,75,0
NODE,0.758893,999,48005.210000,9356268704,42397,67,0
NODE,0.758893,999,43788.910000,8610547199,42410,70,0
NODE,0.758893,999,44602.370000,9425535101,42404,36,0
NODE,0.758893,999,46872.790000,9106099753,42399,21,0
NODE,0.758893,999,45569.080000,9211501480,42401,46,0
NODE,0.758893,999,44805.280000,8353480372,42409,74,0
NODE,0.758893,999,46202.910000,9765619671,42400,49,0
NODE,0.758893,999,45893.860000,9737312996,42407,39,0
NODE,0.758893,999,46650.770000,9894315127,42402,47,0
NODE,0.758893,999,45768.680000,9442212516,42411,48,0
NODE,0.758893,999,46870.440000,9496440931,42406,14,0
NODE,0.758893,999,46673.080000,9908525436,42408,20,0
NODE,0.758893,999,47488.850000,9770882821,42405,38,0
NODE,0.758893,999,46714.470000,9474665170,42412,31,0
NODE,0.758893,999,44949.890000,9569475747,42416,57,0
NODE,0.758893,999,47645.060000,9941677287,42413,64,0
NODE,0.758893,999,45136.980000,9544606489,42422,72,0
NODE,0.758893,999,47289.640000,9967390524,42417,69,0
NODE,0.758893,999,47714.880000,10198243221,42418,22,0
NODE,0.758893,999,47463.790000,10147752559,42420,65,0
NODE,0.758893,999,45533.360000,9648491833,42424,58,0
NODE,0.758893,999,49645.290000,10761130577,42415,76,0
NODE,0.758893,999,47243.750000,10298052619,42423,23,0
NODE,0.758893,999,46199.230000,9448505221,42426,25,0
NODE,0.758893,999,48863.010000,10317239761,42419,29,0
NODE,0.758893,999,48594.770000,10102982002,42421,19,0
NODE,0.758893,999,52211.330000,11657577069,42414,18,0
NODE,0.758893,999,46031.110000,9567516661,42433,42,0
NODE,0.758893,999,47589.770000,9580744355,42431,41,0
NODE,0.758893,999,48077.180000,11020923261,42430,30,0
NODE,0.758893,999,46214.570000,9597729009,42439,32,0
NODE,0.758893,999,46147.400000,9450352028,42441,3,0
NODE,0.758893,999,45551.130000,9259996717,42443,13,0
NODE,0.758893,999,47577.550000,9834447873,42435,50,0
NODE,0.758893,999,46660.510000,9606418412,42440,16,0
NODE,0.758893,999,51042.520000,10656057932,42428,24,0
NODE,0.758893,999,42535.380000,7817093796,42455,45,0
NODE,0.758893,999,48835.480000,10746196758,42432,1,0
NODE,0.758893,999,48419.120000,10352208989,42437,78,0
NODE,0.758893,999,46550.160000,9715920603,42448,2,0
NODE,0.758893,999,53193.560000,11524505874,42425,10,0
NODE,0.758893,999,46454.100000,9168420339,42449,62,0
NODE,0.758893,999,49765.950000,10273559330,42436,56,0
NODE,0.758893,999,44163.890000,7997100761,42457,79,0
NODE,0.758893,999,48450.420000,10295351696,42445,37,0
NODE,0.758893,999,52797.460000,11192881207,42429,68,0
NODE,0.758893,999,48370.740000,9783315235,42446,77,0
NODE,0.758893,999,42213.170000,8062257766,42463,35,0
NODE,0.758893,999,51313.950000,10728960651,42434,28,0
NODE,0.758893,999,46992.810000,9532993526,42450,34,0
NODE,0.758893,999,54905.130000,11007359174,42427,59,0
NODE,0.758893,999,50035.340000,10541437135,42444,40,0
NODE,0.758893,999,50130.810000,9556203474,42442,43,0
NODE,0.758893,999,44964.580000,8602907249,42459,33,0
NODE,0.758893,999,45073.130000,8076774265,42458,27,0
NODE,0.758893,999,46743.750000,9552342810,42454,60,0
NODE,0.758893,999,42439.880000,8358676797,42465,9,0
NODE,0.758893,999,44256.180000,8742963120,42461,17,0
NODE,0.758893,999,46902.270000,9794482134,42456,7,0
NODE,0.758893,999,50787.880000,10549621892,42447,53,0
NODE,0.758893,999,48856.360000,10807442654,42452,15,0
NODE,0.758893,999,43253.770000,8168487323,42467,5,0
NODE,0.758893,999,49597.310000,10923417965,42451,26,0
NODE,0.758893,999,47446.650000,9250189345,42460,8,0
NODE,0.758893,999,45416.770000,8777787115,42464,51,0
NODE,0.758893,999,49910.410000,10886339066,42453,6,0
NODE,0.758893,999,55658.400000,12145275929,42438,55,0
NODE,0.758893,999,46227.450000,8446194514,42469,4,0
NODE,0.758893,999,45609.960000,8164156556,42471,61,0
NODE,0.758893,999,50102.400000,9709980396,42462,12,0
NODE,0.758893,999,49088.140000,9560702924,42466,11,0
NODE,0.758893,999,46818.240000,8953382678,42472,73,0
NODE,0.758893,999,49324.380000,9769346944,42468,63,0
NODE,0.758893,999,50922.400000,9585148750,42470,54,0
NODE,0.758893,999,50832.960000,9957916935,42473,52,0
NODE,0.758893,999,40401.300000,7395385722,42476,71,0
NODE,0.758893,999,45771.020000,8550178879,42474,66,0
NODE,0.758893,999,41911.620000,8006668966,42480,36,0
NODE,0.758893,999,42379.030000,8372596057,42478,67,0
NODE,0.758893,999,42319.970000,8235520806,42479,70,0
NODE,0.758893,999,39945.530000,8105084899,42491,31,0
NODE,0.758893,999,36563.740000,6852859403,42496,22,0
NODE,0.758893,999,44044.850000,8556472675,42483,74,0
NODE,0.758893,999,45918.110000,9136743129,42477,75,0
NODE,0.758893,999,37534.060000,7054717820,42497,65,0
NODE,0.758893,999,45184.830000,8948674500,42481,21,0
NODE,0.758893,999,44944.300000,8472571611,42484,49,0
NODE,0.758893,999,43583.130000,9261340741,42490,38,0
NODE,0.758893,999,45200.560000,8987392263,42485,39,0
NODE,0.758893,999,45431.550000,8985273729,42486,47,0
NODE,0.758893,999,45074.660000,9457657669,42489,20,0
NODE,0.758893,999,39915.100000,7635991877,42498,58,0
NODE,0.758893,999,44198.700000,9474640830,42492,57,0
NODE,0.758893,999,46117.770000,8969286437,42488,14,0
NODE,0.758893,999,41527.820000,8251685097,42495,69,0
NODE,0.758893,999,51550.900000,10412626387,42475,44,0
NODE,0.758893,999,49410.680000,10155645606,42482,46,0
NODE,0.758893,999,41968.410000,8470316507,42499,76,0
NODE,0.758893,999,39027.030000,7933531402,42505,42,0
NODE,0.758893,999,48926.990000,10141815951,42487,48,0
NODE,0.758893,999,46980.690000,8834431295,42493,64,0
NODE,0.758893,999,43608.680000,8226391913,42500,23,0
NODE,0.758893,999,43464.390000,8210567996,42502,29,0
NODE,0.758893,999,43914.720000,8382866931,42501,25,0
NODE,0.758893,999,38626.810000,6580192025,42514,45,0
NODE,0.758893,999,39606.300000,7790523112,42512,16,0
NODE,0.758893,999,46819.590000,9713641033,42494,72,0
NODE,0.758893,999,40692.620000,7530567904,42506,41,0
NODE,0.758893,999,44740.760000,8927207573,42503,19,0
NODE,0.758893,999,44915.400000,8912617096,42504,18,0
NODE,0.758893,999,41835.400000,7732147064,42511,50,0
NODE,0.758893,999,42706.150000,8016221635,42507,30,0
NODE,0.758893,999,41995.480000,8370125301,42513,24,0
NODE,0.758893,999,42704.400000,8780279994,42510,13,0
NODE,0.758893,999,43525.410000,8460743173,42508,32,0
NODE,0.758893,999,39221.780000,7139970478,42528,59,0
NODE,0.758893,999,38264.740000,7272111921,42535,17,0
NODE,0.758893,999,41724.220000,8002528829,42520,56,0
NODE,0.758893,999,41055.010000,7750717322,42526,28,0
NODE,0.758893,999,40373.310000,7993069381,42532,27,0
NODE,0.758893,999,42557.100000,8382038362,42519,62,0
NODE,0.758893,999,43249.860000,8040040030,42518,10,0
NODE,0.758893,999,40810.650000,8286624592,42533,60,0
NODE,0.758893,999,40433.410000,7000929350,42536,7,0
NODE,0.758893,999,44954.740000,8604178934,42515,1,0
NODE,0.758893,999,38695.080000,7407895582,42541,8,0
NODE,0.758893,999,44397.840000,8594581448,42517,2,0
NODE,0.758893,999,42881.550000,8687324737,42525,35,0
NODE,0.758893,999,42524.630000,8095589429,42527,34,0
NODE,0.758893,999,43318.330000,8607545478,42523,68,0
NODE,0.758893,999,41549.490000,8234854629,42534,9,0
NODE,0.758893,999,42351.010000,7871903925,42529,40,0
NODE,0.758893,999,36790.670000,6563613946,42545,4,0
NODE,0.758893,999,47571.410000,8927729072,42509,3,0
NODE,0.758893,999,39846.890000,7708015892,42542,51,0
NODE,0.758893,999,40701.230000,8099138017,42540,26,0
NODE,0.758893,999,42137.620000,7677786079,42537,53,0
NODE,0.758893,999,45055.320000,8846811526,42522,37,0
NODE,0.758893,999,46049.060000,9116870482,42521,79,0
NODE,0.758893,999,47679.060000,8910823315,42516,78,0
NODE,0.758893,999,44758.960000,8456705634,42531,33,0
NODE,0.758893,999,46234.170000,9581329821,42524,77,0
NODE,0.758893,999,45513.780000,8724853685,42530,43,0
NODE,0.758893,999,44014.940000,8004856868,42538,15,0
NODE,0.758893,999,44910.150000,9224487740,42539,5,0
NODE,0.758893,999,43182.190000,8064118750,42544,55,0
NODE,0.758893,999,41403.200000,8096031928,42547,12,0
NODE,0.758893,999,37387.180000,6548378693,42551,54,0
NODE,0.758893,999,41424.740000,7952286374,42548,11,0
NODE,0.758893,999,46838.190000,9441696660,42543,6,0
NODE,0.758893,999,44169.230000,9099080235,42546,61,0
NODE,0.758893,999,43164.550000,8369321550,42549,73,0
NODE,0.758893,999,42504.470000,8041398824,42550,63,0
NODE,0.758893,999,44857.330000,7916388656,42552,52,0
NODE,0.758893,999,39301.900000,7812205422,42554,66,0
NODE,0.758893,999,35651.300000,6219568288,42558,31,0
NODE,0.758893,999,41504.130000,7193716550,42553,71,0
NODE,0.758893,999,38813.570000,7707172617,42556,67,0
NODE,0.758893,999,39015.820000,7057920130,42555,36,0
NODE,0.758893,999,37032.300000,6800055000,42563,21,0
NODE,0.758893,999,39376.720000,7357605980,42559,22,0
NODE,0.758893,999,41784.920000,8051093510,42557,70,0
NODE,0.758893,999,39531.180000,6817549888,42564,49,0
NODE,0.758893,999,40430.840000,7006575113,42561,75,0
NODE,0.758893,999,41082.720000,7330058645,42560,74,0
NODE,0.758893,999,41472.830000,7559765275,42565,38,0
NODE,0.758893,999,42808.880000,7944470559,42562,65,0
NODE,0.758893,999,39852.010000,7245248565,42572,69,0
NODE,0.758893,999,41412.880000,7261617690,42567,47,0
NODE,0.758893,999,35246.130000,6234237197,42585,41,0
NODE,0.758893,999,38366.890000,6943072459,42576,42,0
NODE,0.758893,999,41530.150000,7072667890,42570,57,0
NODE,0.758893,999,42013.310000,7496554421,42571,14,0
NODE,0.758893,999,39791.300000,6925787876,42577,48,0
NODE,0.758893,999,37956.840000,7346575738,42583,16,0
NODE,0.758893,999,38174.000000,6824498011,42582,45,0
NODE,0.758893,999,43883.230000,7498611771,42568,20,0
NODE,0.758893,999,39011.980000,7199099225,42579,23,0
NODE,0.758893,999,44965.420000,8494584500,42566,39,0
NODE,0.758893,999,39493.050000,7445945000,42580,29,0
NODE,0.758893,999,44152.880000,8159838147,42573,44,0
NODE,0.758893,999,43617.870000,8106481754,42574,46,0
NODE,0.758893,999,41562.710000,7880184689,42578,64,0
NODE,0.758893,999,39684.840000,7329548827,42586,19,0
NODE,0.758893,999,38742.360000,7127877465,42588,50,0
NODE,0.758893,999,40864.740000,7877073632,42584,72,0
NODE,0.758893,999,46518.320000,8452985661,42569,58,0
NODE,0.758893,999,41703.550000,8422337072,42581,25,0
NODE,0.758893,999,44737.520000,8513700827,42575,76,0
NODE,0.758893,999,41261.810000,7447775154,42587,18,0
NODE,0.758893,999,40740.110000,7094764587,42589,30,0
NODE,0.758893,999,39689.210000,7680934430,42595,56,0
NODE,0.758893,999,40981.340000,7811904169,42592,32,0
NODE,0.758893,999,41617.260000,7424416654,42590,24,0
NODE,0.758893,999,41189.510000,7581801996,42593,59,0
NODE,0.758893,999,42756.570000,7807905584,42591,13,0
NODE,0.758893,999,41733.370000,8122697111,42594,17,0
NODE,0.758893,999,40927.300000,7845028946,42598,62,0
NODE,0.758893,999,41447.030000,7592050711,42596,28,0
NODE,0.758893,999,41180.580000,8281219745,42608,9,0
NODE,0.758893,999,42576.680000,7918912406,42600,60,0
NODE,0.758893,999,43879.220000,8137782928,42597,27,0
NODE,0.758893,999,43253.950000,7586305768,42601,7,0
NODE,0.758893,999,43556.050000,8126849445,42603,8,0
NODE,0.758893,999,44111.360000,8360305158,42599,10,0
NODE,0.758893,999,43177.600000,8511068671,42610,4,0
NODE,0.758893,999,44796.610000,8686162179,42602,1,0
NODE,0.758893,999,44788.190000,9316136285,42607,68,0
NODE,0.758893,999,42838.350000,7958931228,42619,77,0
NODE,0.758893,999,44720.910000,8725127875,42613,26,0
NODE,0.758893,999,46433.950000,8277530702,42604,2,0
NODE,0.758893,999,46203.080000,9173710284,42609,40,0
NODE,0.758893,999,46637.370000,9725956768,42606,34,0
NODE,0.758893,999,46820.160000,9721690753,42605,35,0
NODE,0.758893,999,46795.570000,9034469497,42611,3,0
NODE,0.758893,999,46479.930000,8716383796,42612,51,0
NODE,0.758893,999,46752.390000,9033499311,42615,37,0
NODE,0.758893,999,46957.540000,9054208040,42614,53,0
NODE,0.758893,999,41969.180000,7504741931,42625,54,0
NODE,0.758893,999,46872.730000,9446833377,42617,78,0
NODE,0.758893,999,47236.050000,9109510602,42616,79,0
NODE,0.758893,999,46147.930000,8600033976,42621,15,0
NODE,0.758893,999,43872.400000,8281572863,42626,11,0
NODE,0.758893,999,45363.360000,8417443329,42623,55,0
NODE,0.758893,999,48634.540000,9731103649,42618,33,0
NODE,0.758893,999,46336.030000,9662941743,42622,5,0
NODE,0.758893,999,45413.990000,9275117077,42624,12,0
NODE,0.758893,999,43497.240000,7492960671,42627,6,0
NODE,0.758893,999,43966.320000,7978250559,42630,63,0
NODE,0.758893,999,45599.710000,9093976238,42628,61,0
NODE,0.758893,999,51093.400000,9356706923,42620,43,0
NODE,0.758893,999,47287.080000,8366179391,42629,73,0
NODE,0.758893,999,44461.900000,8093633975,42634,71,0
NODE,0.758893,999,42828.820000,7914132791,42637,21,0
NODE,0.758893,999,46992.160000,8282191212,42633,31,0
NODE,0.758893,999,48005.650000,8805919976,42632,66,0
NODE,0.758893,999,40496.520000,7048077019,42641,75,0
NODE,0.758893,999,49996.390000,8754655983,42631,52,0
NODE,0.758893,999,45941.220000,8361452751,42636,36,0
NODE,0.758893,999,43840.880000,8144984538,42638,22,0
NODE,0.758893,999,49218.370000,9162049985,42635,67,0
NODE,0.758893,999,46023.590000,8830122367,42640,49,0
NODE,0.758893,999,42200.290000,7187827875,42649,57,0
NODE,0.758893,999,46705.520000,7995129493,42642,74,0
NODE,0.758893,999,41579.830000,8015721829,42651,48,0
NODE,0.758893,999,38906.030000,7377374754,42662,50,0
NODE,0.758893,999,49410.260000,9809572139,42639,70,0
NODE,0.758893,999,45394.910000,8391452939,42644,65,0
NODE,0.758893,999,45849.030000,8804118607,42643,38,0
NODE,0.758893,999,45002.460000,8180111732,42648,42,0
NODE,0.758893,999,42436.230000,8094873292,42657,29,0
NODE,0.758893,999,40086.010000,7721760808,42665,25,0
NODE,0.758893,999,40532.950000,6980508651,42663,72,0
NODE,0.758893,999,46828.230000,8304219756,42647,41,0
NODE,0.758893,999,47417.630000,9256663616,42646,47,0
NODE,0.758893,999,45191.090000,8409254280,42652,16,0
NODE,0.758893,999,46019.490000,8443883414,42650,14,0
NODE,0.758893,999,45166.550000,8184274377,42654,20,0
NODE,0.758893,999,45034.390000,8193175233,42655,23,0
NODE,0.758893,999,48678.520000,8941998318,42645,69,0
NODE,0.758893,999,42614.510000,8029038875,42666,76,0
NODE,0.758893,999,43037.690000,8606214532,42667,18,0
NODE,0.758893,999,43226.140000,8018045906,42668,30,0
NODE,0.758893,999,45332.540000,8418939845,42664,58,0
NODE,0.758893,999,46829.860000,9263188125,42660,64,0
NODE,0.758893,999,46641.210000,8749805990,42661,19,0
NODE,0.758893,999,47291.780000,8586262644,42659,46,0
NODE,0.758893,999,49163.270000,9232087772,42656,39,0
NODE,0.758893,999,42020.240000,8251385737,42674,17,0
NODE,0.758893,999,43461.120000,8401678335,42670,32,0
NODE,0.758893,999,50420.720000,9080596496,42653,45,0
NODE,0.758893,999,49067.800000,8940615526,42658,44,0
NODE,0.758893,999,44482.560000,8438101168,42671,24,0
NODE,0.758893,999,42588.090000,7565490302,42676,28,0
NODE,0.758893,999,43066.330000,7580472073,42675,62,0
NODE,0.758893,999,45361.980000,9065616895,42672,59,0
NODE,0.758893,999,46189.920000,9135611316,42669,56,0
NODE,0.758893,999,45578.280000,8289395849,42673,13,0
NODE,0.758893,999,43349.230000,7708688251,42677,9,0
NODE,0.758893,999,43968.640000,7887017652,42678,60,0
NODE,0.758893,999,44569.860000,8381676531,42680,7,0
NODE,0.758893,999,45983.950000,8851304067,42679,27,0
NODE,0.758893,999,43740.280000,7792578743,42685,68,0
NODE,0.758893,999,45691.860000,8557571612,42681,8,0
NODE,0.758893,999,42648.700000,7354711764,42691,35,0
NODE,0.758893,999,46115.210000,8555524688,42683,4,0
NODE,0.758893,999,46950.090000,8646753694,42682,10,0
NODE,0.758893,999,46091.440000,8808401861,42684,1,0
NODE,0.758893,999,43768.790000,7785462196,42692,3,0
NODE,0.758893,999,39711.170000,7988354124,42704,12,0
NODE,0.758893,999,47393.660000,8633087475,42687,26,0
NODE,0.758893,999,47037.620000,8721803926,42689,40,0
NODE,0.758893,999,45928.510000,7967376217,42693,51,0
NODE,0.758893,999,47605.240000,8989896213,42686,77,0
NODE,0.758893,999,45174.060000,8575176389,42694,37,0
NODE,0.758893,999,45544.430000,8100426387,42695,53,0
NODE,0.758893,999,43303.810000,8044787065,42700,11,0
NODE,0.758893,999,42596.670000,8238233130,42703,5,0
NODE,0.758893,999,44686.810000,8079384534,42697,78,0
NODE,0.758893,999,44063.630000,8084450656,42699,15,0
NODE,0.758893,999,46118.010000,7775818971,42696,54,0
NODE,0.758893,999,49112.380000,9353057308,42688,2,0
NODE,0.758893,999,43504.190000,8599365212,42705,6,0
NODE,0.758893,999,42673.280000,8523395523,42706,63,0
NODE,0.758893,999,46348.280000,9018411904,42698,79,0
NODE,0.758893,999,45609.020000,8983908359,42701,55,0
NODE,0.758893,999,50344.000000,9492010703,42690,34,0
NODE,0.758893,999,45717.880000,8264102559,42702,33,0
NODE,0.758893,999,44152.040000,8670365214,42707,61,0
NODE,0.758893,999,44761.900000,8356088300,42708,43,0
NODE,0.758893,999,45421.950000,8674226005,42709,73,0
NODE,0.758893,999,43137.510000,8152232565,42711,21,0
NODE,0.758893,999,45695.890000,9084744997,42710,71,0
NODE,0.758893,999,44583.140000,8315124796,42714,75,0
NODE,0.758893,999,45218.160000,8454674624,42713,66,0
NODE,0.758893,999,45302.410000,8840894503,42712,31,0
NODE,0.758893,999,47600.590000,9240924709,42716,36,0
NODE,0.758893,999,48024.580000,9671868044,42715,52,0
NODE,0.758893,999,47301.600000,9060960220,42717,22,0
NODE,0.758893,999,46318.830000,8407558034,42720,57,0
NODE,0.758893,999,48676.950000,9191134103,42718,67,0
NODE,0.758893,999,48996.760000,9605739174,42721,74,0
NODE,0.758893,999,47759.090000,9168024022,42726,38,0
NODE,0.758893,999,46260.590000,8583141052,42735,20,0
NODE,0.758893,999,45784.430000,8887549474,42737,69,0
NODE,0.758893,999,46885.170000,8510791560,42736,23,0
NODE,0.758893,999,52514.460000,10322318234,42719,49,0
NODE,0.758893,999,47737.190000,9940634961,42733,16,0
NODE,0.758893,999,46566.730000,8513673478,42738,76,0
NODE,0.758893,999,44943.850000,8656704502,42739,18,0
NODE,0.758893,999,51849.560000,10094297289,42722,48,0
NODE,0.758893,999,50440.050000,8735129205,42727,42,0
NODE,0.758893,999,51663.410000,9000281493,42725,65,0
NODE,0.758893,999,52151.440000,10718080237,42724,70,0
NODE,0.758893,999,45574.980000,8695522955,42741,58,0
NODE,0.758893,999,43326.990000,8581622146,42751,28,0
NODE,0.758893,999,50528.230000,9156491924,42731,41,0
NODE,0.758893,999,53941.860000,10860125433,42723,50,0
NODE,0.758893,999,46292.050000,8647126917,42744,46,0
NODE,0.758893,999,46278.160000,8464026862,42747,32,0
NODE,0.758893,999,51044.830000,10657342627,42734,14,0
NODE,0.758893,999,53335.770000,10162528007,42728,29,0
NODE,0.758893,999,47229.590000,9627581346,42745,39,0
NODE,0.758893,999,53199.990000,9613930650,42730,72,0
NODE,0.758893,999,53362.420000,9452462500,42729,25,0
NODE,0.758893,999,46786.730000,8779559233,42748,45,0
NODE,0.758893,999,46126.330000,9436465073,42752,62,0
NODE,0.758893,999,47594.590000,9214388380,42750,24,0
NODE,0.758893,999,48039.330000,10536504888,42749,44,0
NODE,0.758893,999,50580.270000,9742700789,42740,30,0
NODE,0.758893,999,54589.510000,10356369784,42732,47,0
NODE,0.758893,999,50527.250000,10462905937,42743,19,0
NODE,0.758893,999,46905.490000,8974386073,42755,13,0
NODE,0.758893,999,36301.720000,6634778505,42782,79,0
NODE,0.758893,999,51936.800000,10543651239,42746,17,0
NODE,0.758893,999,52752.240000,10152681598,42742,64,0
NODE,0.758893,999,49831.190000,9921023521,42753,59,0
NODE,0.758893,999,50078.090000,10305728364,42754,56,0
NODE,0.758893,999,43635.400000,8732516524,42765,1,0
NODE,0.758893,999,40061.520000,7358945490,42776,78,0
NODE,0.758893,999,41037.520000,7207787154,42768,26,0
NODE,0.758893,999,41479.470000,7593497279,42769,40,0
NODE,0.758893,999,43626.950000,8395629053,42767,12,0
NODE,0.758893,999,41823.670000,7761236670,42770,51,0
NODE,0.758893,999,39737.690000,7160014449,42781,63,0
NODE,0.758893,999,49938.210000,10528911553,42757,60,0
NODE,0.758893,999,40479.890000,7640613450,42780,6,0
NODE,0.758893,999,38695.560000,7264944716,42785,33,0
NODE,0.758893,999,47182.120000,8978805406,42761,8,0
NODE,0.758893,999,44927.590000,8108264756,42766,3,0
NODE,0.758893,999,47379.690000,9148400181,42762,35,0
NODE,0.758893,999,42263.690000,7319240359,42779,2,0
NODE,0.758893,999,49504.310000,10077018033,42759,27,0
NODE,0.758893,999,38630.280000,6917506128,42787,43,0
NODE,0.758893,999,43990.590000,8225646507,42773,53,0
NODE,0.758893,999,44602.060000,8448732301,42772,37,0
NODE,0.758893,999,49601.900000,9548292259,42760,68,0
NODE,0.758893,999,41995.380000,7609410561,42783,55,0
NODE,0.758893,999,40607.880000,7891280171,42786,61,0
NODE,0.758893,999,44520.070000,7608812468,42775,5,0
NODE,0.758893,999,43861.220000,7974290035,42778,54,0
NODE,0.758893,999,54221.400000,12262180080,42756,9,0
NODE,0.758893,999,42056.120000,7784083850,42784,34,0
NODE,0.758893,999,49303.560000,8894355750,42764,10,0
NODE,0.758893,999,45204.880000,7834732184,42777,15,0
NODE,0.758893,999,50501.250000,9981455997,42763,4,0
NODE,0.758893,999,46475.670000,9112985449,42774,11,0
NODE,0.758893,999,53713.420000,11145761616,42758,7,0
NODE,0.758893,999,49040.530000,10404620470,42771,77,0
NODE,0.758893,999,44956.320000,7513698738,42788,73,0
NODE,0.758893,999,39717.950000,7005335026,42789,21,0
NODE,0.758893,999,40226.900000,7494674818,42790,71,0
NODE,0.758893,999,42461.040000,7745643070,42791,75,0
NODE,0.758893,999,42257.150000,7521672609,42793,31,0
NODE,0.758893,999,43232.260000,7862516867,42792,66,0
NODE,0.758893,999,38980.600000,7512530110,42798,67,0
NODE,0.758893,999,45043.010000,8739935171,42794,36,0
NODE,0.758893,999,42113.720000,8478928275,42797,57,0
NODE,0.758893,999,42591.560000,8130392869,42800,38,0
NODE,0.758893,999,49310.580000,9469441247,42796,22,0
NODE,0.758893,999,42555.050000,8294941127,42801,20,0
NODE,0.758893,999,38476.540000,7182984757,42818,14,0
NODE,0.758893,999,42294.510000,7380099154,42804,49,0
NODE,0.758893,999,42763.730000,8396381332,42803,23,0
NODE,0.758893,999,40332.070000,7516889793,42816,46,0
NODE,0.758893,999,42857.200000,7853613635,42809,42,0
NODE,0.758893,999,43842.060000,8033083476,42807,18,0
NODE,0.758893,999,47070.860000,8999321912,42799,74,0
NODE,0.758893,999,41614.700000,7661766574,42817,32,0
NODE,0.758893,999,42150.120000,8213009398,42815,50,0
NODE,0.758893,999,43752.990000,8703308217,42813,28,0
NODE,0.758893,999,41239.750000,8233582955,42822,25,0
NODE,0.758893,999,46525.810000,9422671213,42802,69,0
NODE,0.758893,999,45396.720000,7448355152,42806,76,0
NODE,0.758893,999,44405.080000,7969125138,42810,65,0
NODE,0.758893,999,55135.810000,11539133188,42795,52,0
NODE,0.758893,999,46024.330000,9074158564,42805,16,0
NODE,0.758893,999,44648.070000,8958374173,42812,58,0
NODE,0.758893,999,46719.660000,8392121918,42808,48,0
NODE,0.758893,999,43180.360000,9033293352,42820,39,0
NODE,0.758893,999,45447.930000,9081423809,42814,41,0
NODE,0.758893,999,46368.820000,9361657731,42811,70,0
NODE,0.758893,999,44058.170000,8471497500,42819,29,0
NODE,0.758893,999,44094.680000,8646715699,42821,72,0
NODE,0.758893,999,41809.870000,7758322590,42827,30,0
NODE,0.758893,999,43350.020000,8686377071,42825,24,0
NODE,0.758893,999,42005.210000,8614085082,42830,13,0
NODE,0.758893,999,45024.340000,8731346125,42823,45,0
NODE,0.758893,999,44810.110000,9297984372,42824,62,0
NODE,0.758893,999,40853.400000,8274144121,42833,64,0
NODE,0.758893,999,40595.090000,7705044718,42835,56,0
NODE,0.758893,999,44938.200000,9136037953,42826,44,0
NODE,0.758893,999,40451.060000,7786112328,42837,78,0
NODE,0.758893,999,42293.360000,8191822405,42831,79,0
NODE,0.758893,999,40604.990000,8237027140,42840,12,0
NODE,0.758893,999,41612.380000,8243403099,42838,26,0
NODE,0.758893,999,41922.190000,8009630902,42839,40,0
NODE,0.758893,999,46454.280000,9639640187,42828,47,0
NODE,0.758893,999,43471.810000,8890775003,42836,1,0
NODE,0.758893,999,46277.580000,9408985607,42829,19,0
NODE,0.758893,999,41801.730000,8103854385,42844,6,0
NODE,0.758893,999,43156.280000,8244827592,42843,60,0
NODE,0.758893,999,43095.870000,8346578649,42845,33,0
NODE,0.758893,999,42351.090000,8400269022,42848,35,0
NODE,0.758893,999,45900.910000,8866424462,42834,59,0
NODE,0.758893,999,46981.870000,9545141772,42832,17,0
NODE,0.758893,999,43695.430000,8314274261,42847,3,0
NODE,0.758893,999,45623.750000,9431382516,42841,51,0
NODE,0.758893,999,44198.910000,8654175251,42849,2,0
NODE,0.758893,999,43973.310000,8492792796,42852,53,0
NODE,0.758893,999,46179.820000,9650188557,42846,8,0
NODE,0.758893,999,41794.170000,8430993157,42864,11,0
NODE,0.758893,999,42146.280000,8297938778,42863,4,0
NODE,0.758893,999,47180.200000,8144981717,42842,63,0
NODE,0.758893,999,43906.370000,8598073554,42859,9,0
NODE,0.758893,999,45668.530000,9406688942,42851,43,0
NODE,0.758893,999,44027.120000,9085390680,42862,15,0
NODE,0.758893,999,45488.830000,9240897336,42855,55,0
NODE,0.758893,999,46297.820000,9289534882,42850,27,0
NODE,0.758893,999,46542.170000,9730538046,42853,37,0
NODE,0.758893,999,47260.780000,9083077678,42858,54,0
NODE,0.758893,999,47874.590000,9087036932,42856,61,0
NODE,0.758893,999,47999.320000,9392626860,42857,5,0
NODE,0.758893,999,48881.010000,10086900173,42854,68,0
NODE,0.758893,999,46415.330000,9336320538,42865,7,0
NODE,0.758893,999,48453.780000,9561755462,42861,10,0
NODE,0.758893,999,50290.430000,10248831083,42860,34,0
NODE,0.758893,999,46740.280000,8820769600,42866,77,0
NODE,0.758893,999,48366.610000,8862935684,42867,73,0
NODE,0.758893,999,48890.840000,9438677837,42868,21,0
NODE,0.758893,999,45262.570000,8208778119,42870,75,0
NODE,0.758893,999,45703.920000,8954693281,42872,66,0
NODE,0.758893,999,50653.010000,9743515372,42869,71,0
NODE,0.758893,999,42608.790000,8365158519,42874,36,0
NODE,0.758893,999,49129.690000,10141495895,42871,31,0
NODE,0.758893,999,42805.010000,8334748127,42875,57,0
NODE,0.758893,999,45690.420000,9432179162,42873,67,0
NODE,0.758893,999,42186.190000,8907954693,42878,20,0
NODE,0.758893,999,46402.380000,10011709694,42877,22,0
NODE,0.758893,999,41418.970000,8186254231,42888,28,0
NODE,0.758893,999,45325.210000,9067697856,42879,14,0
NODE,0.758893,999,42147.960000,8935936898,42889,25,0
NODE,0.758893,999,42635.260000,8376846798,42887,50,0
NODE,0.758893,999,39703.910000,7479696893,42902,30,0
NODE,0.758893,999,46361.240000,8689431398,42880,49,0
NODE,0.758893,999,40819.020000,7978826339,42898,41,0
NODE,0.758893,999,43628.800000,8708359835,42886,32,0
NODE,0.758893,999,46480.430000,8452571851,42881,23,0
NODE,0.758893,999,43253.910000,9022320072,42890,69,0
NODE,0.758893,999,44464.530000,8917093310,42885,74,0
NODE,0.758893,999,45744.300000,9235038596,42882,46,0
NODE,0.758893,999,43669.970000,8754963620,42892,65,0
NODE,0.758893,999,40359.990000,7604459591,42903,24,0
NODE,0.758893,999,40326.610000,8306147626,42905,45,0
NODE,0.758893,999,45693.630000,9296146909,42884,18,0
NODE,0.758893,999,44378.070000,9588977768,42891,76,0
NODE,0.758893,999,50368.450000,9920296674,42876,38,0
NODE,0.758893,999,42669.180000,8631888942,42900,29,0
NODE,0.758893,999,41364.630000,8806232749,42904,13,0
NODE,0.758893,999,42890.660000,8111245636,42901,72,0
NODE,0.758893,999,47618.990000,9331592784,42883,42,0
NODE,0.758893,999,44585.230000,9162754318,42897,39,0
NODE,0.758893,999,42466.600000,9244056322,42906,62,0
NODE,0.758893,999,46265.470000,8720085716,42893,52,0
NODE,0.758893,999,42234.000000,10076035373,42907,64,0
NODE,0.758893,999,42232.110000,8926484177,42909,44,0
NODE,0.758893,999,43289.360000,8225278506,42908,56,0
NODE,0.758893,999,46582.630000,9489749867,42896,48,0
NODE,0.758893,999,47752.310000,10078854686,42894,16,0
NODE,0.758893,999,44433.330000,9002637466,42911,79,0
NODE,0.758893,999,50275.790000,11076100888,42895,58,0
NODE,0.758893,999,44963.750000,9336664198,42912,12,0
NODE,0.758893,999,42044.290000,7966273598,42919,60,0
NODE,0.758893,999,38456.340000,6567147328,42931,63,0
NODE,0.758893,999,43711.870000,8206551068,42917,19,0
NODE,0.758893,999,44379.100000,8491248098,42915,47,0
NODE,0.758893,999,43775.580000,8604297824,42918,6,0
NODE,0.758893,999,46708.590000,9321799108,42910,78,0
NODE,0.758893,999,46359.090000,9787557483,42913,26,0
NODE,0.758893,999,50966.600000,10212808509,42899,70,0
NODE,0.758893,999,43086.060000,8103006091,42923,17,0
NODE,0.758893,999,46260.850000,8907381373,42914,40,0
NODE,0.758893,999,46801.080000,9403547089,42916,1,0
NODE,0.758893,999,41756.460000,7346328228,42930,4,0
NODE,0.758893,999,45348.260000,8489127172,42921,35,0
NODE,0.758893,999,44637.780000,7909226280,42924,3,0
NODE,0.758893,999,45707.630000,8357773609,42920,33,0
NODE,0.758893,999,43084.040000,8425507956,42926,2,0
NODE,0.758893,999,40748.120000,7776621660,42935,55,0
NODE,0.758893,999,42934.010000,7861182642,42929,11,0
NODE,0.758893,999,42579.960000,7693644321,42932,9,0
NODE,0.758893,999,41664.330000,7865987131,42936,27,0
NODE,0.758893,999,47018.050000,8688541780,42922,59,0
NODE,0.758893,999,45260.940000,8087794498,42925,51,0
NODE,0.758893,999,45439.750000,8974603671,42928,8,0
NODE,0.758893,999,45748.050000,8162672870,42927,53,0
NODE,0.758893,999,44525.490000,8622393470,42934,15,0
NODE,0.758893,999,40543.950000,7057499326,42943,10,0
NODE,0.758893,999,44775.990000,8013859814,42941,68,0
NODE,0.758893,999,44692.240000,8451854970,42942,7,0
NODE,0.758893,999,47817.170000,9180815774,42937,37,0
NODE,0.758893,999,49180.280000,8793385118,42933,43,0
NODE,0.758893,999,47205.910000,8818727876,42938,54,0
NODE,0.758893,999,47785.490000,8983405911,42940,5,0
NODE,0.758893,999,45961.920000,8359427453,42945,77,0
NODE,0.758893,999,47281.750000,8821544298,42944,34,0
NODE,0.758893,999,50056.520000,9816016157,42939,61,0
NODE,0.758893,999,40234.080000,7232247157,42949,66,0
NODE,0.758893,999,43449.680000,7723010926,42947,21,0
NODE,0.758893,999,42266.500000,7737539633,42950,71,0
NODE,0.758893,999,44709.540000,8262089553,42948,75,0
NODE,0.758893,999,40894.880000,7064482996,42954,67,0
NODE,0.758893,999,41259.210000,7238967112,42953,57,0
NODE,0.758893,999,42899.610000,7826986403,42952,31,0
NODE,0.758893,999,43707.660000,8379096006,42951,36,0
NODE,0.758893,999,40777.980000,7716198415,42955,20,0
NODE,0.758893,999,53651.190000,11109670583,42946,73,0
NODE,0.758893,999,43165.400000,7882360883,42957,28,0
NODE,0.758893,999,43185.490000,8066802564,42958,14,0
NODE,0.758893,999,43255.200000,7703521815,42959,25,0
NODE,0.758893,999,43784.380000,8127192963,42961,30,0
NODE,0.758893,999,43724.900000,7848938864,42966,69,0
NODE,0.758893,999,45935.960000,9210000295,42956,22,0
NODE,0.758893,999,42164.260000,8291976120,42978,42,0
NODE,0.758893,999,45491.080000,8287242232,42960,50,0
NODE,0.758893,999,39977.950000,7982107672,42986,16,0
NODE,0.758893,999,45727.530000,8175386144,42967,74,0
NODE,0.758893,999,46209.700000,8658575962,42965,23,0
NODE,0.758893,999,45589.010000,8676388141,42970,24,0
NODE,0.758893,999,44435.530000,8274327884,42975,29,0
NODE,0.758893,999,46287.340000,8495048187,42968,46,0
NODE,0.758893,999,38576.930000,7132195537,42990,60,0
NODE,0.758893,999,47050.750000,9101476939,42964,32,0
NODE,0.758893,999,46289.380000,8603007038,42972,18,0
NODE,0.758893,999,45782.530000,8473029120,42974,38,0
NODE,0.758893,999,48199.760000,9585454429,42963,41,0
NODE,0.758893,999,46899.920000,8231842836,42971,45,0
NODE,0.758893,999,46660.540000,9064923985,42977,72,0
NODE,0.758893,999,46405.580000,9256759102,42980,62,0
NODE,0.758893,999,42122.040000,8768010962,42988,58,0
NODE,0.758893,999,50536.140000,9258936773,42962,49,0
NODE,0.758893,999,41519.060000,7575188497,42995,78,0
NODE,0.758893,999,49354.870000,9372255028,42973,76,0
NODE,0.758893,999,42248.130000,8167725503,42992,19,0
NODE,0.758893,999,45899.000000,8531706451,42985,48,0
NODE,0.758893,999,46592.010000,9527760566,42983,44,0
NODE,0.758893,999,49265.310000,9020572769,42976,13,0
NODE,0.758893,999,42748.690000,8311065323,42993,47,0
NODE,0.758893,999,43310.180000,7913186728,42991,63,0
NODE,0.758893,999,51160.030000,9838050097,42969,65,0
NODE,0.758893,999,48222.510000,9345473523,42982,64,0
NODE,0.758893,999,48660.440000,9600840819,42981,52,0
NODE,0.758893,999,47199.640000,8983350071,42984,56,0
NODE,0.758893,999,43884.860000,8513434522,42994,6,0
NODE,0.758893,999,50072.830000,9877448469,42979,39,0
NODE,0.758893,999,43169.140000,7637214422,42998,17,0
NODE,0.758893,999,45518.470000,8665945069,42989,12,0
NODE,0.758893,999,43885.630000,7932097925,42996,26,0
NODE,0.758893,999,43374.530000,8120941776,43000,1,0
NODE,0.758893,999,45820.360000,8175580847,42997,70,0
NODE,0.758893,999,49732.570000,9704421872,42987,79,0
NODE,0.758893,999,52555.280000,9392113528,42999,40,0
