NODE,0.758893,999,37660.660000,6870741974,44066,43,0
NODE,0.758893,999,37833.970000,6834249669,44059,56,0
NODE,0.758893,999,38244.880000,6630687852,44032,35,0
NODE,0.758893,999,39094.510000,7568918730,44050,67,0
NODE,0.758893,999,39159.010000,6633511125,44067,42,0
NODE,0.758893,999,39177.760000,7346949320,44038,9,0
NODE,0.758893,999,39324.520000,7249322810,44043,49,0
NODE,0.758893,999,39705.290000,6986822684,44071,58,0
NODE,0.758893,999,39751.990000,7540410198,44033,36,0
NODE,0.758893,999,39790.640000,7567823755,44065,47,0
NODE,0.758893,999,40058.070000,6907579067,44060,65,0
NODE,0.758893,999,40152.940000,7534157699,44072,44,0
NODE,0.758893,999,40245.890000,7615900496,44058,57,0
NODE,0.758893,999,40327.190000,7276129834,44029,32,0
NODE,0.758893,999,40382.700000,7631975505,44037,5,0
NODE,0.758893,999,40658.040000,8030083131,44044,64,0
NODE,0.758893,999,40711.110000,7108361249,44053,41,0
NODE,0.758893,999,40787.940000,7566934818,44064,50,0
NODE,0.758893,999,41033.480000,7667929268,44062,60,0
NODE,0.758893,999,41069.230000,7652814573,44077,75,0
NODE,0.758893,999,41515.090000,7619347425,44074,63,0
NODE,0.758893,999,41521.630000,7951236574,44011,14,0
NODE,0.758893,999,41611.810000,8585352797,44026,29,0
NODE,0.758893,999,41627.310000,7902536873,44047,45,0
NODE,0.758893,999,41646.740000,7774271226,44042,51,0
NODE,0.758893,999,41673.460000,7953285991,44010,13,0
NODE,0.758893,999,41731.370000,7741446397,44036,39,0
NODE,0.758893,999,41796.570000,7807964251,44078,79,0
NODE,0.758893,999,41830.550000,7549121146,44061,40,0
NODE,0.758893,999,41981.800000,7462478908,44070,46,0
NODE,0.758893,999,42083.280000,8320465294,44018,21,0
NODE,0.758893,999,42107.790000,8082719749,44028,31,0
NODE,0.758893,999,42237.220000,7416041657,44048,71,0
NODE,0.758893,999,42286.670000,7644906075,44068,62,0
NODE,0.758893,999,42323.740000,7446262201,44046,53,0
NODE,0.758893,999,42326.610000,8167077844,44019,22,0
NODE,0.758893,999,42367.610000,8061433812,44051,76,0
NODE,0.758893,999,42371.220000,7856620136,44035,38,0
NODE,0.758893,999,42397.470000,7791005439,44015,18,0
NODE,0.758893,999,42581.940000,7689150406,44054,48,0
NODE,0.758893,999,42617.810000,8012667237,44009,12,0
NODE,0.758893,999,42641.560000,9066527498,44002,3,0
NODE,0.758893,999,42669.300000,8634139403,44020,23,0
NODE,0.758893,999,42690.300000,8064402801,44025,28,0
NODE,0.758893,999,42691.270000,7979723234,44031,34,0
NODE,0.758893,999,42819.890000,7376066577,44057,59,0
NODE,0.758893,999,42915.880000,7959759194,44030,33,0
NODE,0.758893,999,42924.510000,7999285461,44034,37,0
NODE,0.758893,999,42937.890000,7853625665,44069,72,0
NODE,0.758893,999,42972.370000,8532504434,44040,69,0
NODE,0.758893,999,43182.060000,8047895798,44016,19,0
NODE,0.758893,999,43256.930000,7786833714,44052,52,0
NODE,0.758893,999,43336.410000,7818110718,44027,30,0
NODE,0.758893,999,43487.280000,8578531541,44045,54,0
NODE,0.758893,999,43668.600000,8956815023,44039,74,0
NODE,0.758893,999,43912.740000,8003242168,44024,27,0
NODE,0.758893,999,44128.660000,8450617026,44013,16,0
NODE,0.758893,999,44321.080000,7835760228,44055,55,0
NODE,0.758893,999,44343.220000,8295753050,44014,17,0
NODE,0.758893,999,44576.690000,7869097060,44075,68,0
NODE,0.758893,999,44606.020000,8502871240,44021,24,0
NODE,0.758893,999,44649.100000,8709213318,44076,78,0
NODE,0.758893,999,44708.260000,9052987733,44006,8,0
NODE,0.758893,999,45011.360000,8706940750,44017,20,0
NODE,0.758893,999,45157.500000,8564621491,44073,61,0
NODE,0.758893,999,45248.030000,8301745988,44023,26,0
NODE,0.758893,999,45699.640000,8531634979,44001,2,0
NODE,0.758893,999,45929.730000,9285634688,44008,11,0
NODE,0.758893,999,46016.860000,9903307721,44007,10,0
NODE,0.758893,999,46107.370000,8875284731,44063,66,0
NODE,0.758893,999,46223.910000,8921499517,44056,70,0
NODE,0.758893,999,46363.640000,9249152869,44004,6,0
NODE,0.758893,999,46451.050000,9472281405,44000,1,0
NODE,0.758893,999,46617.150000,9855507360,44003,4,0
NODE,0.758893,999,46913.060000,9834872427,44005,7,0
NODE,0.758893,999,47586.320000,9213081157,44012,15,0
NODE,0.758893,999,48007.290000,8745435293,44049,73,0
NODE,0.758893,999,48789.940000,9277587227,44022,25,0
NODE,0.758893,999,48826.800000,10321114816,44041,77,0
NODE,0.758893,999,39316.650000,7824519497,44085,49,0
NODE,0.758893,999,39263.900000,7609060945,44088,47,0
NODE,0.758893,999,40355.520000,7513024805,44084,9,0
NODE,0.758893,999,41886.300000,8316107850,44079,43,0
NODE,0.758893,999,41325.780000,8203175535,44081,35,0
NODE,0.758893,999,40627.990000,7283497757,44083,42,0
NODE,0.758893,999,40007.090000,7611878443,44090,44,0
NODE,0.758893,999,38987.850000,6972122778,44105,39,0
NODE,0.758893,999,40685.250000,7675106957,44092,32,0
NODE,0.758893,999,42419.780000,7866553397,44082,67,0
NODE,0.758893,999,41070.590000,8041363179,44094,64,0
NODE,0.758893,999,41539.420000,8013148553,44091,57,0
NODE,0.758893,999,44303.080000,8797940831,44080,56,0
NODE,0.758893,999,41883.720000,7887598258,44096,50,0
NODE,0.758893,999,42777.350000,8073621906,44089,65,0
NODE,0.758893,999,42530.120000,7955873099,44093,5,0
NODE,0.758893,999,43309.950000,8629583253,44086,58,0
NODE,0.758893,999,41044.820000,8050107545,44113,53,0
NODE,0.758893,999,39049.270000,7933758281,44137,17,0
NODE,0.758893,999,42151.740000,7771024887,44106,79,0
NODE,0.758893,999,43556.480000,7601264731,44095,41,0
NODE,0.758893,999,41409.660000,8096603486,44126,37,0
NODE,0.758893,999,40595.320000,7785262689,44135,16,0
NODE,0.758893,999,42437.770000,8165286195,44112,62,0
NODE,0.758893,999,42955.000000,7749506742,44107,40,0
NODE,0.758893,999,43856.190000,7842890046,44098,75,0
NODE,0.758893,999,41983.880000,7724946297,44128,69,0
NODE,0.758893,999,42518.480000,8036246742,44121,23,0
NODE,0.758893,999,42065.680000,8458554348,44131,30,0
NODE,0.758893,999,43318.410000,8168586730,44111,71,0
NODE,0.758893,999,44595.010000,8124257821,44097,60,0
NODE,0.758893,999,43841.440000,8476756450,44108,46,0
NODE,0.758893,999,41841.660000,8115259419,44136,55,0
NODE,0.758893,999,44803.290000,7940347971,44099,63,0
NODE,0.758893,999,44359.020000,8718438556,44114,22,0
NODE,0.758893,999,43057.360000,8905108348,44133,74,0
NODE,0.758893,999,42117.790000,7969644627,44140,78,0
NODE,0.758893,999,44823.260000,8483637489,44110,31,0
NODE,0.758893,999,47215.410000,9828005865,44087,36,0
NODE,0.758893,999,44632.210000,8988891348,44115,76,0
NODE,0.758893,999,45753.290000,8164288832,44102,45,0
NODE,0.758893,999,45321.670000,9280912181,44116,38,0
NODE,0.758893,999,45294.840000,8928807303,44117,18,0
NODE,0.758893,999,44789.970000,8676185470,44125,33,0
NODE,0.758893,999,45076.310000,8908857887,44122,28,0
NODE,0.758893,999,46121.180000,8948162906,44109,21,0
NODE,0.758893,999,46717.610000,8945608055,44101,29,0
NODE,0.758893,999,45731.620000,9284929730,44119,12,0
NODE,0.758893,999,46699.650000,8462720942,44103,51,0
NODE,0.758893,999,45668.410000,8722052885,44123,34,0
NODE,0.758893,999,46766.540000,8513451328,44104,13,0
NODE,0.758893,999,46542.920000,8941590090,44120,3,0
NODE,0.758893,999,46486.020000,9071885955,44124,59,0
NODE,0.758893,999,44390.760000,8468964714,44142,20,0
NODE,0.758893,999,46074.810000,9623261702,44132,54,0
NODE,0.758893,999,45029.240000,8779521797,44141,8,0
NODE,0.758893,999,44617.160000,8066234701,44143,61,0
NODE,0.758893,999,43448.530000,8080309152,44150,6,0
NODE,0.758893,999,45333.530000,9568364927,44138,68,0
NODE,0.758893,999,43916.570000,8410855884,44148,66,0
NODE,0.758893,999,47492.840000,9304086453,44118,48,0
NODE,0.758893,999,46851.210000,9436765607,44130,52,0
NODE,0.758893,999,46047.850000,9928125839,44139,24,0
NODE,0.758893,999,44627.910000,8058779659,44149,70,0
NODE,0.758893,999,44851.320000,7899065836,44147,10,0
NODE,0.758893,999,48872.860000,9555158161,44127,72,0
NODE,0.758893,999,48792.560000,9311413501,44129,19,0
NODE,0.758893,999,46845.290000,8827907615,44144,26,0
NODE,0.758893,999,50594.410000,9100995023,44100,14,0
NODE,0.758893,999,49566.750000,10332487754,44134,27,0
NODE,0.758893,999,46354.040000,8737122318,44154,15,0
NODE,0.758893,999,45192.200000,8164603112,44157,77,0
NODE,0.758893,999,47509.870000,8647322843,44152,4,0
NODE,0.758893,999,45673.810000,8986835849,44156,25,0
NODE,0.758893,999,47704.460000,9286149994,44153,7,0
NODE,0.758893,999,48976.620000,10211482709,44145,2,0
NODE,0.758893,999,47712.460000,9192031985,44155,73,0
NODE,0.758893,999,49896.630000,10011287961,44151,1,0
NODE,0.758893,999,52493.360000,9993204410,44146,11,0
NODE,0.758893,999,39893.670000,7082182561,44162,35,0
NODE,0.758893,999,44142.800000,7985199849,44160,9,0
NODE,0.758893,999,41138.290000,8093712332,44175,53,0
NODE,0.758893,999,41965.070000,7680853848,44172,65,0
NODE,0.758893,999,47193.990000,8310914882,44158,49,0
NODE,0.758893,999,46852.870000,8323413105,44159,47,0
NODE,0.758893,999,46864.960000,8358813883,44161,43,0
NODE,0.758893,999,43183.020000,8906388739,44176,17,0
NODE,0.758893,999,43670.360000,8262947349,44173,5,0
NODE,0.758893,999,44016.950000,8911182647,44171,50,0
NODE,0.758893,999,42833.410000,7763540811,44177,79,0
NODE,0.758893,999,47252.790000,9031916617,44163,42,0
NODE,0.758893,999,46348.690000,8618039169,44165,39,0
NODE,0.758893,999,45400.970000,8886647943,44168,64,0
NODE,0.758893,999,41329.510000,7787101559,44190,55,0
NODE,0.758893,999,46669.180000,7917588288,44166,32,0
NODE,0.758893,999,46042.450000,8822895560,44170,56,0
NODE,0.758893,999,46612.560000,8710952814,44169,57,0
NODE,0.758893,999,43231.270000,7804112977,44185,23,0
NODE,0.758893,999,43791.980000,9110456418,44181,62,0
NODE,0.758893,999,40829.340000,7779609838,44202,28,0
NODE,0.758893,999,42600.480000,7549251010,44191,63,0
NODE,0.758893,999,42391.450000,8480675178,44193,74,0
NODE,0.758893,999,44060.510000,7904124023,44186,30,0
NODE,0.758893,999,46529.600000,9229783392,44174,58,0
NODE,0.758893,999,39654.430000,7640116168,44217,66,0
NODE,0.758893,999,49522.740000,9731301026,44164,44,0
NODE,0.758893,999,43132.070000,8745531297,44194,78,0
NODE,0.758893,999,42344.150000,8516509742,44201,33,0
NODE,0.758893,999,43427.650000,8441316000,44192,22,0
NODE,0.758893,999,43168.140000,8512385315,44197,76,0
NODE,0.758893,999,46392.810000,8896616638,44178,41,0
NODE,0.758893,999,45943.450000,8528329529,44183,75,0
NODE,0.758893,999,46101.540000,7944303537,44182,40,0
NODE,0.758893,999,41050.850000,7961788238,44219,52,0
NODE,0.758893,999,46254.030000,8867620515,44184,69,0
NODE,0.758893,999,43100.120000,8297145481,44203,21,0
NODE,0.758893,999,49850.730000,9081460522,44167,67,0
NODE,0.758893,999,39270.820000,7796127706,44226,14,0
NODE,0.758893,999,46697.270000,9106622162,44180,16,0
NODE,0.758893,999,41603.950000,8235977957,44218,48,0
NODE,0.758893,999,47398.310000,8884942838,44179,37,0
NODE,0.758893,999,45205.390000,8943856196,44195,31,0
NODE,0.758893,999,44037.430000,8548196794,44208,13,0
NODE,0.758893,999,46733.950000,8830407463,44189,46,0
NODE,0.758893,999,42092.960000,7637337891,44221,70,0
NODE,0.758893,999,43568.920000,8351157365,44211,20,0
NODE,0.758893,999,43384.380000,8652950428,44214,61,0
NODE,0.758893,999,45504.960000,8215723259,44200,18,0
NODE,0.758893,999,45004.960000,9531924419,44204,29,0
NODE,0.758893,999,43781.740000,8300579181,44212,54,0
NODE,0.758893,999,46439.830000,9066385145,44196,36,0
NODE,0.758893,999,45133.570000,8531363010,44207,34,0
NODE,0.758893,999,44262.710000,8488082227,44213,8,0
NODE,0.758893,999,46690.390000,10148264401,44199,38,0
NODE,0.758893,999,42339.210000,8030137868,44225,26,0
NODE,0.758893,999,45222.430000,8640955442,44210,59,0
NODE,0.758893,999,44841.690000,8930306864,44215,6,0
NODE,0.758893,999,49132.350000,8701082005,44187,71,0
NODE,0.758893,999,47396.050000,9286959592,44198,45,0
NODE,0.758893,999,49537.000000,9777007513,44188,60,0
NODE,0.758893,999,44507.100000,8329532041,44222,10,0
NODE,0.758893,999,42031.950000,8354235338,44227,27,0
NODE,0.758893,999,43780.830000,8568838096,44224,19,0
NODE,0.758893,999,44231.120000,8284465685,44223,72,0
NODE,0.758893,999,41679.850000,7715845803,44231,25,0
NODE,0.758893,999,42766.530000,7890572343,44233,2,0
NODE,0.758893,999,46976.930000,9832934457,44220,24,0
NODE,0.758893,999,49321.540000,9331394320,44205,12,0
NODE,0.758893,999,47871.450000,9206030596,44216,68,0
NODE,0.758893,999,49965.120000,10265320881,44206,51,0
NODE,0.758893,999,44622.420000,8858424428,44230,4,0
NODE,0.758893,999,49772.960000,9895652489,44209,3,0
NODE,0.758893,999,45260.420000,8792682496,44229,77,0
NODE,0.758893,999,44708.370000,8744550850,44232,7,0
NODE,0.758893,999,46238.600000,9738534119,44228,15,0
NODE,0.758893,999,45078.260000,8886347704,44234,73,0
NODE,0.758893,999,44850.290000,8372070216,44235,1,0
NODE,0.758893,999,44411.330000,8569789702,44236,11,0
NODE,0.758893,999,48053.390000,9950884601,44237,35,0
NODE,0.758893,999,40413.190000,7340216693,44256,62,0
NODE,0.758893,999,42400.140000,8580951007,44244,17,0
NODE,0.758893,999,43580.680000,8556649971,44241,49,0
NODE,0.758893,999,43401.950000,8986287308,44245,5,0
NODE,0.758893,999,41165.540000,7256160461,44259,74,0
NODE,0.758893,999,38252.000000,7163315441,44281,46,0
NODE,0.758893,999,38888.210000,6743053492,44279,31,0
NODE,0.758893,999,41528.600000,7947444133,44261,58,0
NODE,0.758893,999,44043.240000,7988217201,44249,39,0
NODE,0.758893,999,43619.820000,8400880366,44251,55,0
NODE,0.758893,999,47469.020000,9360815175,44238,9,0
NODE,0.758893,999,44869.650000,8496938222,44243,43,0
NODE,0.758893,999,41422.150000,8217161240,44264,78,0
NODE,0.758893,999,45457.780000,8922591061,44242,47,0
NODE,0.758893,999,42866.480000,8001592250,44257,28,0
NODE,0.758893,999,44812.900000,8151569799,44246,50,0
NODE,0.758893,999,42816.500000,8365550583,44258,63,0
NODE,0.758893,999,44637.690000,8962074669,44250,64,0
NODE,0.758893,999,41791.900000,7381466761,44265,33,0
NODE,0.758893,999,38603.970000,6945114449,44289,34,0
NODE,0.758893,999,44034.790000,8505646161,44253,56,0
NODE,0.758893,999,41061.970000,7716810365,44272,69,0
NODE,0.758893,999,39068.120000,7437334209,44288,36,0
NODE,0.758893,999,42856.800000,8697534579,44263,44,0
NODE,0.758893,999,39405.880000,7360732448,44285,18,0
NODE,0.758893,999,42056.920000,8121679885,44270,40,0
NODE,0.758893,999,43330.690000,8547783165,44262,66,0
NODE,0.758893,999,48419.910000,9764918464,44240,65,0
NODE,0.758893,999,40237.610000,7493044930,44286,29,0
NODE,0.758893,999,46220.890000,9139144300,44252,32,0
NODE,0.758893,999,41624.770000,7855204225,44280,13,0
NODE,0.758893,999,47166.940000,9369233681,44248,42,0
NODE,0.758893,999,41513.560000,8174837559,44282,70,0
NODE,0.758893,999,43344.640000,8238995595,44271,52,0
NODE,0.758893,999,43122.830000,7838798180,44275,14,0
NODE,0.758893,999,39878.240000,7594544965,44294,6,0
NODE,0.758893,999,50103.080000,10289997633,44239,53,0
NODE,0.758893,999,40622.860000,7628408129,44290,8,0
NODE,0.758893,999,41506.600000,8335362616,44287,54,0
NODE,0.758893,999,43558.100000,7725548972,44273,21,0
NODE,0.758893,999,48240.770000,9639755270,44247,79,0
NODE,0.758893,999,42141.210000,8475016161,44283,20,0
NODE,0.758893,999,44361.760000,8620791267,44269,75,0
NODE,0.758893,999,43545.650000,7587568027,44278,37,0
NODE,0.758893,999,45927.050000,8836367680,44260,30,0
NODE,0.758893,999,45227.110000,9163360124,44267,76,0
NODE,0.758893,999,44763.260000,8855801930,44268,41,0
NODE,0.758893,999,47060.640000,9409012893,44255,23,0
NODE,0.758893,999,45948.740000,8661413869,44266,22,0
NODE,0.758893,999,41413.940000,7190521051,44295,71,0
NODE,0.758893,999,38972.570000,7185615129,44303,2,0
NODE,0.758893,999,44796.820000,8270528758,44277,48,0
NODE,0.758893,999,41969.620000,7500119004,44293,59,0
NODE,0.758893,999,45143.370000,8115065304,44274,67,0
NODE,0.758893,999,42130.320000,7567622344,44291,38,0
NODE,0.758893,999,37826.840000,6886872588,44308,4,0
NODE,0.758893,999,41985.010000,7736928819,44296,45,0
NODE,0.758893,999,42398.140000,8502270310,44292,26,0
NODE,0.758893,999,41797.290000,8146437925,44298,10,0
NODE,0.758893,999,48905.750000,9719430655,44254,57,0
NODE,0.758893,999,38207.220000,6904188777,44311,7,0
NODE,0.758893,999,42624.040000,7732571814,44297,60,0
NODE,0.758893,999,40264.590000,7089041656,44305,12,0
NODE,0.758893,999,47130.170000,8885846161,44276,16,0
NODE,0.758893,999,41016.190000,7121878045,44306,68,0
NODE,0.758893,999,43524.670000,7245728733,44301,72,0
NODE,0.758893,999,40377.150000,7203467643,44310,77,0
NODE,0.758893,999,46674.860000,9061106111,44284,61,0
NODE,0.758893,999,43775.160000,7710648709,44302,25,0
NODE,0.758893,999,38746.930000,7673753468,44314,1,0
NODE,0.758893,999,39680.380000,7255911603,44313,73,0
NODE,0.758893,999,43276.630000,7936556529,44304,24,0
NODE,0.758893,999,46220.750000,8895641612,44300,19,0
NODE,0.758893,999,43984.160000,7767430753,44307,51,0
NODE,0.758893,999,43828.950000,8321006212,44309,3,0
NODE,0.758893,999,40390.920000,7470237905,44315,11,0
NODE,0.758893,999,43185.420000,8259269086,44312,15,0
NODE,0.758893,999,51641.580000,11306274546,44299,27,0
NODE,0.758893,999,40700.240000,7872260087,44318,17,0
NODE,0.758893,999,41103.560000,7785955274,44319,49,0
NODE,0.758893,999,40878.130000,7720481549,44320,5,0
NODE,0.758893,999,40046.430000,7957213162,44324,58,0
NODE,0.758893,999,39768.750000,7339016841,44332,50,0
NODE,0.758893,999,42584.800000,7890777125,44317,62,0
NODE,0.758893,999,40991.510000,7718063118,44323,31,0
NODE,0.758893,999,41237.730000,7516790074,44322,46,0
NODE,0.758893,999,41064.430000,8211492829,44325,39,0
NODE,0.758893,999,42400.530000,8255669316,44321,74,0
NODE,0.758893,999,42462.760000,8346920679,44326,55,0
NODE,0.758893,999,46138.260000,8576227932,44316,35,0
NODE,0.758893,999,41977.850000,7787041772,44333,63,0
NODE,0.758893,999,42623.080000,8925524514,44328,43,0
NODE,0.758893,999,42587.870000,8463457235,44329,78,0
NODE,0.758893,999,42568.830000,8448095244,44330,47,0
NODE,0.758893,999,41396.460000,7889679391,44340,44,0
NODE,0.758893,999,39993.670000,7845321215,44350,52,0
NODE,0.758893,999,43598.830000,8957736376,44327,9,0
NODE,0.758893,999,39694.710000,7979647137,44362,76,0
NODE,0.758893,999,43282.850000,8357801096,44337,56,0
NODE,0.758893,999,44053.420000,8654834859,44331,28,0
NODE,0.758893,999,42412.000000,8228023654,44346,32,0
NODE,0.758893,999,44718.800000,8671505401,44334,64,0
NODE,0.758893,999,41587.120000,7749207976,44360,37,0
NODE,0.758893,999,40505.290000,8013099642,44369,59,0
NODE,0.758893,999,44970.550000,9159076818,44336,34,0
NODE,0.758893,999,45476.690000,8752275172,44335,33,0
NODE,0.758893,999,44126.750000,8468078700,44344,65,0
NODE,0.758893,999,45082.300000,9482143347,44338,69,0
NODE,0.758893,999,42949.480000,8124560649,44352,6,0
NODE,0.758893,999,44987.800000,8694741823,44341,18,0
NODE,0.758893,999,43821.330000,8575066009,44349,70,0
NODE,0.758893,999,46075.220000,9057228809,44339,36,0
NODE,0.758893,999,42201.030000,8290506186,44371,38,0
NODE,0.758893,999,45929.100000,8913227911,44342,40,0
NODE,0.758893,999,44363.960000,8871538597,44353,53,0
NODE,0.758893,999,42598.050000,7996088394,44367,2,0
NODE,0.758893,999,46282.710000,9317719196,44343,66,0
NODE,0.758893,999,40131.310000,7735076055,44383,77,0
NODE,0.758893,999,46238.760000,9251776472,44345,29,0
NODE,0.758893,999,43361.970000,9018692291,44370,67,0
NODE,0.758893,999,43401.230000,8814136086,44372,4,0
NODE,0.758893,999,44720.920000,9055212812,44361,30,0
NODE,0.758893,999,45326.460000,8849672327,44355,54,0
NODE,0.758893,999,44137.040000,8516020593,44366,71,0
NODE,0.758893,999,41524.210000,8666535023,44381,68,0
NODE,0.758893,999,45829.410000,9250032279,44354,8,0
NODE,0.758893,999,42767.120000,8502050404,44378,60,0
NODE,0.758893,999,44151.410000,8697677475,44368,48,0
NODE,0.758893,999,43620.510000,8936390350,44377,7,0
NODE,0.758893,999,47088.210000,9013331900,44347,13,0
NODE,0.758893,999,47044.240000,8867161479,44348,42,0
NODE,0.758893,999,43322.230000,8674324784,44379,12,0
NODE,0.758893,999,45246.040000,8791308960,44365,22,0
NODE,0.758893,999,45987.260000,9244901004,44364,23,0
NODE,0.758893,999,45032.430000,9183131340,44373,45,0
NODE,0.758893,999,46960.240000,9722242637,44356,21,0
NODE,0.758893,999,46458.290000,8947018504,44363,41,0
NODE,0.758893,999,46657.790000,9822178085,44359,75,0
NODE,0.758893,999,47712.270000,9541536474,44351,14,0
NODE,0.758893,999,45695.940000,9145912491,44376,57,0
NODE,0.758893,999,44714.190000,9711367401,44380,16,0
NODE,0.758893,999,43437.690000,8401614383,44384,61,0
NODE,0.758893,999,48729.610000,9848103927,44358,20,0
NODE,0.758893,999,47137.170000,10169025990,44375,10,0
NODE,0.758893,999,49971.600000,10138054914,44357,79,0
NODE,0.758893,999,48298.430000,10759766357,44374,26,0
NODE,0.758893,999,45358.310000,9249184230,44385,25,0
NODE,0.758893,999,45866.780000,8746651332,44386,1,0
NODE,0.758893,999,43497.580000,8641079124,44391,3,0
NODE,0.758893,999,44882.930000,8866157168,44389,19,0
NODE,0.758893,999,47664.330000,9962479700,44382,72,0
NODE,0.758893,999,48534.360000,9738647921,44387,73,0
NODE,0.758893,999,48730.440000,9930989173,44388,24,0
NODE,0.758893,999,47830.540000,9914277128,44390,51,0
NODE,0.758893,999,47563.730000,9855569635,44393,15,0
NODE,0.758893,999,50430.790000,10152943646,44392,11,0
NODE,0.758893,999,50400.360000,10049192902,44394,27,0
NODE,0.758893,999,42777.790000,8762257387,44397,5,0
NODE,0.758893,999,41666.950000,8757097658,44403,39,0
NODE,0.758893,999,40573.900000,8262325183,44406,35,0
NODE,0.758893,999,43464.530000,8729018629,44400,62,0
NODE,0.758893,999,43237.990000,8709073716,44401,31,0
NODE,0.758893,999,44985.420000,9654437521,44396,49,0
NODE,0.758893,999,43154.310000,9108473223,44404,74,0
NODE,0.758893,999,44724.870000,9531956051,44402,46,0
NODE,0.758893,999,43047.100000,8815492675,44411,44,0
NODE,0.758893,999,42372.200000,8494553274,44413,9,0
NODE,0.758893,999,42971.350000,8666365477,44412,52,0
NODE,0.758893,999,47282.170000,9956748532,44399,50,0
NODE,0.758893,999,43482.090000,9292629053,44414,76,0
NODE,0.758893,999,42319.190000,8123960834,44418,64,0
NODE,0.758893,999,42716.840000,8832191529,44417,32,0
NODE,0.758893,999,41968.970000,8263522645,44421,34,0
NODE,0.758893,999,45318.540000,10262324398,44408,43,0
NODE,0.758893,999,48323.490000,10064730276,44398,58,0
NODE,0.758893,999,44011.530000,8517408753,44416,28,0
NODE,0.758893,999,46566.360000,10062693734,44407,63,0
NODE,0.758893,999,46376.230000,9853031058,44410,47,0
NODE,0.758893,999,44987.360000,8864780594,44415,56,0
NODE,0.758893,999,51006.030000,10697847920,44395,17,0
NODE,0.758893,999,47198.650000,10515175674,44405,55,0
NODE,0.758893,999,44047.750000,9061568490,44420,59,0
NODE,0.758893,999,44230.130000,8423769034,44419,37,0
NODE,0.758893,999,43018.980000,8149844651,44427,70,0
NODE,0.758893,999,39558.060000,7768225704,44451,45,0
NODE,0.758893,999,44762.770000,8991318893,44423,65,0
NODE,0.758893,999,44730.710000,9333654099,44425,6,0
NODE,0.758893,999,42061.670000,8359280204,44439,54,0
NODE,0.758893,999,42216.070000,8190940230,44440,71,0
NODE,0.758893,999,42479.210000,8469500158,44437,4,0
NODE,0.758893,999,48716.980000,10602976958,44409,78,0
NODE,0.758893,999,39502.220000,7593888630,44458,61,0
NODE,0.758893,999,39546.230000,7568500035,44457,16,0
NODE,0.758893,999,37976.090000,7413411064,44461,79,0
NODE,0.758893,999,40081.480000,7838490684,44456,57,0
NODE,0.758893,999,41122.160000,7517981032,44455,14,0
NODE,0.758893,999,43338.830000,9150328133,44438,30,0
NODE,0.758893,999,45023.570000,9168212864,44428,36,0
NODE,0.758893,999,46051.250000,8669339039,44426,18,0
NODE,0.758893,999,46657.930000,9506102936,44422,33,0
NODE,0.758893,999,37847.440000,7916320393,44465,3,0
NODE,0.758893,999,44472.960000,9580112772,44435,29,0
NODE,0.758893,999,44592.010000,8713851482,44436,67,0
NODE,0.758893,999,43324.410000,8770088473,44448,12,0
NODE,0.758893,999,43356.780000,8218070748,44447,42,0
NODE,0.758893,999,47411.330000,9332341861,44424,69,0
NODE,0.758893,999,45811.480000,9441601244,44431,53,0
NODE,0.758893,999,44095.090000,8146367174,44446,13,0
NODE,0.758893,999,43939.350000,8871855472,44453,41,0
NODE,0.758893,999,46818.600000,9491015443,44432,2,0
NODE,0.758893,999,47590.120000,9695806316,44429,38,0
NODE,0.758893,999,46528.450000,10037070270,44434,77,0
NODE,0.758893,999,44476.420000,9208490086,44452,21,0
NODE,0.758893,999,44461.830000,8119208626,44454,75,0
NODE,0.758893,999,42593.160000,8550231561,44459,20,0
NODE,0.758893,999,46027.350000,8291930664,44444,48,0
NODE,0.758893,999,45579.120000,9028502996,44445,7,0
NODE,0.758893,999,48040.330000,9606430144,44430,40,0
NODE,0.758893,999,40200.530000,8089658043,44466,19,0
NODE,0.758893,999,47009.950000,9897543563,44443,60,0
NODE,0.758893,999,48587.940000,9789151263,44433,66,0
NODE,0.758893,999,47838.310000,9563629179,44441,68,0
NODE,0.758893,999,48068.590000,9666974407,44449,22,0
NODE,0.758893,999,45200.970000,8776400336,44460,10,0
NODE,0.758893,999,42320.120000,8317776616,44467,72,0
NODE,0.758893,999,39440.940000,7294638666,44470,51,0
NODE,0.758893,999,48234.800000,9728299804,44450,23,0
NODE,0.758893,999,45282.480000,9712104178,44463,25,0
NODE,0.758893,999,50344.670000,10425990201,44442,8,0
NODE,0.758893,999,46283.020000,8881490995,44462,26,0
NODE,0.758893,999,45849.480000,9600278364,44464,1,0
NODE,0.758893,999,42550.260000,8362082590,44469,24,0
NODE,0.758893,999,43838.590000,9168433256,44468,73,0
NODE,0.758893,999,45464.340000,9553203803,44472,11,0
NODE,0.758893,999,48362.730000,9725156462,44471,15,0
NODE,0.758893,999,44684.020000,8497543084,44473,27,0
NODE,0.758893,999,42387.400000,8821824950,44476,35,0
NODE,0.758893,999,41195.350000,8175350230,44479,49,0
NODE,0.758893,999,40596.750000,7885852060,44481,46,0
NODE,0.758893,999,42587.070000,8261123083,44477,62,0
NODE,0.758893,999,42211.020000,7856831733,44480,74,0
NODE,0.758893,999,44730.680000,9253354736,44474,5,0
NODE,0.758893,999,44558.450000,8398076751,44475,39,0
NODE,0.758893,999,38169.180000,7294986585,44494,47,0
NODE,0.758893,999,43270.430000,8549339297,44478,31,0
NODE,0.758893,999,39617.850000,7356168235,44488,32,0
NODE,0.758893,999,38052.460000,7767205349,44497,55,0
NODE,0.758893,999,38612.220000,7304886108,44495,56,0
NODE,0.758893,999,41069.790000,7810489591,44487,64,0
NODE,0.758893,999,43020.430000,8378619164,44482,44,0
NODE,0.758893,999,42993.960000,7739953089,44484,52,0
NODE,0.758893,999,43341.070000,7998416857,44483,9,0
NODE,0.758893,999,41281.000000,7769570788,44490,43,0
NODE,0.758893,999,41871.940000,7932041136,44489,34,0
NODE,0.758893,999,41747.880000,8060481305,44491,58,0
NODE,0.758893,999,42911.370000,7755281604,44486,76,0
NODE,0.758893,999,39011.830000,7471248029,44510,79,0
NODE,0.758893,999,43001.390000,8786442269,44492,28,0
NODE,0.758893,999,38886.120000,7678022187,44516,33,0
NODE,0.758893,999,41001.220000,8004812602,44505,71,0
NODE,0.758893,999,42710.200000,8270288168,44499,37,0
NODE,0.758893,999,41256.300000,8089683323,44508,61,0
NODE,0.758893,999,43839.160000,8355478179,44493,63,0
NODE,0.758893,999,42286.120000,8488413074,44506,4,0
NODE,0.758893,999,44383.270000,8456654182,44501,45,0
NODE,0.758893,999,41134.510000,8214557747,44521,42,0
NODE,0.758893,999,42142.610000,8216669163,44515,18,0
NODE,0.758893,999,43981.590000,9298362760,44504,54,0
NODE,0.758893,999,43812.740000,8307575411,44507,78,0
NODE,0.758893,999,45216.320000,9325321637,44500,70,0
NODE,0.758893,999,42498.700000,8709107714,44517,3,0
NODE,0.758893,999,42003.580000,8120489515,44523,53,0
NODE,0.758893,999,48368.390000,9809775359,44485,50,0
NODE,0.758893,999,42352.570000,8566859066,44520,12,0
NODE,0.758893,999,43660.280000,8401028372,44514,36,0
NODE,0.758893,999,42550.090000,8375332488,44522,69,0
NODE,0.758893,999,45152.350000,9239819195,44503,6,0
NODE,0.758893,999,46357.890000,9383074953,44498,59,0
NODE,0.758893,999,44602.660000,9368963350,44511,57,0
NODE,0.758893,999,42100.330000,8379788573,44526,2,0
NODE,0.758893,999,46749.740000,9080906436,44502,65,0
NODE,0.758893,999,46389.040000,8820197591,44509,16,0
NODE,0.758893,999,48883.260000,10476999768,44496,17,0
NODE,0.758893,999,46253.970000,9453492264,44512,14,0
NODE,0.758893,999,45462.110000,8901494671,44519,67,0
NODE,0.758893,999,44995.360000,9069430265,44524,13,0
NODE,0.758893,999,44456.590000,8873733940,44528,77,0
NODE,0.758893,999,46609.790000,9782125616,44518,29,0
NODE,0.758893,999,41775.050000,8300595159,44540,10,0
NODE,0.758893,999,45662.880000,9893215613,44527,38,0
NODE,0.758893,999,45048.820000,9013379148,44538,68,0
NODE,0.758893,999,47684.390000,9970592619,44525,41,0
NODE,0.758893,999,50373.090000,9908914659,44513,30,0
NODE,0.758893,999,47469.690000,9512521135,44534,40,0
NODE,0.758893,999,45364.680000,9053561377,44539,22,0
NODE,0.758893,999,48564.600000,9382612196,44532,48,0
NODE,0.758893,999,47701.880000,10206208107,44536,60,0
NODE,0.758893,999,46632.900000,9112677346,44541,72,0
NODE,0.758893,999,49899.290000,10124326340,44530,75,0
NODE,0.758893,999,49865.240000,10382878584,44531,20,0
NODE,0.758893,999,44161.600000,9050001359,44548,24,0
NODE,0.758893,999,50170.820000,10661576819,44529,21,0
NODE,0.758893,999,48718.690000,9369384164,44537,66,0
NODE,0.758893,999,49994.230000,9798198967,44533,7,0
NODE,0.758893,999,47757.730000,9608564048,44543,23,0
NODE,0.758893,999,50407.670000,9699916282,44535,19,0
NODE,0.758893,999,47721.060000,9615161075,44545,8,0
NODE,0.758893,999,48514.310000,9917057109,44544,25,0
NODE,0.758893,999,48697.370000,9559694897,44546,26,0
NODE,0.758893,999,49566.510000,8954034334,44547,1,0
NODE,0.758893,999,48489.750000,10377231197,44549,73,0
NODE,0.758893,999,54176.920000,10727682205,44542,51,0
NODE,0.758893,999,47493.360000,9421884612,44551,15,0
NODE,0.758893,999,49113.480000,9907116852,44550,11,0
NODE,0.758893,999,52224.450000,10283787586,44552,27,0
NODE,0.758893,999,40694.060000,7919728283,44569,43,0
NODE,0.758893,999,44127.510000,9153559206,44557,74,0
NODE,0.758893,999,44168.580000,9479206760,44563,55,0
NODE,0.758893,999,42849.720000,8333155813,44568,9,0
NODE,0.758893,999,41928.710000,7858609584,44574,28,0
NODE,0.758893,999,47919.380000,9886730871,44553,35,0
NODE,0.758893,999,46752.410000,9048527145,44560,47,0
NODE,0.758893,999,45557.460000,9093797476,44565,64,0
NODE,0.758893,999,47088.450000,9523083176,44561,31,0
NODE,0.758893,999,44139.000000,8809468628,44572,76,0
NODE,0.758893,999,49052.260000,10482850905,44554,49,0
NODE,0.758893,999,45502.070000,9529234634,44567,52,0
NODE,0.758893,999,40672.550000,8110342478,44581,45,0
NODE,0.758893,999,47330.260000,9153279915,44564,56,0
NODE,0.758893,999,46716.720000,9493529237,44566,44,0
NODE,0.758893,999,49466.690000,9521865484,44555,46,0
NODE,0.758893,999,48507.700000,9497703228,44558,5,0
NODE,0.758893,999,49662.280000,9437715832,44556,62,0
NODE,0.758893,999,43530.260000,8966677341,44578,61,0
NODE,0.758893,999,43466.730000,9303668947,44579,63,0
NODE,0.758893,999,45708.810000,9326302375,44573,79,0
NODE,0.758893,999,44381.720000,9042834615,44576,71,0
NODE,0.758893,999,43227.060000,8831034524,44580,4,0
NODE,0.758893,999,47175.540000,9291660249,44570,34,0
NODE,0.758893,999,47074.970000,10236879419,44571,58,0
NODE,0.758893,999,44523.910000,9048193318,44577,37,0
NODE,0.758893,999,50717.210000,9992476322,44559,39,0
NODE,0.758893,999,50824.020000,10502698804,44562,32,0
NODE,0.758893,999,40598.890000,7566099341,44601,67,0
NODE,0.758893,999,44417.710000,8860041827,44584,54,0
NODE,0.758893,999,44545.350000,8510423752,44586,70,0
NODE,0.758893,999,40744.070000,7524929152,44603,77,0
NODE,0.758893,999,44927.430000,8531038469,44588,53,0
NODE,0.758893,999,44142.870000,8632648850,44595,57,0
NODE,0.758893,999,45165.950000,8689649645,44589,50,0
NODE,0.758893,999,49718.250000,9584474170,44575,33,0
NODE,0.758893,999,47130.940000,9837468306,44583,18,0
NODE,0.758893,999,46038.090000,8397491120,44590,12,0
NODE,0.758893,999,46559.170000,8868471524,44585,78,0
NODE,0.758893,999,45065.110000,8995437958,44596,2,0
NODE,0.758893,999,47379.940000,9883687214,44582,42,0
NODE,0.758893,999,42293.760000,8312564855,44604,29,0
NODE,0.758893,999,45642.760000,8803771621,44597,65,0
NODE,0.758893,999,44308.970000,8404751227,44602,13,0
NODE,0.758893,999,40971.840000,7641593338,44609,30,0
NODE,0.758893,999,47592.420000,9108037996,44592,69,0
NODE,0.758893,999,43645.070000,8612268788,44605,10,0
NODE,0.758893,999,38213.190000,7170167439,44620,7,0
NODE,0.758893,999,43045.520000,8516880481,44606,38,0
NODE,0.758893,999,42291.150000,8691890106,44607,68,0
NODE,0.758893,999,46454.050000,9505327527,44598,16,0
NODE,0.758893,999,40425.500000,7321529957,44613,60,0
NODE,0.758893,999,39706.390000,7524778842,44614,72,0
NODE,0.758893,999,48699.190000,9832264150,44593,6,0
NODE,0.758893,999,49522.990000,9514205474,44587,3,0
NODE,0.758893,999,41899.160000,8009310591,44610,40,0
NODE,0.758893,999,42844.020000,8722214307,44608,41,0
NODE,0.758893,999,49025.380000,9872599859,44594,59,0
NODE,0.758893,999,42035.130000,7255407762,44611,22,0
NODE,0.758893,999,40995.660000,7858989572,44617,24,0
NODE,0.758893,999,41373.210000,7974642930,44616,20,0
NODE,0.758893,999,41588.180000,8417453379,44615,75,0
NODE,0.758893,999,50737.040000,10226442355,44591,36,0
NODE,0.758893,999,43297.870000,8274620734,44612,48,0
NODE,0.758893,999,42438.690000,7992630010,44618,21,0
NODE,0.758893,999,49375.670000,9350832039,44599,17,0
NODE,0.758893,999,41757.130000,8134885561,44621,23,0
NODE,0.758893,999,50277.790000,10187503777,44600,14,0
NODE,0.758893,999,43470.690000,8952729200,44619,66,0
NODE,0.758893,999,40511.590000,8004589360,44626,1,0
NODE,0.758893,999,44319.970000,9126487540,44622,19,0
NODE,0.758893,999,41958.590000,8254536798,44625,26,0
NODE,0.758893,999,40853.880000,8874875138,44627,73,0
NODE,0.758893,999,44673.140000,9352919971,44623,8,0
NODE,0.758893,999,39665.540000,7899521812,44628,51,0
NODE,0.758893,999,45400.280000,9491886753,44624,25,0
NODE,0.758893,999,41363.630000,7885937419,44629,15,0
NODE,0.758893,999,40638.170000,7607537889,44630,11,0
NODE,0.758893,999,40785.030000,7414856896,44631,27,0
NODE,0.758893,999,37373.420000,7529182354,44633,74,0
NODE,0.758893,999,38146.980000,7317591504,44634,55,0
NODE,0.758893,999,34818.640000,6850199695,44644,45,0
NODE,0.758893,999,41838.120000,7467118074,44632,43,0
NODE,0.758893,999,37768.090000,6939444649,44641,76,0
NODE,0.758893,999,39197.870000,7305098088,44636,28,0
NODE,0.758893,999,37125.690000,7431350587,44646,44,0
NODE,0.758893,999,39430.180000,8099349919,44639,64,0
NODE,0.758893,999,37406.950000,7255673738,44656,58,0
NODE,0.758893,999,38851.460000,7650866393,44647,46,0
NODE,0.758893,999,41420.530000,8501726348,44637,35,0
NODE,0.758893,999,38128.580000,7695774555,44653,71,0
NODE,0.758893,999,38835.230000,7304404983,44649,62,0
NODE,0.758893,999,40400.380000,7342846764,44642,49,0
NODE,0.758893,999,40319.040000,7377409198,44643,52,0
NODE,0.758893,999,39154.800000,7801601320,44652,79,0
NODE,0.758893,999,39227.890000,7548831432,44655,34,0
NODE,0.758893,999,40575.710000,7475164644,44648,5,0
NODE,0.758893,999,41942.960000,8393894961,44640,31,0
NODE,0.758893,999,42413.620000,8031736609,44638,47,0
NODE,0.758893,999,40535.730000,8090427717,44651,63,0
NODE,0.758893,999,41917.390000,9178264374,44645,56,0
NODE,0.758893,999,45956.200000,9775603878,44635,9,0
NODE,0.758893,999,41855.120000,7966243959,44650,61,0
NODE,0.758893,999,42044.950000,8504255635,44654,4,0
NODE,0.758893,999,39757.200000,7550339924,44660,67,0
NODE,0.758893,999,39846.480000,8129162954,44662,70,0
NODE,0.758893,999,38103.640000,7398214262,44669,12,0
NODE,0.758893,999,39446.420000,8320145987,44666,50,0
NODE,0.758893,999,43670.980000,9386112770,44657,37,0
NODE,0.758893,999,39344.610000,7466694958,44671,2,0
NODE,0.758893,999,39172.880000,7756643760,44673,29,0
NODE,0.758893,999,43270.780000,8440654134,44659,32,0
NODE,0.758893,999,40172.140000,7743111658,44670,78,0
NODE,0.758893,999,44983.220000,8887859207,44658,39,0
NODE,0.758893,999,41515.520000,8514714724,44667,33,0
NODE,0.758893,999,42912.280000,8681588151,44665,57,0
NODE,0.758893,999,44565.640000,8973377520,44661,54,0
NODE,0.758893,999,40531.750000,7953140375,44676,30,0
NODE,0.758893,999,42527.260000,9567868486,44668,18,0
NODE,0.758893,999,42536.100000,7824869689,44672,42,0
NODE,0.758893,999,41535.150000,8102224267,44674,65,0
NODE,0.758893,999,41303.690000,7773742303,44677,69,0
NODE,0.758893,999,45025.310000,9730356751,44664,53,0
NODE,0.758893,999,41749.930000,7587773044,44680,38,0
NODE,0.758893,999,46936.700000,9670161119,44663,77,0
NODE,0.758893,999,43619.000000,8338803077,44678,10,0
NODE,0.758893,999,42830.810000,8627124266,44684,72,0
NODE,0.758893,999,43314.170000,8712507859,44683,60,0
NODE,0.758893,999,44302.980000,8832987457,44682,16,0
NODE,0.758893,999,42773.790000,8043163433,44691,24,0
NODE,0.758893,999,43436.740000,8618598679,44694,36,0
NODE,0.758893,999,45421.400000,9592745454,44686,3,0
NODE,0.758893,999,46068.390000,9396948439,44681,68,0
NODE,0.758893,999,45273.280000,8760092230,44688,41,0
NODE,0.758893,999,44179.460000,8926278655,44693,75,0
NODE,0.758893,999,45409.400000,8433767439,44690,22,0
NODE,0.758893,999,43714.170000,8464564160,44697,17,0
NODE,0.758893,999,42660.570000,8319362656,44700,66,0
NODE,0.758893,999,48400.170000,9692140716,44675,13,0
NODE,0.758893,999,44622.100000,8556138007,44695,48,0
NODE,0.758893,999,44381.290000,9029474523,44696,21,0
NODE,0.758893,999,47525.490000,10427563213,44687,40,0
NODE,0.758893,999,48000.200000,10042383600,44685,6,0
NODE,0.758893,999,47790.740000,9355789354,44689,59,0
NODE,0.758893,999,45170.170000,8555624777,44698,23,0
NODE,0.758893,999,46768.350000,9643529141,44692,20,0
NODE,0.758893,999,42972.460000,8423228965,44703,26,0
NODE,0.758893,999,43833.760000,8211705681,44701,1,0
NODE,0.758893,999,50700.360000,10075816659,44679,7,0
NODE,0.758893,999,43477.380000,8962979700,44704,73,0
NODE,0.758893,999,44060.400000,7966238705,44702,19,0
NODE,0.758893,999,47771.760000,9719414074,44699,14,0
NODE,0.758893,999,47145.000000,9112495800,44705,8,0
NODE,0.758893,999,42085.480000,7632566846,44709,11,0
NODE,0.758893,999,47596.520000,8828840648,44706,51,0
NODE,0.758893,999,47414.580000,9444006323,44707,25,0
NODE,0.758893,999,44024.850000,8733148220,44708,15,0
NODE,0.758893,999,36381.330000,6960157822,44717,44,0
NODE,0.758893,999,37499.150000,7242152342,44714,43,0
NODE,0.758893,999,42211.440000,8934446074,44711,74,0
NODE,0.758893,999,42144.260000,8438966904,44713,45,0
NODE,0.758893,999,39853.910000,8502256651,44716,28,0
NODE,0.758893,999,50202.930000,10035234666,44710,27,0
NODE,0.758893,999,40146.410000,8377408831,44719,58,0
NODE,0.758893,999,39764.770000,8314594670,44723,62,0
NODE,0.758893,999,43102.690000,9131350588,44715,76,0
NODE,0.758893,999,40455.450000,8769481776,44726,79,0
NODE,0.758893,999,41636.200000,8673081343,44720,46,0
NODE,0.758893,999,41541.730000,8552684785,44724,49,0
NODE,0.758893,999,41733.430000,8696679606,44725,52,0
NODE,0.758893,999,43314.420000,9481153711,44718,64,0
NODE,0.758893,999,47423.620000,10225588334,44712,55,0
NODE,0.758893,999,42774.200000,8667846160,44722,71,0
NODE,0.758893,999,40956.900000,8216867943,44732,56,0
NODE,0.758893,999,42396.050000,8553045724,44730,47,0
NODE,0.758893,999,40824.400000,7695586904,44734,61,0
NODE,0.758893,999,43133.420000,9303823553,44727,34,0
NODE,0.758893,999,43108.890000,9273032039,44728,5,0
NODE,0.758893,999,45019.840000,9502505871,44721,35,0
NODE,0.758893,999,41143.980000,8555351310,44735,4,0
NODE,0.758893,999,41261.520000,8212846769,44736,67,0
NODE,0.758893,999,38381.410000,7739351597,44744,78,0
NODE,0.758893,999,40594.760000,8175135397,44738,12,0
NODE,0.758893,999,44481.970000,9413397965,44729,31,0
NODE,0.758893,999,37451.240000,7055893781,44747,57,0
NODE,0.758893,999,44334.670000,8405253969,44731,63,0
NODE,0.758893,999,37335.450000,7000478927,44751,42,0
NODE,0.758893,999,39021.040000,7651254524,44745,39,0
NODE,0.758893,999,41670.900000,8232511204,44739,50,0
NODE,0.758893,999,44382.760000,9072935854,44733,9,0
NODE,0.758893,999,41742.050000,8027196419,44743,32,0
NODE,0.758893,999,42770.460000,8648200533,44740,37,0
NODE,0.758893,999,44015.350000,8817126882,44737,70,0
NODE,0.758893,999,40589.860000,8339077891,44749,30,0
NODE,0.758893,999,44238.970000,9442279925,44742,29,0
NODE,0.758893,999,40694.900000,7740007424,44753,69,0
NODE,0.758893,999,42822.800000,8285818677,44746,33,0
NODE,0.758893,999,41902.090000,8322934102,44750,18,0
NODE,0.758893,999,41395.070000,8403151118,44754,53,0
NODE,0.758893,999,46115.210000,10005473342,44741,2,0
NODE,0.758893,999,43402.130000,8866272242,44748,54,0
NODE,0.758893,999,36921.990000,6553114567,44767,22,0
NODE,0.758893,999,37955.640000,7042629213,44765,41,0
NODE,0.758893,999,43851.530000,8695382868,44752,65,0
NODE,0.758893,999,43943.520000,9491235232,44755,38,0
NODE,0.758893,999,40063.700000,7845925038,44762,36,0
NODE,0.758893,999,38968.640000,7841570973,44768,17,0
NODE,0.758893,999,43132.570000,8837507764,44757,10,0
NODE,0.758893,999,39408.890000,7804927344,44772,21,0
NODE,0.758893,999,39561.510000,8091603022,44771,48,0
NODE,0.758893,999,39734.540000,8065285116,44770,13,0
NODE,0.758893,999,40306.600000,8475397007,44769,66,0
NODE,0.758893,999,44724.250000,9707299045,44756,77,0
NODE,0.758893,999,39043.880000,7396905577,44775,59,0
NODE,0.758893,999,43605.750000,8550252940,44760,16,0
NODE,0.758893,999,44088.180000,8781242703,44761,24,0
NODE,0.758893,999,40447.170000,8426083289,44773,40,0
NODE,0.758893,999,42998.930000,7905887055,44763,3,0
NODE,0.758893,999,42849.210000,8249511006,44766,75,0
NODE,0.758893,999,41011.140000,8227023623,44774,6,0
NODE,0.758893,999,43680.870000,8244358841,44764,68,0
NODE,0.758893,999,40654.540000,7742474055,44778,26,0
NODE,0.758893,999,47753.980000,9671018203,44758,72,0
NODE,0.758893,999,42347.670000,8005924530,44776,23,0
NODE,0.758893,999,41237.980000,8072651010,44779,1,0
NODE,0.758893,999,48283.460000,9488027534,44759,60,0
NODE,0.758893,999,42447.220000,8137337394,44780,7,0
NODE,0.758893,999,42611.150000,8718652579,44781,73,0
NODE,0.758893,999,42547.740000,8178500134,44782,19,0
NODE,0.758893,999,44513.510000,8792875017,44777,20,0
NODE,0.758893,999,41299.860000,8076376698,44783,14,0
NODE,0.758893,999,39737.850000,7610014581,44788,15,0
NODE,0.758893,999,41343.740000,8462234840,44786,51,0
NODE,0.758893,999,43312.880000,8982082071,44785,11,0
NODE,0.758893,999,46102.270000,9454935888,44784,8,0
NODE,0.758893,999,45233.380000,8466378332,44787,25,0
NODE,0.758893,999,37533.810000,7029523249,44791,74,0
NODE,0.758893,999,41868.520000,7863999287,44789,44,0
NODE,0.758893,999,42302.930000,8511683989,44790,43,0
NODE,0.758893,999,39042.900000,7044503457,44796,62,0
NODE,0.758893,999,41767.230000,8478025316,44793,28,0
NODE,0.758893,999,39092.390000,7552351857,44798,79,0
NODE,0.758893,999,38607.420000,7455480492,44803,55,0
NODE,0.758893,999,43871.550000,9362775503,44792,45,0
NODE,0.758893,999,42168.100000,7988053454,44794,27,0
NODE,0.758893,999,39758.770000,7490482363,44801,52,0
NODE,0.758893,999,40383.480000,8070004211,44802,64,0
NODE,0.758893,999,41463.110000,7836200418,44799,46,0
NODE,0.758893,999,38031.020000,7169169684,44811,4,0
NODE,0.758893,999,40023.030000,8388042717,44805,56,0
NODE,0.758893,999,43178.510000,8630451836,44797,76,0
NODE,0.758893,999,41405.440000,8420474720,44804,71,0
NODE,0.758893,999,44717.640000,9460562578,44795,58,0
NODE,0.758893,999,43026.860000,8592849853,44800,49,0
NODE,0.758893,999,39900.990000,7571316295,44812,67,0
NODE,0.758893,999,41440.600000,8240083171,44808,34,0
NODE,0.758893,999,41003.090000,8115901372,44810,35,0
NODE,0.758893,999,42204.110000,8576134792,44806,47,0
NODE,0.758893,999,40199.060000,7760274113,44817,63,0
NODE,0.758893,999,42277.820000,8902163038,44809,5,0
NODE,0.758893,999,40918.710000,8026949854,44815,31,0
NODE,0.758893,999,41545.300000,8596941004,44814,12,0
NODE,0.758893,999,41599.930000,7206583970,44816,57,0
NODE,0.758893,999,42404.270000,7965599463,44813,78,0
NODE,0.758893,999,41895.260000,7825605608,44818,42,0
NODE,0.758893,999,45130.230000,9377339305,44807,61,0
NODE,0.758893,999,40029.050000,7064388127,44827,69,0
NODE,0.758893,999,41387.590000,7328385809,44825,30,0
NODE,0.758893,999,41032.900000,7220786193,44826,29,0
NODE,0.758893,999,40069.190000,7507396881,44830,53,0
NODE,0.758893,999,45198.100000,8788046435,44820,50,0
NODE,0.758893,999,45828.800000,8407726085,44819,39,0
NODE,0.758893,999,45467.050000,8036337864,44821,9,0
NODE,0.758893,999,44220.360000,8023276800,44824,70,0
NODE,0.758893,999,37265.360000,7401886092,44842,13,0
NODE,0.758893,999,43635.770000,7787040524,44828,33,0
NODE,0.758893,999,46208.400000,8762029866,44822,32,0
NODE,0.758893,999,42136.050000,7839573514,44832,54,0
NODE,0.758893,999,43536.630000,7567629180,44829,18,0
NODE,0.758893,999,42745.440000,7972880561,44833,22,0
NODE,0.758893,999,43090.830000,7811895132,44835,65,0
NODE,0.758893,999,48522.200000,9276499301,44823,37,0
NODE,0.758893,999,40589.900000,7699905896,44840,21,0
NODE,0.758893,999,45338.040000,8507152329,44831,2,0
NODE,0.758893,999,42737.770000,8194978766,44838,17,0
NODE,0.758893,999,43347.920000,8566160502,44837,36,0
NODE,0.758893,999,45679.900000,8908839066,44834,41,0
NODE,0.758893,999,44563.600000,8353714396,44836,38,0
NODE,0.758893,999,42716.660000,8348285005,44841,48,0
NODE,0.758893,999,42907.220000,8394089243,44844,77,0
NODE,0.758893,999,45567.630000,9084252348,44839,10,0
NODE,0.758893,999,44385.130000,8294780579,44843,66,0
NODE,0.758893,999,41037.470000,7768226892,44854,72,0
NODE,0.758893,999,42479.490000,7858753306,44851,6,0
NODE,0.758893,999,44542.580000,8220114630,44846,16,0
NODE,0.758893,999,41359.840000,7849845484,44857,60,0
NODE,0.758893,999,44948.880000,8762771944,44848,40,0
NODE,0.758893,999,45969.140000,9041399843,44845,59,0
NODE,0.758893,999,45897.290000,8869314092,44849,3,0
NODE,0.758893,999,43830.810000,8613918792,44856,1,0
NODE,0.758893,999,45943.200000,9342525039,44852,68,0
NODE,0.758893,999,43445.090000,8280178326,44858,7,0
NODE,0.758893,999,46806.440000,8675226729,44850,75,0
NODE,0.758893,999,45218.940000,8484928997,44855,23,0
NODE,0.758893,999,47120.660000,9657802572,44853,26,0
NODE,0.758893,999,38887.220000,7798513486,44865,11,0
NODE,0.758893,999,49320.400000,9295607037,44847,24,0
NODE,0.758893,999,41379.970000,8559427408,44864,51,0
NODE,0.758893,999,45190.970000,8566707876,44862,14,0
NODE,0.758893,999,45826.280000,8992782620,44860,19,0
NODE,0.758893,999,46237.520000,9120249183,44859,73,0
NODE,0.758893,999,42645.460000,8358413126,44863,15,0
NODE,0.758893,999,46876.650000,9148660139,44861,20,0
NODE,0.758893,999,40503.570000,8540887564,44866,8,0
NODE,0.758893,999,41968.290000,8727635026,44867,25,0
NODE,0.758893,999,40017.610000,7733883304,44868,74,0
NODE,0.758893,999,36634.070000,6587659485,44870,43,0
NODE,0.758893,999,38798.300000,7549675838,44872,28,0
NODE,0.758893,999,42001.380000,8461782548,44869,44,0
NODE,0.758893,999,39362.420000,7160548301,44871,62,0
NODE,0.758893,999,40136.690000,7599471519,44873,79,0
NODE,0.758893,999,37670.840000,7091932160,44880,4,0
NODE,0.758893,999,39973.980000,7402799759,44874,55,0
NODE,0.758893,999,37637.280000,7196808646,44886,67,0
NODE,0.758893,999,41433.530000,8261095960,44877,52,0
NODE,0.758893,999,40753.540000,7949727962,44878,64,0
NODE,0.758893,999,37592.630000,7147340380,44888,35,0
NODE,0.758893,999,42014.660000,7995938004,44876,27,0
NODE,0.758893,999,38176.220000,7294300516,44887,34,0
NODE,0.758893,999,43025.230000,8170569797,44875,45,0
NODE,0.758893,999,41053.350000,8243286003,44882,76,0
NODE,0.758893,999,41352.840000,8755628306,44884,58,0
NODE,0.758893,999,42669.150000,8253915362,44881,56,0
NODE,0.758893,999,39821.990000,7924766980,44890,63,0
NODE,0.758893,999,42723.010000,8512994883,44883,71,0
NODE,0.758893,999,44637.860000,8393458163,44879,46,0
NODE,0.758893,999,40372.380000,7729022265,44893,12,0
NODE,0.758893,999,42300.430000,8658626714,44891,5,0
NODE,0.758893,999,42926.490000,8259734019,44889,47,0
NODE,0.758893,999,40370.200000,7571169214,44896,42,0
NODE,0.758893,999,37317.650000,6193477864,44905,70,0
NODE,0.758893,999,35798.780000,6433346468,44908,32,0
NODE,0.758893,999,43862.600000,8412357309,44892,31,0
NODE,0.758893,999,43323.130000,8515590687,44894,57,0
NODE,0.758893,999,41769.480000,7139733154,44897,61,0
NODE,0.758893,999,39868.850000,7174564180,44900,29,0
NODE,0.758893,999,46809.610000,9644818584,44885,49,0
NODE,0.758893,999,38815.150000,6859371212,44903,39,0
NODE,0.758893,999,40759.160000,7027740494,44899,30,0
NODE,0.758893,999,41796.860000,7391893226,44898,69,0
NODE,0.758893,999,40337.840000,7796590297,44902,50,0
NODE,0.758893,999,41044.390000,7982496267,44901,53,0
NODE,0.758893,999,45620.500000,9113966231,44895,78,0
NODE,0.758893,999,39694.800000,6940609283,44910,18,0
NODE,0.758893,999,42984.610000,7741265962,44904,9,0
NODE,0.758893,999,41867.620000,7672758486,44909,54,0
NODE,0.758893,999,41467.690000,7241711016,44911,22,0
NODE,0.758893,999,42990.130000,7839841718,44907,33,0
NODE,0.758893,999,38918.840000,7112265889,44919,38,0
NODE,0.758893,999,37666.260000,6561057041,44922,10,0
NODE,0.758893,999,45282.990000,8133677043,44906,13,0
NODE,0.758893,999,41592.440000,7598666077,44915,2,0
NODE,0.758893,999,40271.050000,7817580241,44920,48,0
NODE,0.758893,999,38801.400000,7298696331,44923,66,0
NODE,0.758893,999,41476.430000,7981314406,44918,41,0
NODE,0.758893,999,44374.290000,7870272742,44912,65,0
NODE,0.758893,999,38581.440000,6707052174,44929,59,0
NODE,0.758893,999,44768.120000,8169422815,44913,37,0
NODE,0.758893,999,43738.720000,7982373341,44916,17,0
NODE,0.758893,999,44878.070000,8302797222,44914,21,0
NODE,0.758893,999,42281.630000,7958861684,44921,77,0
NODE,0.758893,999,40823.430000,7552095789,44925,6,0
NODE,0.758893,999,38530.750000,6788230047,44930,3,0
NODE,0.758893,999,41883.330000,7792651492,44928,40,0
NODE,0.758893,999,46246.630000,8579130452,44917,36,0
NODE,0.758893,999,44360.850000,7657946688,44926,16,0
NODE,0.758893,999,45250.740000,8677756479,44924,72,0
NODE,0.758893,999,42492.660000,7318414372,44931,1,0
NODE,0.758893,999,41775.990000,7292681812,44933,7,0
NODE,0.758893,999,42135.760000,7658811379,44932,68,0
NODE,0.758893,999,39606.790000,7229615806,44940,14,0
NODE,0.758893,999,45680.940000,7914662064,44927,60,0
NODE,0.758893,999,42444.670000,7717942649,44935,23,0
NODE,0.758893,999,42157.410000,7514604572,44936,26,0
NODE,0.758893,999,42097.750000,7861071646,44938,24,0
NODE,0.758893,999,42634.400000,7850447199,44937,11,0
NODE,0.758893,999,41431.770000,7710366638,44942,73,0
NODE,0.758893,999,44573.270000,7722338295,44934,75,0
NODE,0.758893,999,42677.410000,7984826325,44939,51,0
NODE,0.758893,999,41055.650000,7319225921,44944,20,0
NODE,0.758893,999,46174.240000,8240059694,44941,19,0
NODE,0.758893,999,46255.810000,8611068338,44943,15,0
NODE,0.758893,999,41800.710000,8184775507,44946,25,0
NODE,0.758893,999,46189.300000,8477901514,44945,8,0
NODE,0.758893,999,43985.410000,8126183543,44947,74,0
NODE,0.758893,999,45469.350000,8662828720,44948,43,0
NODE,0.758893,999,40838.170000,6938625183,44954,55,0
NODE,0.758893,999,42382.220000,7241127614,44952,79,0
NODE,0.758893,999,44901.310000,8189691104,44949,28,0
NODE,0.758893,999,39877.910000,6759472636,44958,35,0
NODE,0.758893,999,45541.350000,8747941008,44951,62,0
NODE,0.758893,999,40764.220000,7078811367,44957,64,0
NODE,0.758893,999,47930.290000,8505303708,44950,44,0
NODE,0.758893,999,43154.270000,7415022591,44959,27,0
NODE,0.758893,999,43620.840000,7637250525,44956,52,0
NODE,0.758893,999,45963.420000,8818371942,44953,4,0
NODE,0.758893,999,44198.500000,7920221075,44960,34,0
NODE,0.758893,999,46011.200000,8643384066,44955,67,0
NODE,0.758893,999,43257.030000,7404164786,44963,58,0
NODE,0.758893,999,45022.640000,8098429637,44962,76,0
NODE,0.758893,999,39382.370000,7358435048,44977,29,0
NODE,0.758893,999,43353.010000,7064715659,44968,12,0
NODE,0.758893,999,47041.490000,8410163006,44961,45,0
NODE,0.758893,999,45267.320000,7753272056,44965,63,0
NODE,0.758893,999,45808.410000,8004512013,44964,56,0
NODE,0.758893,999,41232.260000,7423079274,44980,30,0
NODE,0.758893,999,43025.940000,7276887216,44975,57,0
NODE,0.758893,999,45164.440000,7502052163,44969,5,0
NODE,0.758893,999,41571.880000,7443849903,44982,50,0
NODE,0.758893,999,45478.780000,7936877947,44971,42,0
NODE,0.758893,999,43651.770000,7851099774,44976,61,0
NODE,0.758893,999,43331.800000,8584631445,44978,49,0
NODE,0.758893,999,43429.840000,7938799145,44979,39,0
NODE,0.758893,999,42487.720000,7764822017,44981,69,0
NODE,0.758893,999,45369.880000,8295142919,44972,70,0
NODE,0.758893,999,49018.930000,8614953544,44967,46,0
NODE,0.758893,999,49637.660000,8815192074,44966,71,0
NODE,0.758893,999,47332.810000,8050059987,44970,47,0
NODE,0.758893,999,39968.450000,7703358913,44989,33,0
NODE,0.758893,999,44326.340000,7451974009,44983,53,0
NODE,0.758893,999,42436.630000,8580922790,44986,9,0
NODE,0.758893,999,41021.360000,7641480291,44990,38,0
NODE,0.758893,999,49586.970000,8826454479,44973,32,0
NODE,0.758893,999,42918.970000,7901441367,44988,22,0
NODE,0.758893,999,47527.470000,8729663070,44984,78,0
NODE,0.758893,999,42392.050000,8615245987,44992,13,0
NODE,0.758893,999,51033.690000,9073085227,44974,31,0
NODE,0.758893,999,47292.630000,9080729435,44985,18,0
NODE,0.758893,999,40041.400000,7715719962,44999,37,0
NODE,0.758893,999,40749.420000,7871087497,45000,17,0
NODE,0.758893,999,41584.260000,7823367489,44998,59,0
NODE,0.758893,999,44569.210000,8535307746,44991,10,0
NODE,0.758893,999,42366.800000,7768861382,44997,65,0
NODE,0.758893,999,43138.210000,8134897195,44996,41,0
NODE,0.758893,999,44187.210000,8987034344,44994,48,0
NODE,0.758893,999,45291.570000,8784492090,44993,2,0
NODE,0.758893,999,45434.360000,8471413443,44995,66,0
NODE,0.758893,999,49546.170000,10077258271,44987,54,0
