NODE,0.758893,999,36873.540000,6553975717,17717,212,0
NODE,0.758893,999,39321.370000,6715662180,17651,89,0
NODE,0.758893,999,39586.330000,7587393175,17700,211,0
NODE,0.758893,999,39839.970000,8198598542,17709,129,0
NODE,0.758893,999,40123.860000,7557073888,17573,67,0
NODE,0.758893,999,40148.120000,7404215397,17652,92,0
NODE,0.758893,999,40170.570000,8139011872,17602,195,0
NODE,0.758893,999,40202.510000,7351818752,17711,130,0
NODE,0.758893,999,40205.360000,7940652661,17653,107,0
NODE,0.758893,999,40285.950000,7067943414,17720,150,0
NODE,0.758893,999,40311.130000,7357162043,17722,124,0
NODE,0.758893,999,40450.380000,7571761349,17655,83,0
NODE,0.758893,999,40572.060000,8102267820,17712,215,0
NODE,0.758893,999,40701.740000,7613428692,17719,128,0
NODE,0.758893,999,40992.270000,7959541692,17627,58,0
NODE,0.758893,999,41242.130000,8265421463,17657,113,0
NODE,0.758893,999,41395.720000,7933190451,17619,104,0
NODE,0.758893,999,41496.560000,7908542990,17599,173,0
NODE,0.758893,999,41569.490000,7792056845,17658,203,0
NODE,0.758893,999,41611.440000,7215979643,17692,232,0
NODE,0.758893,999,41614.250000,7936611987,17551,193,0
NODE,0.758893,999,41624.850000,7446828395,17615,54,0
NODE,0.758893,999,41659.720000,7412664746,17585,90,0
NODE,0.758893,999,41664.370000,8129175645,17603,162,0
NODE,0.758893,999,41706.670000,7627773920,17714,137,0
NODE,0.758893,999,41749.190000,7621602824,17729,213,0
NODE,0.758893,999,41805.560000,7769131619,17572,198,0
NODE,0.758893,999,42069.280000,7645187543,17727,236,0
NODE,0.758893,999,42102.660000,8473695415,17696,204,0
NODE,0.758893,999,42117.170000,7421484777,17736,154,0
NODE,0.758893,999,42226.210000,8372273521,17543,176,0
NODE,0.758893,999,42241.320000,7524158666,17698,219,0
NODE,0.758893,999,42301.720000,7453531527,17716,156,0
NODE,0.758893,999,42325.660000,7934263866,17632,187,0
NODE,0.758893,999,42347.310000,7742292143,17701,142,0
NODE,0.758893,999,42344.500000,8121272862,17680,230,0
NODE,0.758893,999,42348.190000,7707344208,17503,10,0
NODE,0.758893,999,42405.070000,8282296578,17707,217,0
NODE,0.758893,999,42408.700000,7917171955,17626,112,0
NODE,0.758893,999,42460.380000,7356363507,17724,210,0
NODE,0.758893,999,42507.900000,8393157110,17660,224,0
NODE,0.758893,999,42530.870000,7911401238,17697,152,0
NODE,0.758893,999,42565.130000,7723009430,17715,155,0
NODE,0.758893,999,42591.390000,7729151940,17699,143,0
NODE,0.758893,999,42728.650000,8060686594,17576,59,0
NODE,0.758893,999,42765.580000,8724558177,17566,163,0
NODE,0.758893,999,42790.850000,7845514010,17677,235,0
NODE,0.758893,999,42930.370000,7565138863,17674,221,0
NODE,0.758893,999,42941.930000,7823486954,17675,127,0
NODE,0.758893,999,42959.650000,7969792699,17589,85,0
NODE,0.758893,999,42983.550000,8154274688,17713,126,0
NODE,0.758893,999,43068.260000,8062892590,17506,13,0
NODE,0.758893,999,43074.730000,8417327804,17560,179,0
NODE,0.758893,999,43096.880000,8333667648,17690,218,0
NODE,0.758893,999,43217.090000,8510980844,17517,33,0
NODE,0.758893,999,43261.220000,8253775181,17694,121,0
NODE,0.758893,999,43268.050000,8075490976,17631,102,0
NODE,0.758893,999,43390.390000,8059371343,17624,109,0
NODE,0.758893,999,43409.500000,7911441066,17504,11,0
NODE,0.758893,999,43487.990000,8817639023,17571,82,0
NODE,0.758893,999,43503.110000,8050412135,17654,95,0
NODE,0.758893,999,43518.820000,8357707445,17679,144,0
NODE,0.758893,999,43572.900000,8663176227,17596,108,0
NODE,0.758893,999,43587.590000,8301957247,17502,5,0
NODE,0.758893,999,43661.490000,8017223247,17678,206,0
NODE,0.758893,999,43698.680000,7936912685,17728,205,0
NODE,0.758893,999,43700.500000,8393011544,17630,71,0
NODE,0.758893,999,43730.420000,9078604217,17532,17,0
NODE,0.758893,999,43733.060000,7586761521,17623,103,0
NODE,0.758893,999,43770.560000,7923171330,17662,216,0
NODE,0.758893,999,43790.580000,8322014921,17695,133,0
NODE,0.758893,999,43804.630000,7785613283,17582,75,0
NODE,0.758893,999,43813.460000,8552025471,17620,93,0
NODE,0.758893,999,43843.690000,8839055311,17646,111,0
NODE,0.758893,999,43853.520000,7817689140,17734,134,0
NODE,0.758893,999,43916.840000,7970816347,17634,178,0
NODE,0.758893,999,43925.610000,8592144893,17710,222,0
NODE,0.758893,999,43934.910000,8453173248,17558,88,0
NODE,0.758893,999,43957.170000,8211608274,17718,145,0
NODE,0.758893,999,44031.370000,9007455189,17526,36,0
NODE,0.758893,999,44059.750000,8098409152,17721,207,0
NODE,0.758893,999,44081.190000,8572953536,17665,147,0
NODE,0.758893,999,44183.450000,8529155387,17567,47,0
NODE,0.758893,999,44185.880000,8690662150,17604,55,0
NODE,0.758893,999,44202.310000,8972083911,17518,34,0
NODE,0.758893,999,44259.900000,8862177677,17633,194,0
NODE,0.758893,999,44324.620000,7738583333,17550,77,0
NODE,0.758893,999,44338.120000,8137344859,17564,97,0
NODE,0.758893,999,44359.880000,8318668738,17661,229,0
NODE,0.758893,999,44401.150000,9144767636,17668,157,0
NODE,0.758893,999,44409.260000,8220996186,17669,220,0
NODE,0.758893,999,44436.020000,8079347085,17726,140,0
NODE,0.758893,999,44438.910000,9065699390,17559,86,0
NODE,0.758893,999,44495.310000,9086635990,17605,168,0
NODE,0.758893,999,44598.150000,8849888832,17702,226,0
NODE,0.758893,999,44643.820000,8827664164,17706,200,0
NODE,0.758893,999,44670.030000,8947480848,17561,182,0
NODE,0.758893,999,44724.070000,7922649955,17590,41,0
NODE,0.758893,999,44835.910000,8465718183,17673,125,0
NODE,0.758893,999,44833.390000,8534042406,17656,105,0
NODE,0.758893,999,44857.470000,8383793936,17549,175,0
NODE,0.758893,999,44874.420000,8005072601,17723,153,0
NODE,0.758893,999,44903.280000,9146234866,17667,209,0
NODE,0.758893,999,44911.140000,8554078871,17616,57,0
NODE,0.758893,999,44910.380000,8500233915,17682,196,0
NODE,0.758893,999,44929.050000,9001663699,17555,177,0
NODE,0.758893,999,44931.990000,8644510678,17683,123,0
NODE,0.758893,999,44942.920000,8300986062,17625,106,0
NODE,0.758893,999,45024.580000,8152341976,17628,69,0
NODE,0.758893,999,45021.800000,7963101119,17501,4,0
NODE,0.758893,999,45024.660000,8700444534,17708,225,0
NODE,0.758893,999,45061.730000,8768839206,17611,101,0
NODE,0.758893,999,45070.180000,8122318375,17618,66,0
NODE,0.758893,999,45082.430000,8904925763,17531,14,0
NODE,0.758893,999,45143.730000,9144577577,17524,22,0
NODE,0.758893,999,45150.890000,8491037597,17672,158,0
NODE,0.758893,999,45163.000000,8178062757,17639,160,0
NODE,0.758893,999,45226.740000,8309262613,17588,61,0
NODE,0.758893,999,45231.150000,8247642802,17648,118,0
NODE,0.758893,999,45348.610000,8316167376,17732,223,0
NODE,0.758893,999,45358.940000,8385428256,17570,40,0
NODE,0.758893,999,45360.110000,8487530585,17617,42,0
NODE,0.758893,999,45384.210000,8435441575,17637,183,0
NODE,0.758893,999,45412.480000,8164725757,17689,201,0
NODE,0.758893,999,45481.610000,8537669056,17583,161,0
NODE,0.758893,999,45505.790000,8468526601,17663,139,0
NODE,0.758893,999,45510.460000,8549017414,17629,188,0
NODE,0.758893,999,45548.040000,9134006209,17547,60,0
NODE,0.758893,999,45566.470000,8437531724,17688,234,0
NODE,0.758893,999,45573.610000,9545286283,17520,38,0
NODE,0.758893,999,45627.040000,8770411134,17556,190,0
NODE,0.758893,999,45665.010000,8583523296,17684,120,0
NODE,0.758893,999,45679.520000,8689640420,17554,64,0
NODE,0.758893,999,45759.710000,9114206663,17609,94,0
NODE,0.758893,999,45770.690000,8793137914,17512,24,0
NODE,0.758893,999,45817.100000,8585514509,17574,197,0
NODE,0.758893,999,45833.130000,9440451748,17635,192,0
NODE,0.758893,999,45853.050000,7985989867,17691,136,0
NODE,0.758893,999,45858.150000,8319128339,17731,146,0
NODE,0.758893,999,45930.650000,9652222122,17525,35,0
NODE,0.758893,999,46018.850000,9714812822,17592,63,0
NODE,0.758893,999,46024.460000,9601126846,17537,30,0
NODE,0.758893,999,46049.310000,7658288840,17577,199,0
NODE,0.758893,999,46090.800000,8705192269,17536,28,0
NODE,0.758893,999,46112.020000,9045647062,17703,135,0
NODE,0.758893,999,46137.780000,8501126045,17670,202,0
NODE,0.758893,999,46143.020000,8733844759,17586,48,0
NODE,0.758893,999,46177.960000,9207500181,17610,99,0
NODE,0.758893,999,46199.600000,9175212565,17546,169,0
NODE,0.758893,999,46222.290000,8544978062,17693,208,0
NODE,0.758893,999,46225.210000,8092547116,17676,228,0
NODE,0.758893,999,46414.720000,8814927607,17527,7,0
NODE,0.758893,999,46494.310000,8881304636,17505,12,0
NODE,0.758893,999,46496.830000,9011030909,17591,110,0
NODE,0.758893,999,46507.710000,8806255200,17647,91,0
NODE,0.758893,999,46534.140000,8582468711,17687,238,0
NODE,0.758893,999,46545.640000,8766381995,17540,79,0
NODE,0.758893,999,46558.210000,8717762516,17597,51,0
NODE,0.758893,999,46567.190000,8014600937,17733,231,0
NODE,0.758893,999,46616.660000,9787471545,17569,186,0
NODE,0.758893,999,46626.610000,8509418429,17594,72,0
NODE,0.758893,999,46663.100000,9352213756,17649,100,0
NODE,0.758893,999,46705.070000,8801747995,17725,141,0
NODE,0.758893,999,46747.730000,9373308288,17613,184,0
NODE,0.758893,999,46775.890000,9263185155,17507,15,0
NODE,0.758893,999,46779.270000,9920004942,17519,37,0
NODE,0.758893,999,46790.640000,9584229545,17593,167,0
NODE,0.758893,999,46863.580000,8934006725,17553,68,0
NODE,0.758893,999,46874.490000,8994917674,17557,80,0
NODE,0.758893,999,46880.650000,9225119135,17548,49,0
NODE,0.758893,999,46953.350000,8953970452,17686,151,0
NODE,0.758893,999,46955.340000,9403942044,17607,174,0
NODE,0.758893,999,47010.950000,8932179061,17568,70,0
NODE,0.758893,999,47025.710000,9760598111,17545,165,0
NODE,0.758893,999,47113.940000,8657795035,17535,27,0
NODE,0.758893,999,47118.490000,9721428754,17514,26,0
NODE,0.758893,999,47136.660000,9367086374,17598,52,0
NODE,0.758893,999,47156.320000,9505163353,17523,2,0
NODE,0.758893,999,47251.840000,8720492365,17645,81,0
NODE,0.758893,999,47393.720000,9212834137,17650,114,0
NODE,0.758893,999,47397.270000,9242509154,17529,8,0
NODE,0.758893,999,47419.590000,9463920763,17542,73,0
NODE,0.758893,999,47412.650000,8239472559,17580,46,0
NODE,0.758893,999,47447.440000,9104779443,17704,239,0
NODE,0.758893,999,47461.700000,9486518780,17565,164,0
NODE,0.758893,999,47478.440000,8645838262,17500,3,0
NODE,0.758893,999,47712.820000,8626471131,17575,65,0
NODE,0.758893,999,47838.790000,9360779431,17612,166,0
NODE,0.758893,999,47838.030000,9578250064,17681,233,0
NODE,0.758893,999,47933.950000,9506112460,17642,191,0
NODE,0.758893,999,48011.620000,10281364218,17521,39,0
NODE,0.758893,999,48022.790000,9217273552,17533,20,0
NODE,0.758893,999,48062.230000,9012236870,17578,78,0
NODE,0.758893,999,48078.500000,9106331036,17563,172,0
NODE,0.758893,999,48079.090000,8645460462,17622,117,0
NODE,0.758893,999,48125.780000,8918067080,17584,53,0
NODE,0.758893,999,48128.660000,8973112969,17737,131,0
NODE,0.758893,999,48161.400000,9712394885,17544,76,0
NODE,0.758893,999,48164.990000,10122253274,17541,170,0
NODE,0.758893,999,48202.130000,9390046503,17636,180,0
NODE,0.758893,999,48230.470000,10054540699,17638,189,0
NODE,0.758893,999,48286.050000,9729832310,17666,227,0
NODE,0.758893,999,48298.590000,9169322321,17664,122,0
NODE,0.758893,999,48316.650000,9361008786,17528,6,0
NODE,0.758893,999,48319.410000,9386897794,17515,29,0
NODE,0.758893,999,48487.700000,9395298057,17530,9,0
NODE,0.758893,999,48493.570000,8984673925,17671,138,0
NODE,0.758893,999,48564.010000,9577053254,17538,32,0
NODE,0.758893,999,48626.830000,9363344263,17522,1,0
NODE,0.758893,999,48666.870000,9325704348,17552,62,0
NODE,0.758893,999,48685.050000,9752227949,17608,45,0
NODE,0.758893,999,48786.640000,8778861843,17581,84,0
NODE,0.758893,999,48935.770000,10046982640,17621,96,0
NODE,0.758893,999,48936.940000,8741983385,17579,44,0
NODE,0.758893,999,49060.700000,9924332992,17562,185,0
NODE,0.758893,999,49120.470000,8944772181,17735,159,0
NODE,0.758893,999,49129.260000,9703150137,17730,132,0
NODE,0.758893,999,49247.150000,8929142077,17534,21,0
NODE,0.758893,999,49260.620000,9581177917,17508,16,0
NODE,0.758893,999,49268.840000,9760701320,17643,115,0
NODE,0.758893,999,49331.940000,9568155807,17614,171,0
NODE,0.758893,999,49332.970000,10131545321,17516,31,0
NODE,0.758893,999,49420.590000,9613271154,17601,181,0
NODE,0.758893,999,49467.840000,9351467050,17600,119,0
NODE,0.758893,999,49631.990000,9601743427,17644,116,0
NODE,0.758893,999,49717.620000,9386651619,17539,50,0
NODE,0.758893,999,49939.280000,9910716264,17606,43,0
NODE,0.758893,999,50239.910000,9702870727,17640,87,0
NODE,0.758893,999,50280.950000,9944682972,17659,214,0
NODE,0.758893,999,50483.750000,10020698900,17587,74,0
NODE,0.758893,999,50986.990000,8982301009,17685,149,0
NODE,0.758893,999,51140.470000,9731162354,17509,18,0
NODE,0.758893,999,51371.170000,10371611813,17705,148,0
NODE,0.758893,999,51457.640000,9425223706,17513,25,0
NODE,0.758893,999,51862.100000,9421727973,17510,19,0
NODE,0.758893,999,51897.050000,10041964567,17595,56,0
NODE,0.758893,999,51988.690000,10705656126,17738,237,0
NODE,0.758893,999,52136.410000,9938272760,17641,98,0
NODE,0.758893,999,52146.070000,9844298644,17511,23,0
NODE,0.758893,999,39971.080000,7473463918,17779,224,0
NODE,0.758893,999,45689.070000,8489445519,17739,212,0
NODE,0.758893,999,42480.210000,8097019169,17743,67,0
NODE,0.758893,999,41382.910000,7727477227,17754,113,0
NODE,0.758893,999,42430.020000,7695666654,17752,128,0
NODE,0.758893,999,41120.410000,7557157839,17780,152,0
NODE,0.758893,999,42404.540000,7719443731,17756,173,0
NODE,0.758893,999,43915.060000,8008545524,17745,195,0
NODE,0.758893,999,38054.710000,6861744936,17882,28,0
NODE,0.758893,999,39272.550000,7197291859,17843,196,0
NODE,0.758893,999,40072.430000,6943917566,17824,194,0
NODE,0.758893,999,38627.130000,7188722299,17878,35,0
NODE,0.758893,999,44150.160000,8528654997,17750,83,0
NODE,0.758893,999,38677.230000,7261462256,17885,48,0
NODE,0.758893,999,43179.710000,7525976552,17764,213,0
NODE,0.758893,999,44012.230000,8178985869,17753,58,0
NODE,0.758893,999,43643.790000,7980781220,17760,54,0
NODE,0.758893,999,45108.580000,8385354182,17749,124,0
NODE,0.758893,999,45850.900000,8951708827,17741,211,0
NODE,0.758893,999,40783.900000,7064223037,17835,182,0
NODE,0.758893,999,39781.090000,7320058727,17872,94,0
NODE,0.758893,999,46231.010000,8680465518,17740,89,0
NODE,0.758893,999,39448.110000,7528768827,17883,135,0
NODE,0.758893,999,43407.110000,7570247258,17769,176,0
NODE,0.758893,999,39848.750000,7044275786,17876,136,0
NODE,0.758893,999,46011.530000,8501614666,17742,129,0
NODE,0.758893,999,40012.920000,7370254199,17877,146,0
NODE,0.758893,999,39989.760000,7453285726,17880,30,0
NODE,0.758893,999,39605.550000,7134748551,17894,238,0
NODE,0.758893,999,45655.270000,8540812970,17751,215,0
NODE,0.758893,999,43822.960000,7981289348,17783,59,0
NODE,0.758893,999,41630.430000,7140460269,17844,177,0
NODE,0.758893,999,42685.970000,7715817128,17814,178,0
NODE,0.758893,999,45031.100000,8523527194,17757,203,0
NODE,0.758893,999,40839.570000,7443052051,17874,197,0
NODE,0.758893,999,42902.740000,7468951635,17815,222,0
NODE,0.758893,999,41139.330000,7405490775,17873,24,0
NODE,0.758893,999,43461.150000,7679845044,17801,108,0
NODE,0.758893,999,43392.680000,8021218821,17805,71,0
NODE,0.758893,999,43324.070000,7573298372,17813,134,0
NODE,0.758893,999,43827.000000,8596596257,17797,11,0
NODE,0.758893,999,44082.230000,7970679643,17793,33,0
NODE,0.758893,999,41341.490000,7890754400,17886,99,0
NODE,0.758893,999,43368.120000,7576833867,17823,34,0
NODE,0.758893,999,45387.660000,8268434813,17770,219,0
NODE,0.758893,999,43560.070000,8303717542,17820,147,0
NODE,0.758893,999,46367.010000,8570115085,17755,104,0
NODE,0.758893,999,45321.290000,8444011314,17781,155,0
NODE,0.758893,999,45311.370000,8234696203,17782,143,0
NODE,0.758893,999,44198.010000,7529983639,17806,17,0
NODE,0.758893,999,44986.800000,8269636581,17791,179,0
NODE,0.758893,999,46072.250000,8473678926,17766,236,0
NODE,0.758893,999,43280.910000,7340123041,17846,106,0
NODE,0.758893,999,43192.820000,7730700485,17851,66,0
NODE,0.758893,999,42712.950000,7324805059,17868,38,0
NODE,0.758893,999,43435.660000,7567442749,17840,153,0
NODE,0.758893,999,43486.920000,7905944206,17839,175,0
NODE,0.758893,999,42238.420000,8171728703,17889,228,0
NODE,0.758893,999,44762.350000,7850108514,17807,103,0
NODE,0.758893,999,46939.440000,8691389178,17758,232,0
NODE,0.758893,999,46968.730000,8548139126,17759,193,0
NODE,0.758893,999,41966.530000,7790787800,17899,72,0
NODE,0.758893,999,46340.810000,8323026060,17771,156,0
NODE,0.758893,999,45554.880000,8075265174,17792,218,0
NODE,0.758893,999,42964.700000,7999892364,17871,64,0
NODE,0.758893,999,45164.120000,7732672215,17800,144,0
NODE,0.758893,999,43135.360000,8110148089,17866,60,0
NODE,0.758893,999,46318.290000,8824554002,17776,217,0
NODE,0.758893,999,42500.990000,8121534521,17888,208,0
NODE,0.758893,999,43586.490000,7861044544,17853,22,0
NODE,0.758893,999,45353.290000,8050156996,17798,82,0
NODE,0.758893,999,45922.700000,7931099211,17787,127,0
NODE,0.758893,999,41477.900000,7084346749,17924,3,0
NODE,0.758893,999,47330.230000,7942937794,17761,90,0
NODE,0.758893,999,45522.880000,8322447269,17799,95,0
NODE,0.758893,999,42334.160000,7712846268,17901,141,0
NODE,0.758893,999,45479.670000,8520524174,17802,5,0
NODE,0.758893,999,46664.050000,8606613327,17778,210,0
NODE,0.758893,999,46208.840000,8006439664,17788,85,0
NODE,0.758893,999,45618.260000,8380590206,17803,206,0
NODE,0.758893,999,42829.110000,7582423799,17891,12,0
NODE,0.758893,999,43200.660000,7963691000,17884,202,0
NODE,0.758893,999,42842.500000,7796066351,17896,51,0
NODE,0.758893,999,42904.540000,8290849630,17895,79,0
NODE,0.758893,999,44454.710000,8206007217,17848,4,0
NODE,0.758893,999,43519.210000,7970953428,17879,63,0
NODE,0.758893,999,43969.130000,8101876773,17870,120,0
NODE,0.758893,999,45890.030000,8289400567,17810,75,0
NODE,0.758893,999,46877.650000,8426541410,17786,221,0
NODE,0.758893,999,45462.010000,7891625278,17826,97,0
NODE,0.758893,999,43072.900000,7887163299,17902,184,0
NODE,0.758893,999,46755.980000,7952772013,17790,13,0
NODE,0.758893,999,49569.700000,9394089628,17748,150,0
NODE,0.758893,999,43119.680000,7540268547,17904,37,0
NODE,0.758893,999,43346.340000,8312825708,17897,231,0
NODE,0.758893,999,47196.900000,8758641059,17784,163,0
NODE,0.758893,999,42518.110000,7455523710,17923,164,0
NODE,0.758893,999,44375.670000,7533647704,17869,190,0
NODE,0.758893,999,44497.810000,8458185124,17864,139,0
NODE,0.758893,999,44849.630000,8314831708,17855,160,0
NODE,0.758893,999,45909.910000,8684817655,17821,47,0
NODE,0.758893,999,43112.930000,7568397287,17911,70,0
NODE,0.758893,999,45308.060000,7992605685,17837,125,0
NODE,0.758893,999,45798.950000,8553556061,17827,229,0
NODE,0.758893,999,49962.160000,9061127907,17747,107,0
NODE,0.758893,999,45108.320000,8363014432,17850,101,0
NODE,0.758893,999,47865.620000,9087897634,17774,230,0
NODE,0.758893,999,46434.880000,8716187303,17808,216,0
NODE,0.758893,999,45290.700000,8088763095,17845,123,0
NODE,0.758893,999,43372.770000,8521370228,17906,68,0
NODE,0.758893,999,43898.210000,8344628554,17890,7,0
NODE,0.758893,999,46580.330000,8694677537,17809,133,0
NODE,0.758893,999,45171.890000,8116979039,17857,118,0
NODE,0.758893,999,46008.350000,8815772900,17829,220,0
NODE,0.758893,999,42360.240000,7709768552,17933,117,0
NODE,0.758893,999,45534.790000,8265850591,17842,57,0
NODE,0.758893,999,45439.090000,8309880664,17849,225,0
NODE,0.758893,999,46478.040000,8606310675,17818,36,0
NODE,0.758893,999,45124.250000,8410984287,17861,183,0
NODE,0.758893,999,46641.030000,8453745773,17816,88,0
NODE,0.758893,999,45053.280000,8213719398,17867,234,0
NODE,0.758893,999,44647.050000,7972820787,17881,199,0
NODE,0.758893,999,47035.230000,8030895510,17804,205,0
NODE,0.758893,999,49045.730000,9592374675,17765,198,0
NODE,0.758893,999,47611.320000,9212364227,17795,102,0
NODE,0.758893,999,47012.080000,8746737826,17817,145,0
NODE,0.758893,999,44472.610000,8216002675,17893,91,0
NODE,0.758893,999,48869.650000,9347143774,17768,154,0
NODE,0.758893,999,44036.960000,7811512203,17910,174,0
NODE,0.758893,999,46943.220000,8900882398,17819,207,0
NODE,0.758893,999,45174.120000,7784909979,17875,192,0
NODE,0.758893,999,45501.370000,8196730968,17865,188,0
NODE,0.758893,999,45721.210000,8095627525,17862,201,0
NODE,0.758893,999,43739.540000,7830681902,17922,239,0
NODE,0.758893,999,42324.270000,8012224310,17951,96,0
NODE,0.758893,999,51142.990000,10148398032,17744,92,0
NODE,0.758893,999,47102.930000,8725980307,17822,55,0
NODE,0.758893,999,44683.190000,9151003060,17898,186,0
NODE,0.758893,999,43222.210000,8303119027,17936,76,0
NODE,0.758893,999,49045.630000,9003992578,17775,10,0
NODE,0.758893,999,49746.080000,9128856463,17762,162,0
NODE,0.758893,999,44416.330000,8382529783,17912,165,0
NODE,0.758893,999,44578.430000,9192572558,17908,49,0
NODE,0.758893,999,46988.130000,8658309694,17832,168,0
NODE,0.758893,999,49100.510000,9016866608,17777,112,0
NODE,0.758893,999,46161.560000,8285192405,17858,223,0
NODE,0.758893,999,44162.700000,8063755748,17918,114,0
NODE,0.758893,999,49242.490000,9456637720,17772,187,0
NODE,0.758893,999,48401.730000,8346389346,17794,121,0
NODE,0.758893,999,49570.830000,9145864441,17767,204,0
NODE,0.758893,999,44561.900000,8239593271,17913,27,0
NODE,0.758893,999,46779.010000,8336502755,17841,209,0
NODE,0.758893,999,45509.330000,8316850255,17887,169,0
NODE,0.758893,999,46888.550000,8563515568,17838,105,0
NODE,0.758893,999,47334.460000,8684955004,17828,157,0
NODE,0.758893,999,49003.660000,8772445733,17785,235,0
NODE,0.758893,999,45058.420000,8266613933,17903,15,0
NODE,0.758893,999,47287.300000,8648061080,17833,226,0
NODE,0.758893,999,48060.040000,8883337224,17811,93,0
NODE,0.758893,999,47167.380000,7991024955,17836,41,0
NODE,0.758893,999,48051.610000,8959731534,17812,111,0
NODE,0.758893,999,48936.390000,9276737522,17789,126,0
NODE,0.758893,999,51725.860000,9576635485,17746,130,0
NODE,0.758893,999,44615.890000,7972640800,17920,73,0
NODE,0.758893,999,42958.160000,7878839363,17954,159,0
NODE,0.758893,999,44673.320000,7975745340,17921,46,0
NODE,0.758893,999,43911.310000,7830829603,17938,180,0
NODE,0.758893,999,46763.210000,8216333814,17860,42,0
NODE,0.758893,999,44981.210000,7788413252,17916,2,0
NODE,0.758893,999,47132.350000,8688206721,17847,69,0
NODE,0.758893,999,45219.400000,7909416286,17909,151,0
NODE,0.758893,999,47544.830000,8488671820,17834,200,0
NODE,0.758893,999,48905.330000,9618290294,17796,109,0
NODE,0.758893,999,47911.180000,8461090738,17831,86,0
NODE,0.758893,999,50009.180000,9749279592,17773,142,0
NODE,0.758893,999,45889.030000,8633921947,17892,110,0
NODE,0.758893,999,45754.770000,9216347682,17900,100,0
NODE,0.758893,999,45581.570000,8515575366,17907,80,0
NODE,0.758893,999,48187.040000,9052065775,17825,77,0
NODE,0.758893,999,43953.270000,8502165997,17947,1,0
NODE,0.758893,999,44753.560000,8201179971,17926,166,0
NODE,0.758893,999,47558.190000,8556741962,17852,14,0
NODE,0.758893,999,47442.810000,8805335412,17863,161,0
NODE,0.758893,999,44735.910000,7950024457,17939,189,0
NODE,0.758893,999,48166.140000,8527371884,17854,158,0
NODE,0.758893,999,44204.390000,8169102072,17955,132,0
NODE,0.758893,999,46272.080000,9034523732,17914,26,0
NODE,0.758893,999,44201.170000,8496953524,17959,171,0
NODE,0.758893,999,45467.450000,8421825755,17934,53,0
NODE,0.758893,999,45284.940000,8496112238,17949,45,0
NODE,0.758893,999,45664.980000,8124131283,17942,6,0
NODE,0.758893,999,48850.490000,9812525510,17856,61,0
NODE,0.758893,999,46183.870000,8998455280,17930,20,0
NODE,0.758893,999,47464.990000,9164040858,17905,167,0
NODE,0.758893,999,46512.610000,7930684602,17929,39,0
NODE,0.758893,999,47284.970000,8474912212,17917,81,0
NODE,0.758893,999,46705.430000,8391614438,17927,233,0
NODE,0.758893,999,50122.280000,9627675960,17830,140,0
NODE,0.758893,999,46119.490000,8369732585,17944,9,0
NODE,0.758893,999,45350.040000,9055183169,17961,181,0
NODE,0.758893,999,46691.550000,8614764031,17943,29,0
NODE,0.758893,999,47160.350000,8888280805,17928,191,0
NODE,0.758893,999,47401.930000,8533755938,17925,65,0
NODE,0.758893,999,53467.670000,9824227636,17763,137,0
NODE,0.758893,999,47867.200000,9641142486,17919,8,0
NODE,0.758893,999,47406.130000,8847825268,17937,170,0
NODE,0.758893,999,47007.470000,9185315584,17948,62,0
NODE,0.758893,999,47487.040000,8617194554,17941,122,0
NODE,0.758893,999,47676.600000,8682968837,17945,138,0
NODE,0.758893,999,47152.740000,9289247976,17960,31,0
NODE,0.758893,999,51444.360000,9585494555,17859,40,0
NODE,0.758893,999,48638.110000,8576467263,17940,227,0
NODE,0.758893,999,49474.710000,9962060854,17935,131,0
NODE,0.758893,999,48369.410000,9450243628,17956,21,0
NODE,0.758893,999,49723.830000,9009675835,17932,172,0
NODE,0.758893,999,48123.910000,8775259543,17965,43,0
NODE,0.758893,999,50049.140000,8845954812,17931,78,0
NODE,0.758893,999,49834.780000,9531637870,17946,32,0
NODE,0.758893,999,49500.130000,9265428692,17957,16,0
NODE,0.758893,999,49838.530000,9693530189,17952,44,0
NODE,0.758893,999,49858.070000,9574768655,17962,119,0
NODE,0.758893,999,49783.430000,9849387124,17964,50,0
NODE,0.758893,999,47640.240000,9516714214,17973,19,0
NODE,0.758893,999,50262.460000,9677999063,17958,115,0
NODE,0.758893,999,48442.060000,8915575750,17976,98,0
NODE,0.758893,999,53448.140000,10067164430,17915,52,0
NODE,0.758893,999,50629.660000,9357945541,17967,214,0
NODE,0.758893,999,52024.140000,9926307157,17953,185,0
NODE,0.758893,999,52131.830000,9253379095,17966,87,0
NODE,0.758893,999,50462.830000,9521226954,17977,23,0
NODE,0.758893,999,51978.790000,10017936039,17969,149,0
NODE,0.758893,999,51947.250000,9385058288,17971,148,0
NODE,0.758893,999,52303.480000,10157968695,17970,18,0
NODE,0.758893,999,53298.620000,10534028565,17968,74,0
NODE,0.758893,999,55047.630000,10215316991,17950,84,0
NODE,0.758893,999,53481.970000,11327089839,17972,25,0
NODE,0.758893,999,55841.980000,10538299970,17963,116,0
NODE,0.758893,999,54661.430000,11193308522,17974,56,0
NODE,0.758893,999,56579.040000,10859982532,17975,237,0
NODE,0.758893,999,44095.440000,7816122049,17991,48,0
NODE,0.758893,999,44561.820000,7788953233,17992,213,0
NODE,0.758893,999,44309.820000,7977398752,17998,94,0
NODE,0.758893,999,46139.130000,8579811423,17987,196,0
NODE,0.758893,999,47055.670000,8932638798,17984,173,0
NODE,0.758893,999,45551.100000,8518932836,17997,182,0
NODE,0.758893,999,46455.340000,8403717795,17989,35,0
NODE,0.758893,999,47012.780000,7818781898,17986,28,0
NODE,0.758893,999,48794.270000,9722580458,17979,212,0
NODE,0.758893,999,48998.470000,9224804374,17978,224,0
NODE,0.758893,999,46774.100000,8623432234,17996,211,0
NODE,0.758893,999,47704.010000,8466551069,17990,83,0
NODE,0.758893,999,47632.250000,7872844038,17993,58,0
NODE,0.758893,999,47270.140000,8913091569,17995,124,0
NODE,0.758893,999,47781.970000,9320125856,18000,135,0
NODE,0.758893,999,49217.460000,9144439917,17988,194,0
NODE,0.758893,999,48376.270000,8808731035,17994,54,0
NODE,0.758893,999,51273.970000,9750209644,17981,113,0
NODE,0.758893,999,50424.790000,9766576249,17983,152,0
NODE,0.758893,999,50362.090000,9401797366,17985,195,0
NODE,0.758893,999,49741.320000,9262981012,17999,89,0
NODE,0.758893,999,53011.260000,9875381750,17982,128,0
NODE,0.758893,999,55222.740000,11140275099,17980,67,0
