NODE,0.758893,999,39261.860000,7228186004,22206,231,0
NODE,0.758893,999,39357.430000,7059130939,22211,92,0
NODE,0.758893,999,40818.180000,7272264195,22212,94,0
NODE,0.758893,999,40923.250000,7508178764,22214,234,0
NODE,0.758893,999,41544.710000,7872930692,22020,21,0
NODE,0.758893,999,41559.800000,7567490697,22204,230,0
NODE,0.758893,999,42005.770000,7346472404,22119,171,0
NODE,0.758893,999,42446.760000,7909617106,22200,88,0
NODE,0.758893,999,42451.610000,7415735255,22205,91,0
NODE,0.758893,999,42625.990000,7797544986,22016,17,0
NODE,0.758893,999,42904.610000,7806416372,22027,28,0
NODE,0.758893,999,42919.200000,7795432031,22115,78,0
NODE,0.758893,999,43305.530000,8083833940,22216,97,0
NODE,0.758893,999,43308.180000,7801638069,22100,65,0
NODE,0.758893,999,43355.270000,7802123075,22197,228,0
NODE,0.758893,999,43452.040000,8629386714,22224,108,0
NODE,0.758893,999,43459.610000,7998857961,22215,239,0
NODE,0.758893,999,43498.190000,8134464616,22217,95,0
NODE,0.758893,999,43576.770000,7906871696,22015,16,0
NODE,0.758893,999,43661.670000,7930939376,22225,113,0
NODE,0.758893,999,43796.000000,8620134728,22161,202,0
NODE,0.758893,999,43820.190000,7601200870,22009,10,0
NODE,0.758893,999,44018.450000,8430321941,22021,22,0
NODE,0.758893,999,44039.880000,7757873983,22042,126,0
NODE,0.758893,999,44142.510000,8362327938,22025,26,0
NODE,0.758893,999,44283.180000,8726676314,22054,40,0
NODE,0.758893,999,44358.050000,8063864521,22118,42,0
NODE,0.758893,999,44370.740000,7751478218,22208,233,0
NODE,0.758893,999,44371.240000,7963173772,22029,30,0
NODE,0.758893,999,44423.190000,9248424702,22163,204,0
NODE,0.758893,999,44481.480000,8407207328,22178,214,0
NODE,0.758893,999,44564.800000,8204672117,22210,93,0
NODE,0.758893,999,44623.650000,8833054747,22236,118,0
NODE,0.758893,999,44670.360000,8007958215,22013,14,0
NODE,0.758893,999,44766.020000,8883677031,22201,86,0
NODE,0.758893,999,44774.560000,8784081248,22008,9,0
NODE,0.758893,999,44813.210000,8615893652,22186,82,0
NODE,0.758893,999,44937.920000,8706291633,22187,81,0
NODE,0.758893,999,44957.350000,8709271593,22138,176,0
NODE,0.758893,999,45040.820000,8517973753,22061,45,0
NODE,0.758893,999,45063.190000,8780837548,22222,105,0
NODE,0.758893,999,45070.520000,8291509644,22219,102,0
NODE,0.758893,999,45088.340000,7805055166,22010,11,0
NODE,0.758893,999,45193.920000,8353658136,22223,104,0
NODE,0.758893,999,45268.290000,8343333154,22117,79,0
NODE,0.758893,999,45307.970000,8404717485,22057,43,0
NODE,0.758893,999,45368.960000,7958438566,22033,34,0
NODE,0.758893,999,45434.300000,8771463007,22228,106,0
NODE,0.758893,999,45484.620000,8068950680,22034,35,0
NODE,0.758893,999,45510.720000,9126729076,22017,18,0
NODE,0.758893,999,45512.890000,8579097520,22213,235,0
NODE,0.758893,999,45552.180000,8998765903,22195,85,0
NODE,0.758893,999,45599.390000,8671001568,22189,223,0
NODE,0.758893,999,45603.070000,8345952111,22053,147,0
NODE,0.758893,999,45649.790000,8990676097,22232,116,0
NODE,0.758893,999,45681.900000,8006404390,22026,27,0
NODE,0.758893,999,45695.070000,8287570375,22037,38,0
NODE,0.758893,999,45820.720000,8527439032,22230,238,0
NODE,0.758893,999,45846.010000,8379614198,22031,32,0
NODE,0.758893,999,45976.810000,8525178286,22199,226,0
NODE,0.758893,999,45986.000000,8433068798,22060,149,0
NODE,0.758893,999,46048.910000,8152002530,22028,29,0
NODE,0.758893,999,46085.770000,8134890772,22120,189,0
NODE,0.758893,999,46085.340000,9069814152,22110,71,0
NODE,0.758893,999,46096.200000,8359542890,22173,212,0
NODE,0.758893,999,46099.780000,8557691038,22238,119,0
NODE,0.758893,999,46098.570000,8547845087,22036,37,0
NODE,0.758893,999,46186.410000,9156019070,22052,141,0
NODE,0.758893,999,46239.440000,8921771987,22229,114,0
NODE,0.758893,999,46256.110000,8883653752,22220,237,0
NODE,0.758893,999,46360.840000,8423396897,22011,12,0
NODE,0.758893,999,46362.250000,9270671131,22218,96,0
NODE,0.758893,999,46529.640000,9134274858,22221,103,0
NODE,0.758893,999,46573.830000,8520841633,22207,232,0
NODE,0.758893,999,46615.050000,7943454395,22104,67,0
NODE,0.758893,999,46613.030000,8439036906,22004,5,0
NODE,0.758893,999,46683.470000,8600812727,22109,72,0
NODE,0.758893,999,46725.550000,8560474659,22044,131,0
NODE,0.758893,999,46759.630000,9115643863,22006,7,0
NODE,0.758893,999,46773.900000,8222375852,22012,13,0
NODE,0.758893,999,46782.880000,8381497889,22139,179,0
NODE,0.758893,999,46800.780000,8819803281,22202,229,0
NODE,0.758893,999,46803.320000,8735424310,22113,75,0
NODE,0.758893,999,46868.010000,9462892861,22190,224,0
NODE,0.758893,999,46871.210000,8877932267,22058,148,0
NODE,0.758893,999,46876.380000,9503958616,22179,215,0
NODE,0.758893,999,46878.150000,8742686135,22114,76,0
NODE,0.758893,999,46933.910000,8084473307,22196,227,0
NODE,0.758893,999,46934.100000,8735128424,22073,158,0
NODE,0.758893,999,47194.490000,8012514855,22159,200,0
NODE,0.758893,999,47239.730000,8899364608,22032,33,0
NODE,0.758893,999,47266.880000,8603656257,22126,162,0
NODE,0.758893,999,47290.320000,8240726205,22035,36,0
NODE,0.758893,999,47325.480000,9423102862,22168,209,0
NODE,0.758893,999,47330.150000,8925555849,22160,201,0
NODE,0.758893,999,47337.460000,8209345105,22124,160,0
NODE,0.758893,999,47367.300000,8933097661,22198,87,0
NODE,0.758893,999,47390.790000,8843516954,22185,80,0
NODE,0.758893,999,47443.560000,8596167045,22090,61,0
NODE,0.758893,999,47486.570000,8883822177,22055,145,0
NODE,0.758893,999,47501.250000,8708986861,22030,31,0
NODE,0.758893,999,47512.480000,9104450197,22209,90,0
NODE,0.758893,999,47517.030000,9766384164,22182,218,0
NODE,0.758893,999,47522.860000,8556451653,22112,73,0
NODE,0.758893,999,47582.580000,9299917147,22162,203,0
NODE,0.758893,999,47579.620000,10239117384,22164,205,0
NODE,0.758893,999,47605.350000,9221821479,22024,25,0
NODE,0.758893,999,47611.940000,8579236030,22101,152,0
NODE,0.758893,999,47638.900000,8780981475,22184,220,0
NODE,0.758893,999,47652.490000,8456690101,22051,142,0
NODE,0.758893,999,47761.570000,8694046614,22001,2,0
NODE,0.758893,999,47769.040000,8086713449,22066,151,0
NODE,0.758893,999,47778.060000,9219915867,22191,222,0
NODE,0.758893,999,47803.240000,8358137896,22043,125,0
NODE,0.758893,999,47803.150000,8968153202,22059,150,0
NODE,0.758893,999,47824.270000,8650030422,22088,127,0
NODE,0.758893,999,47836.310000,9089211236,22098,143,0
NODE,0.758893,999,47885.050000,8825477809,22108,68,0
NODE,0.758893,999,47882.280000,8622171946,22140,178,0
NODE,0.758893,999,47888.030000,8420834036,22074,50,0
NODE,0.758893,999,47920.810000,8518655752,22064,154,0
NODE,0.758893,999,47920.840000,7928401006,22082,124,0
NODE,0.758893,999,47962.360000,8879463298,22203,89,0
NODE,0.758893,999,48002.150000,8934119687,22102,66,0
NODE,0.758893,999,48027.420000,9036510774,22170,211,0
NODE,0.758893,999,48032.730000,9242883007,22050,137,0
NODE,0.758893,999,48048.000000,8684881394,22136,175,0
NODE,0.758893,999,48104.060000,8954698307,22122,191,0
NODE,0.758893,999,48151.200000,9280529786,22194,225,0
NODE,0.758893,999,48289.110000,8816297886,22095,140,0
NODE,0.758893,999,48325.960000,8931412899,22227,110,0
NODE,0.758893,999,48452.030000,8977893170,22097,144,0
NODE,0.758893,999,48516.020000,9089027584,22121,192,0
NODE,0.758893,999,48572.890000,8664826311,22099,64,0
NODE,0.758893,999,48601.390000,9162519489,22056,41,0
NODE,0.758893,999,48639.170000,9190517071,22167,208,0
NODE,0.758893,999,48776.040000,9437175901,22039,146,0
NODE,0.758893,999,48819.640000,9325408401,22231,115,0
NODE,0.758893,999,48832.470000,8475495355,22062,46,0
NODE,0.758893,999,48873.350000,10063515232,22180,217,0
NODE,0.758893,999,48890.680000,9725831699,22018,19,0
NODE,0.758893,999,49002.300000,8429258648,22038,39,0
NODE,0.758893,999,49135.980000,8975751368,22079,56,0
NODE,0.758893,999,49205.510000,8722312941,22111,74,0
NODE,0.758893,999,49245.100000,9106406283,22065,155,0
NODE,0.758893,999,49253.900000,10142860740,22022,23,0
NODE,0.758893,999,49284.100000,8622120492,22014,15,0
NODE,0.758893,999,49330.870000,9541767689,22007,8,0
NODE,0.758893,999,49405.530000,9599772179,22235,107,0
NODE,0.758893,999,49485.470000,8845818431,22116,77,0
NODE,0.758893,999,49583.670000,8721298685,22107,153,0
NODE,0.758893,999,49617.740000,8858439845,22137,174,0
NODE,0.758893,999,49652.960000,9108962841,22131,165,0
NODE,0.758893,999,49700.970000,9371484865,22123,194,0
NODE,0.758893,999,49770.480000,9887932137,22193,83,0
NODE,0.758893,999,49775.820000,9432683593,22002,3,0
NODE,0.758893,999,49782.410000,8733364996,22087,59,0
NODE,0.758893,999,49862.710000,9103684507,22150,187,0
NODE,0.758893,999,49881.030000,9788373308,22177,101,0
NODE,0.758893,999,49885.080000,9439063973,22094,133,0
NODE,0.758893,999,49889.170000,9334168726,22172,98,0
NODE,0.758893,999,49906.230000,8619150852,22152,193,0
NODE,0.758893,999,49961.270000,8891442108,22093,63,0
NODE,0.758893,999,50082.650000,8823181292,22041,123,0
NODE,0.758893,999,50114.510000,9423875056,22127,163,0
NODE,0.758893,999,50236.410000,9494358029,22192,84,0
NODE,0.758893,999,50350.100000,9751243221,22049,138,0
NODE,0.758893,999,50370.740000,9798619292,22169,99,0
NODE,0.758893,999,50370.270000,8999738503,22040,121,0
NODE,0.758893,999,50386.430000,9203834230,22134,170,0
NODE,0.758893,999,50404.550000,8903717481,22071,51,0
NODE,0.758893,999,50425.980000,9487657730,22003,4,0
NODE,0.758893,999,50561.960000,10172316291,22133,173,0
NODE,0.758893,999,50693.460000,10330724434,22188,221,0
NODE,0.758893,999,50719.190000,10004375137,22226,111,0
NODE,0.758893,999,50768.870000,9447187805,22135,172,0
NODE,0.758893,999,50828.580000,10157844294,22019,20,0
NODE,0.758893,999,50844.000000,9955778433,22234,117,0
NODE,0.758893,999,50971.850000,9655643698,22081,55,0
NODE,0.758893,999,50997.940000,9561137722,22132,169,0
NODE,0.758893,999,51086.470000,8667001060,22089,60,0
NODE,0.758893,999,51274.340000,9722496572,22048,134,0
NODE,0.758893,999,51320.490000,10299409389,22143,180,0
NODE,0.758893,999,51332.320000,10617848488,22233,112,0
NODE,0.758893,999,51471.560000,9782506832,22237,236,0
NODE,0.758893,999,51499.040000,9164965278,22092,136,0
NODE,0.758893,999,51499.820000,9423905648,22063,44,0
NODE,0.758893,999,51531.440000,9920222541,22023,24,0
NODE,0.758893,999,51578.900000,9066110112,22080,122,0
NODE,0.758893,999,51599.250000,9391919024,22086,132,0
NODE,0.758893,999,51685.870000,9993814027,22096,62,0
NODE,0.758893,999,51750.010000,9857849363,22125,164,0
NODE,0.758893,999,51787.330000,9304620485,22045,129,0
NODE,0.758893,999,51827.150000,9535793337,22072,159,0
NODE,0.758893,999,51873.810000,9333765559,22171,210,0
NODE,0.758893,999,51979.350000,8915146886,22084,58,0
NODE,0.758893,999,52064.680000,9892388716,22130,168,0
NODE,0.758893,999,52182.360000,9051792234,22091,139,0
NODE,0.758893,999,52271.220000,10084658346,22068,157,0
NODE,0.758893,999,52300.380000,9405799887,22105,69,0
NODE,0.758893,999,52370.860000,10675059984,22181,219,0
NODE,0.758893,999,52372.450000,9089119780,22083,57,0
NODE,0.758893,999,52484.400000,9497113726,22085,130,0
NODE,0.758893,999,52508.980000,9229737315,22077,53,0
NODE,0.758893,999,52581.430000,10284400997,22005,6,0
NODE,0.758893,999,52634.080000,9724307584,22047,128,0
NODE,0.758893,999,52669.860000,9884498817,22147,184,0
NODE,0.758893,999,52754.260000,9877772859,22142,182,0
NODE,0.758893,999,52839.660000,9478514315,22158,161,0
NODE,0.758893,999,52848.820000,9631449660,22046,135,0
NODE,0.758893,999,52872.880000,9670048387,22153,195,0
NODE,0.758893,999,52958.560000,10107799255,22103,156,0
NODE,0.758893,999,53042.530000,10449540361,22166,207,0
NODE,0.758893,999,53116.350000,9862774314,22129,167,0
NODE,0.758893,999,53145.970000,9961729303,22000,1,0
NODE,0.758893,999,53347.980000,9412315385,22128,166,0
NODE,0.758893,999,53414.220000,10914156251,22183,216,0
NODE,0.758893,999,53418.040000,9923992967,22174,100,0
NODE,0.758893,999,53426.120000,9823021511,22148,186,0
NODE,0.758893,999,53497.610000,9469028776,22075,52,0
NODE,0.758893,999,53506.510000,10017109669,22144,181,0
NODE,0.758893,999,53548.030000,9772251579,22076,54,0
NODE,0.758893,999,53556.290000,10207255885,22175,213,0
NODE,0.758893,999,53683.250000,9648629109,22156,199,0
NODE,0.758893,999,53843.140000,9578038415,22070,49,0
NODE,0.758893,999,54013.610000,9379906515,22078,120,0
NODE,0.758893,999,54063.050000,9764755798,22069,48,0
NODE,0.758893,999,54518.740000,10418269857,22146,185,0
NODE,0.758893,999,54578.060000,10196382358,22067,47,0
NODE,0.758893,999,55023.780000,10008102399,22149,190,0
NODE,0.758893,999,55197.900000,10128434688,22106,70,0
NODE,0.758893,999,55408.690000,9557546498,22151,188,0
NODE,0.758893,999,55653.880000,10893057028,22176,109,0
NODE,0.758893,999,55804.140000,10727892006,22141,177,0
NODE,0.758893,999,56171.910000,10639013604,22165,206,0
NODE,0.758893,999,56442.860000,10781178090,22145,183,0
NODE,0.758893,999,57635.610000,10098673049,22155,196,0
NODE,0.758893,999,58198.590000,10746755386,22157,198,0
NODE,0.758893,999,60331.600000,10455319128,22154,197,0
NODE,0.758893,999,40993.760000,8266566674,22240,92,0
NODE,0.758893,999,40802.060000,7863268686,22242,234,0
NODE,0.758893,999,41741.010000,8079257218,22241,94,0
NODE,0.758893,999,44045.160000,8314044667,22239,231,0
NODE,0.758893,999,43864.410000,7847048667,22245,171,0
NODE,0.758893,999,44229.050000,8656955211,22246,88,0
NODE,0.758893,999,40821.740000,7689596957,22297,32,0
NODE,0.758893,999,45174.510000,7987870438,22244,230,0
NODE,0.758893,999,39888.400000,7505406367,22322,224,0
NODE,0.758893,999,43753.650000,8420684883,22252,65,0
NODE,0.758893,999,42529.770000,7815821558,22272,14,0
NODE,0.758893,999,43919.260000,9334146959,22251,97,0
NODE,0.758893,999,40745.230000,8144476775,22313,67,0
NODE,0.758893,999,43924.060000,8364633810,22254,108,0
NODE,0.758893,999,43360.430000,8318365269,22261,22,0
NODE,0.758893,999,42708.020000,8293086036,22284,43,0
NODE,0.758893,999,41217.360000,8229606993,22321,75,0
NODE,0.758893,999,42030.070000,7878137205,22300,29,0
NODE,0.758893,999,44492.530000,8148339073,22259,202,0
NODE,0.758893,999,42397.630000,7576352641,22302,71,0
NODE,0.758893,999,47418.530000,9296810075,22243,21,0
NODE,0.758893,999,45600.160000,8879717073,22256,95,0
NODE,0.758893,999,41597.430000,8338739899,22342,73,0
NODE,0.758893,999,46715.790000,9548641273,22250,78,0
NODE,0.758893,999,47198.800000,8987867202,22247,91,0
NODE,0.758893,999,47027.320000,9092781374,22248,17,0
NODE,0.758893,999,46361.300000,8989628149,22253,228,0
NODE,0.758893,999,45980.640000,8853816194,22262,126,0
NODE,0.758893,999,45835.430000,9412258175,22264,40,0
NODE,0.758893,999,46001.600000,9127181588,22263,26,0
NODE,0.758893,999,43371.560000,8905941564,22324,215,0
NODE,0.758893,999,42219.250000,7530103500,22366,191,0
NODE,0.758893,999,43616.550000,8314330432,22319,179,0
NODE,0.758893,999,43525.920000,8285630394,22325,76,0
NODE,0.758893,999,42776.480000,8127703156,22349,2,0
NODE,0.758893,999,45803.500000,8676792123,22273,86,0
NODE,0.758893,999,43806.970000,8709764624,22318,13,0
NODE,0.758893,999,46983.530000,9230713083,22258,113,0
NODE,0.758893,999,46839.350000,8628479324,22260,10,0
NODE,0.758893,999,44899.010000,8362633516,22299,149,0
NODE,0.758893,999,44024.510000,9055977656,22323,148,0
NODE,0.758893,999,44937.500000,8350666575,22298,226,0
NODE,0.758893,999,43518.640000,8265757246,22341,218,0
NODE,0.758893,999,46618.260000,10064846589,22268,204,0
NODE,0.758893,999,44425.970000,8271174719,22315,72,0
NODE,0.758893,999,48261.960000,9728783696,22249,28,0
NODE,0.758893,999,46631.200000,9374809578,22275,82,0
NODE,0.758893,999,45852.920000,9222173002,22292,147,0
NODE,0.758893,999,46417.240000,8986535990,22280,102,0
NODE,0.758893,999,44057.970000,8742016028,22340,90,0
NODE,0.758893,999,46639.540000,8919591510,22276,81,0
NODE,0.758893,999,45251.180000,8510995089,22309,12,0
NODE,0.758893,999,45045.970000,8656110719,22320,229,0
NODE,0.758893,999,46042.610000,8760560902,22296,238,0
NODE,0.758893,999,46778.320000,9334435723,22281,11,0
NODE,0.758893,999,43337.840000,7812184045,22372,64,0
NODE,0.758893,999,45940.680000,9175401526,22301,189,0
NODE,0.758893,999,46770.280000,9346459749,22287,35,0
NODE,0.758893,999,45681.780000,8755474730,22326,227,0
NODE,0.758893,999,46944.250000,9359260092,22295,38,0
NODE,0.758893,999,45417.800000,9159234628,22329,33,0
NODE,0.758893,999,45964.010000,9076458125,22317,7,0
NODE,0.758893,999,47106.480000,9890792043,22294,27,0
NODE,0.758893,999,45889.000000,9262207779,22331,36,0
NODE,0.758893,999,47133.910000,8848642258,22303,212,0
NODE,0.758893,999,48456.710000,9154222220,22274,9,0
NODE,0.758893,999,44205.840000,8569280446,22381,56,0
NODE,0.758893,999,46821.830000,9562420166,22311,103,0
NODE,0.758893,999,46817.440000,10223157571,22312,232,0
NODE,0.758893,999,45546.990000,8776622209,22356,68,0
NODE,0.758893,999,49987.180000,9427240623,22255,239,0
NODE,0.758893,999,45682.980000,9155021286,22352,125,0
NODE,0.758893,999,48077.200000,9508133230,22286,106,0
NODE,0.758893,999,49045.830000,9897121542,22270,93,0
NODE,0.758893,999,45822.940000,9596344159,22353,150,0
NODE,0.758893,999,48091.170000,9162744073,22291,223,0
NODE,0.758893,999,49213.460000,9853657741,22269,214,0
NODE,0.758893,999,48239.260000,10015397014,22288,18,0
NODE,0.758893,999,46825.780000,9251141893,22327,158,0
NODE,0.758893,999,45931.200000,8566285641,22361,89,0
NODE,0.758893,999,43814.510000,8131998214,22402,123,0
NODE,0.758893,999,46537.330000,8834626519,22338,145,0
NODE,0.758893,999,44835.700000,8490718681,22384,23,0
NODE,0.758893,999,49209.100000,9200088804,22278,45,0
NODE,0.758893,999,47687.030000,8792141686,22314,5,0
NODE,0.758893,999,49948.310000,9275746420,22266,233,0
NODE,0.758893,999,47032.300000,9364552111,22333,201,0
NODE,0.758893,999,46919.710000,9614471725,22346,152,0
NODE,0.758893,999,43751.780000,8616763906,22416,117,0
NODE,0.758893,999,49557.930000,9394199730,22279,105,0
NODE,0.758893,999,45848.950000,8444200925,22377,46,0
NODE,0.758893,999,41830.900000,7631695351,22449,195,0
NODE,0.758893,999,46112.340000,9185714394,22374,208,0
NODE,0.758893,999,49621.770000,9732720932,22282,104,0
NODE,0.758893,999,45433.250000,8962468658,22387,107,0
NODE,0.758893,999,50534.600000,9519317542,22267,30,0
NODE,0.758893,999,51342.690000,9711576601,22257,16,0
NODE,0.758893,999,49648.320000,9244975409,22283,79,0
NODE,0.758893,999,46497.930000,9077506275,22370,144,0
NODE,0.758893,999,46356.840000,8911842002,22373,41,0
NODE,0.758893,999,47676.140000,9842291500,22332,209,0
NODE,0.758893,999,49507.080000,10010711130,22289,235,0
NODE,0.758893,999,47269.190000,8990340748,22350,151,0
NODE,0.758893,999,48779.520000,8866449897,22308,237,0
NODE,0.758893,999,49474.580000,10015636174,22293,116,0
NODE,0.758893,999,47915.680000,9611216494,22330,162,0
NODE,0.758893,999,47778.280000,9492995125,22339,31,0
NODE,0.758893,999,50323.830000,10370798878,22277,176,0
NODE,0.758893,999,45691.890000,8915845301,22390,174,0
NODE,0.758893,999,49947.200000,10260588458,22285,34,0
NODE,0.758893,999,45430.390000,8537546505,22399,98,0
NODE,0.758893,999,45684.470000,8618919423,22391,165,0
NODE,0.758893,999,46134.660000,8556718109,22383,155,0
NODE,0.758893,999,47563.270000,9374955872,22354,127,0
NODE,0.758893,999,44759.900000,8120986060,22413,111,0
NODE,0.758893,999,42395.760000,8187695412,22453,1,0
NODE,0.758893,999,48426.720000,9941187756,22328,200,0
NODE,0.758893,999,48295.400000,10536779108,22334,160,0
NODE,0.758893,999,50135.050000,10318664568,22290,85,0
NODE,0.758893,999,46407.160000,8968124911,22385,15,0
NODE,0.758893,999,46042.280000,9239115452,22398,133,0
NODE,0.758893,999,49221.660000,9995882217,22316,131,0
NODE,0.758893,999,44652.420000,8415338553,22421,180,0
NODE,0.758893,999,46513.500000,9296334458,22388,77,0
NODE,0.758893,999,46792.710000,8699853786,22382,74,0
NODE,0.758893,999,48094.710000,9076718751,22359,154,0
NODE,0.758893,999,51665.800000,10231340025,22265,42,0
NODE,0.758893,999,46274.070000,8810370813,22394,3,0
NODE,0.758893,999,48044.900000,8721920057,22364,137,0
NODE,0.758893,999,48198.370000,9036669829,22357,178,0
NODE,0.758893,999,45738.070000,8919180594,22407,121,0
NODE,0.758893,999,48310.100000,9518553881,22355,143,0
NODE,0.758893,999,47261.600000,8498140063,22380,39,0
NODE,0.758893,999,48480.160000,8923546236,22358,50,0
NODE,0.758893,999,43335.450000,7708529986,22451,207,0
NODE,0.758893,999,48810.640000,9114604012,22345,25,0
NODE,0.758893,999,48442.090000,9691675617,22363,211,0
NODE,0.758893,999,45824.180000,9206225511,22412,221,0
NODE,0.758893,999,45845.710000,9517411406,22415,20,0
NODE,0.758893,999,52072.810000,9686468200,22271,118,0
NODE,0.758893,999,48016.040000,9065485252,22376,115,0
NODE,0.758893,999,48859.320000,9364702586,22362,66,0
NODE,0.758893,999,48608.020000,9042671423,22369,110,0
NODE,0.758893,999,45691.340000,8573736351,22420,134,0
NODE,0.758893,999,49788.650000,10220668489,22335,87,0
NODE,0.758893,999,49331.180000,9153146795,22365,175,0
NODE,0.758893,999,48082.020000,9338264060,22386,8,0
NODE,0.758893,999,46650.100000,9059808487,22414,172,0
NODE,0.758893,999,46195.510000,8820308202,22422,112,0
NODE,0.758893,999,46460.330000,8492986134,22419,60,0
NODE,0.758893,999,49036.830000,9207187739,22371,192,0
NODE,0.758893,999,46690.580000,9730934499,22417,55,0
NODE,0.758893,999,49602.170000,9706892251,22367,225,0
NODE,0.758893,999,48304.450000,8757008776,22389,153,0
NODE,0.758893,999,46919.440000,8524370372,22418,169,0
NODE,0.758893,999,45372.880000,8737642999,22444,128,0
NODE,0.758893,999,51855.770000,9748072323,22306,141,0
NODE,0.758893,999,50477.380000,9780503743,22344,205,0
NODE,0.758893,999,51703.470000,9868196543,22310,96,0
NODE,0.758893,999,50548.170000,10322806926,22343,203,0
NODE,0.758893,999,48221.140000,8958874152,22401,63,0
NODE,0.758893,999,46012.370000,9271156797,22436,139,0
NODE,0.758893,999,48418.770000,9594657392,22395,59,0
NODE,0.758893,999,52022.030000,9574222183,22307,114,0
NODE,0.758893,999,46841.040000,8917824408,22426,24,0
NODE,0.758893,999,46785.400000,8730098651,22430,164,0
NODE,0.758893,999,46322.900000,9267086694,22437,157,0
NODE,0.758893,999,51030.510000,10182293923,22348,142,0
NODE,0.758893,999,51247.960000,10019790712,22337,61,0
NODE,0.758893,999,48635.370000,9687098747,22403,163,0
NODE,0.758893,999,48331.620000,9270637292,22410,4,0
NODE,0.758893,999,47295.010000,9198233276,22423,236,0
NODE,0.758893,999,46824.680000,9236458450,22435,168,0
NODE,0.758893,999,50677.710000,10078056654,22368,140,0
NODE,0.758893,999,47724.680000,9493352370,22424,136,0
NODE,0.758893,999,46764.750000,9003406645,22442,53,0
NODE,0.758893,999,44121.950000,8058533846,22469,70,0
NODE,0.758893,999,53270.270000,10579655631,22305,37,0
NODE,0.758893,999,51639.730000,10446728654,22351,222,0
NODE,0.758893,999,46695.210000,9413024297,22446,182,0
NODE,0.758893,999,44072.830000,8279621328,22470,188,0
NODE,0.758893,999,50609.020000,10009309669,22378,217,0
NODE,0.758893,999,43112.250000,7744487138,22474,183,0
NODE,0.758893,999,47011.340000,8776939874,22445,184,0
NODE,0.758893,999,47861.230000,10142180448,22433,210,0
NODE,0.758893,999,52209.220000,10704236036,22347,220,0
NODE,0.758893,999,49953.610000,9807384425,22400,193,0
NODE,0.758893,999,46767.410000,9063462930,22452,167,0
NODE,0.758893,999,48442.260000,9914690522,22429,62,0
NODE,0.758893,999,47183.600000,9022219463,22450,156,0
NODE,0.758893,999,50576.660000,9564940323,22392,194,0
NODE,0.758893,999,46372.000000,9067921725,22465,48,0
NODE,0.758893,999,47150.950000,8741559669,22454,166,0
NODE,0.758893,999,51614.670000,9746758148,22379,19,0
NODE,0.758893,999,52622.390000,10847517272,22360,124,0
NODE,0.758893,999,49061.480000,9249601876,22425,44,0
NODE,0.758893,999,50003.250000,9394089569,22411,173,0
NODE,0.758893,999,48744.150000,10144119206,22432,159,0
NODE,0.758893,999,48367.010000,9865409921,22438,69,0
NODE,0.758893,999,46726.980000,8784727188,22464,120,0
NODE,0.758893,999,50442.630000,9792940659,22409,51,0
NODE,0.758893,999,48035.950000,9465345571,22448,135,0
NODE,0.758893,999,51019.500000,9971278577,22397,101,0
NODE,0.758893,999,47502.440000,8747998591,22456,100,0
NODE,0.758893,999,47424.620000,9584926517,22461,213,0
NODE,0.758893,999,51225.230000,10606345357,22393,83,0
NODE,0.758893,999,49416.020000,9416244800,22427,122,0
NODE,0.758893,999,45484.630000,8785293119,22471,109,0
NODE,0.758893,999,46765.630000,9046218706,22466,185,0
NODE,0.758893,999,47840.730000,9654441730,22459,181,0
NODE,0.758893,999,47856.710000,9338932503,22458,52,0
NODE,0.758893,999,48652.540000,9252399575,22447,161,0
NODE,0.758893,999,51827.490000,10717135670,22396,187,0
NODE,0.758893,999,45531.410000,8654470171,22473,206,0
NODE,0.758893,999,44077.680000,8380840878,22475,196,0
NODE,0.758893,999,49211.630000,10257558749,22443,6,0
NODE,0.758893,999,53205.810000,10799130472,22375,146,0
NODE,0.758893,999,51670.570000,9154826968,22406,99,0
NODE,0.758893,999,54656.900000,11973564029,22336,80,0
NODE,0.758893,999,48744.610000,9476356830,22457,186,0
NODE,0.758893,999,52106.460000,9552555332,22408,170,0
NODE,0.758893,999,50806.500000,9515177825,22431,129,0
NODE,0.758893,999,51034.910000,10329854866,22428,132,0
NODE,0.758893,999,52554.640000,10385392833,22404,84,0
NODE,0.758893,999,48248.790000,9360891377,22467,47,0
NODE,0.758893,999,50514.260000,9957745392,22441,130,0
NODE,0.758893,999,56900.810000,10604696787,22304,119,0
NODE,0.758893,999,49357.920000,9083429815,22462,199,0
NODE,0.758893,999,53201.810000,10378514751,22405,138,0
NODE,0.758893,999,50837.920000,9640730358,22455,216,0
NODE,0.758893,999,52422.340000,10455023234,22434,58,0
NODE,0.758893,999,52035.420000,9960861425,22439,219,0
NODE,0.758893,999,48818.800000,9697959233,22472,177,0
NODE,0.758893,999,52274.410000,9979599249,22440,57,0
NODE,0.758893,999,50934.070000,9193829020,22463,49,0
NODE,0.758893,999,44964.390000,8553236776,22477,197,0
NODE,0.758893,999,51852.190000,10676336894,22460,54,0
NODE,0.758893,999,50195.350000,10085859930,22476,198,0
NODE,0.758893,999,53554.940000,10462145306,22468,190,0
NODE,0.758893,999,42701.080000,8435022602,22481,231,0
NODE,0.758893,999,45652.820000,8744050309,22479,234,0
NODE,0.758893,999,49313.570000,9576634394,22478,92,0
NODE,0.758893,999,44365.590000,8375218912,22486,224,0
NODE,0.758893,999,44671.600000,8251647014,22485,230,0
NODE,0.758893,999,49177.210000,9341609771,22480,94,0
NODE,0.758893,999,43531.050000,8963658450,22497,71,0
NODE,0.758893,999,41990.560000,8097348003,22509,191,0
NODE,0.758893,999,45834.580000,8815454932,22489,97,0
NODE,0.758893,999,43569.570000,8652186534,22504,228,0
NODE,0.758893,999,43799.190000,8688764298,22503,17,0
NODE,0.758893,999,47983.830000,8526644824,22482,171,0
NODE,0.758893,999,46815.920000,9466954356,22487,65,0
NODE,0.758893,999,43868.360000,8678820329,22505,126,0
NODE,0.758893,999,44437.580000,8598637083,22515,113,0
NODE,0.758893,999,44851.450000,8937591595,22510,179,0
NODE,0.758893,999,47337.190000,8781474968,22496,202,0
NODE,0.758893,999,47708.220000,9247518041,22493,43,0
NODE,0.758893,999,45886.330000,9513713799,22507,26,0
NODE,0.758893,999,46069.630000,9114325397,22506,40,0
NODE,0.758893,999,49186.820000,9979704559,22488,14,0
NODE,0.758893,999,43018.250000,8233594885,22546,232,0
NODE,0.758893,999,49027.210000,9436882858,22492,22,0
NODE,0.758893,999,46866.190000,9161456837,22501,78,0
NODE,0.758893,999,49136.820000,9385288412,22491,108,0
NODE,0.758893,999,46538.170000,9539300738,22508,215,0
NODE,0.758893,999,44075.770000,8431563294,22540,27,0
NODE,0.758893,999,47774.230000,9057647209,22499,95,0
NODE,0.758893,999,49415.130000,10471738301,22494,75,0
NODE,0.758893,999,50966.820000,9090492039,22483,88,0
NODE,0.758893,999,44393.990000,8355133370,22550,106,0
NODE,0.758893,999,47461.510000,8570994756,22514,13,0
NODE,0.758893,999,45493.310000,8561652280,22539,7,0
NODE,0.758893,999,43007.160000,8502715466,22589,165,0
NODE,0.758893,999,47320.220000,8395540648,22523,28,0
NODE,0.758893,999,51835.520000,9387030426,22484,32,0
NODE,0.758893,999,45081.720000,7779288190,22555,18,0
NODE,0.758893,999,51538.170000,10444332454,22490,67,0
NODE,0.758893,999,48653.770000,9458862519,22511,76,0
NODE,0.758893,999,48196.120000,9232699863,22520,218,0
NODE,0.758893,999,47637.740000,9195013894,22530,229,0
NODE,0.758893,999,48574.180000,9724071682,22519,226,0
NODE,0.758893,999,46166.650000,8885535357,22545,103,0
NODE,0.758893,999,50668.480000,9600961895,22498,21,0
NODE,0.758893,999,47448.810000,9531560336,22535,35,0
NODE,0.758893,999,47703.800000,8864115754,22534,189,0
NODE,0.758893,999,48039.920000,9174013631,22531,238,0
NODE,0.758893,999,50859.910000,10157716724,22500,73,0
NODE,0.758893,999,46591.480000,8730459347,22547,68,0
NODE,0.758893,999,47424.780000,8953856914,22538,33,0
NODE,0.758893,999,45221.720000,8897560885,22574,16,0
NODE,0.758893,999,49483.210000,8803309533,22516,10,0
NODE,0.758893,999,44887.940000,8792310801,22585,176,0
NODE,0.758893,999,49293.930000,9358493974,22517,149,0
NODE,0.758893,999,44255.380000,8829475427,22598,133,0
NODE,0.758893,999,52091.860000,10517903781,22495,29,0
NODE,0.758893,999,50557.270000,9646662023,22502,91,0
NODE,0.758893,999,48665.850000,9613966114,22527,90,0
NODE,0.758893,999,44958.170000,8531824612,22584,31,0
NODE,0.758893,999,49717.450000,9574881053,22512,2,0
NODE,0.758893,999,49479.690000,9256686667,22518,148,0
NODE,0.758893,999,42885.840000,8256656595,22628,192,0
NODE,0.758893,999,45189.650000,8612924198,22590,155,0
NODE,0.758893,999,47415.530000,8668141485,22541,36,0
NODE,0.758893,999,47412.840000,8719884775,22543,9,0
NODE,0.758893,999,49357.710000,10128332571,22525,147,0
NODE,0.758893,999,46514.390000,9337318799,22563,233,0
NODE,0.758893,999,49830.770000,9859262104,22521,204,0
NODE,0.758893,999,44910.400000,8433995552,22600,180,0
NODE,0.758893,999,46304.150000,8913323359,22566,117,0
NODE,0.758893,999,43385.350000,8315206564,22626,112,0
NODE,0.758893,999,46311.350000,9429506603,22568,46,0
NODE,0.758893,999,45660.570000,8905242070,22591,127,0
NODE,0.758893,999,45363.770000,7948448272,22597,15,0
NODE,0.758893,999,47376.830000,9169490201,22554,214,0
NODE,0.758893,999,45914.830000,8812384142,22587,34,0
NODE,0.758893,999,48599.770000,9453441159,22536,227,0
NODE,0.758893,999,45222.830000,8479839706,22605,3,0
NODE,0.758893,999,50248.710000,9769938105,22522,72,0
NODE,0.758893,999,46823.950000,9028169204,22567,105,0
NODE,0.758893,999,50197.680000,10219756711,22524,82,0
NODE,0.758893,999,45326.340000,8603577225,22613,25,0
NODE,0.758893,999,48444.190000,9430384823,22544,56,0
NODE,0.758893,999,47007.280000,8794702860,22572,107,0
NODE,0.758893,999,50304.400000,9770877170,22532,11,0
NODE,0.758893,999,46243.960000,8539520617,22604,42,0
NODE,0.758893,999,45630.510000,9189450633,22616,20,0
NODE,0.758893,999,41041.000000,7788191743,22687,181,0
NODE,0.758893,999,51822.530000,9710265502,22513,86,0
NODE,0.758893,999,47538.450000,9250039747,22575,79,0
NODE,0.758893,999,44254.140000,9280676157,22640,59,0
NODE,0.758893,999,48851.560000,9043279475,22553,223,0
NODE,0.758893,999,48010.240000,10850382337,22565,152,0
NODE,0.758893,999,47079.680000,8940750046,22592,111,0
NODE,0.758893,999,47827.300000,9312025855,22570,208,0
NODE,0.758893,999,48977.660000,9073594480,22552,150,0
NODE,0.758893,999,44395.130000,9374802980,22641,114,0
NODE,0.758893,999,45941.710000,9692224126,22618,115,0
NODE,0.758893,999,46693.250000,9525400870,22609,143,0
NODE,0.758893,999,48143.800000,9610029438,22571,104,0
NODE,0.758893,999,47333.990000,8841198378,22595,160,0
NODE,0.758893,999,48085.530000,9210710216,22576,144,0
NODE,0.758893,999,46975.220000,9387893969,22606,137,0
NODE,0.758893,999,47830.440000,9305532490,22588,98,0
NODE,0.758893,999,46036.810000,8905357048,22622,87,0
NODE,0.758893,999,50573.400000,9790963370,22537,38,0
NODE,0.758893,999,41670.420000,7923532985,22690,187,0
NODE,0.758893,999,45381.210000,8870879369,22634,141,0
NODE,0.758893,999,46049.350000,9213916560,22623,175,0
NODE,0.758893,999,49084.590000,9828828223,22564,201,0
NODE,0.758893,999,45454.120000,9053510225,22635,205,0
NODE,0.758893,999,50302.510000,9401678554,22542,212,0
NODE,0.758893,999,45815.370000,9287159688,22630,225,0
NODE,0.758893,999,45088.190000,8976430049,22643,164,0
NODE,0.758893,999,44444.940000,8914425108,22652,136,0
NODE,0.758893,999,46809.650000,9660740632,22620,110,0
NODE,0.758893,999,45814.760000,9084354640,22633,128,0
NODE,0.758893,999,48728.950000,9347960655,22582,116,0
NODE,0.758893,999,47921.960000,9660472163,22602,74,0
NODE,0.758893,999,49670.360000,9742723455,22561,45,0
NODE,0.758893,999,47135.300000,9724026261,22619,66,0
NODE,0.758893,999,52085.320000,10383451035,22533,64,0
NODE,0.758893,999,49013.820000,10189926173,22580,151,0
NODE,0.758893,999,49098.110000,9568633587,22577,41,0
NODE,0.758893,999,50007.650000,9306095542,22560,23,0
NODE,0.758893,999,40593.770000,7521448007,22706,138,0
NODE,0.758893,999,50307.300000,9999576434,22559,145,0
NODE,0.758893,999,47834.500000,9394464852,22615,221,0
NODE,0.758893,999,41322.570000,8038909362,22705,199,0
NODE,0.758893,999,52832.860000,10314071300,22529,12,0
NODE,0.758893,999,47488.980000,9457354129,22621,134,0
NODE,0.758893,999,52974.200000,10310049490,22526,102,0
NODE,0.758893,999,49579.450000,9696650950,22578,209,0
NODE,0.758893,999,53075.890000,9896093453,22528,81,0
NODE,0.758893,999,48826.800000,9303790339,22599,131,0
NODE,0.758893,999,47364.310000,8828595181,22625,172,0
NODE,0.758893,999,48118.100000,9349744675,22617,118,0
NODE,0.758893,999,49529.330000,9280500960,22586,174,0
NODE,0.758893,999,43488.080000,9174808877,22688,52,0
NODE,0.758893,999,47208.840000,9199795627,22629,55,0
NODE,0.758893,999,51595.140000,10159878442,22551,93,0
NODE,0.758893,999,50576.000000,9773139482,22569,195,0
NODE,0.758893,999,45434.680000,9107841764,22665,167,0
NODE,0.758893,999,46574.680000,8889162017,22648,4,0
NODE,0.758893,999,51062.190000,9715049049,22562,5,0
NODE,0.758893,999,49810.710000,9566334037,22594,200,0
NODE,0.758893,999,50254.940000,9809440017,22583,162,0
NODE,0.758893,999,42448.700000,7841198576,22703,130,0
NODE,0.758893,999,49392.790000,9305495435,22608,121,0
NODE,0.758893,999,46775.680000,9448831920,22649,236,0
NODE,0.758893,999,50542.480000,9746236871,22581,237,0
NODE,0.758893,999,46234.320000,9114622581,22659,217,0
NODE,0.758893,999,50284.860000,9593889048,22593,1,0
NODE,0.758893,999,48429.700000,9399655540,22624,8,0
NODE,0.758893,999,48295.340000,9407839654,22627,60,0
NODE,0.758893,999,44193.130000,8988914232,22691,206,0
NODE,0.758893,999,43450.890000,8358390807,22698,170,0
NODE,0.758893,999,45437.990000,9610600633,22675,159,0
NODE,0.758893,999,47673.490000,9553012543,22642,24,0
NODE,0.758893,999,48172.520000,8939851467,22631,153,0
NODE,0.758893,999,50053.220000,9989785698,22601,77,0
NODE,0.758893,999,43134.460000,8255172128,22704,119,0
NODE,0.758893,999,50195.170000,9999129509,22607,178,0
NODE,0.758893,999,50066.470000,9861125769,22610,39,0
NODE,0.758893,999,44631.180000,8231486364,22692,196,0
NODE,0.758893,999,45356.370000,9555161198,22684,122,0
NODE,0.758893,999,47488.420000,9301551220,22651,140,0
NODE,0.758893,999,47893.010000,9087487095,22645,142,0
NODE,0.758893,999,45470.100000,8940387819,22685,109,0
NODE,0.758893,999,47331.660000,9243312285,22653,53,0
NODE,0.758893,999,47215.750000,9415038432,22657,182,0
NODE,0.758893,999,48005.600000,9354995539,22646,61,0
NODE,0.758893,999,45426.260000,9579315826,22686,185,0
NODE,0.758893,999,50320.570000,9922117112,22614,211,0
NODE,0.758893,999,44259.920000,8659377393,22699,129,0
NODE,0.758893,999,44869.890000,8826758748,22695,99,0
NODE,0.758893,999,50570.860000,10265582820,22612,207,0
NODE,0.758893,999,44240.120000,8799779304,22701,84,0
NODE,0.758893,999,47378.350000,9543302039,22662,210,0
NODE,0.758893,999,44488.890000,9244815691,22700,132,0
NODE,0.758893,999,53674.540000,10169130550,22548,239,0
NODE,0.758893,999,44307.970000,8644723876,22702,47,0
NODE,0.758893,999,48256.390000,8827397642,22650,168,0
NODE,0.758893,999,48598.790000,9133911484,22644,157,0
NODE,0.758893,999,51192.450000,9525877983,22603,154,0
NODE,0.758893,999,45202.810000,8828682736,22696,80,0
NODE,0.758893,999,47626.260000,8922383872,22661,184,0
NODE,0.758893,999,51079.040000,10854342583,22611,50,0
NODE,0.758893,999,43204.220000,7886092961,22707,216,0
NODE,0.758893,999,46584.640000,9482960521,22682,213,0
NODE,0.758893,999,51903.120000,9797270633,22596,85,0
NODE,0.758893,999,45422.870000,8662867085,22697,186,0
NODE,0.758893,999,53736.480000,10354162202,22558,123,0
NODE,0.758893,999,49516.020000,10653333745,22638,63,0
NODE,0.758893,999,49810.800000,9623523888,22632,169,0
NODE,0.758893,999,43174.690000,8440969341,22711,57,0
NODE,0.758893,999,53048.620000,10216089250,22573,30,0
NODE,0.758893,999,46969.500000,9016081110,22683,83,0
NODE,0.758893,999,49852.380000,10340744076,22637,203,0
NODE,0.758893,999,46232.540000,9066252374,22693,6,0
NODE,0.758893,999,46564.720000,9245762614,22689,161,0
NODE,0.758893,999,54301.430000,10291574749,22556,158,0
NODE,0.758893,999,50016.320000,10029054017,22636,96,0
NODE,0.758893,999,48372.530000,9843800669,22664,193,0
NODE,0.758893,999,47780.840000,9710195121,22671,19,0
NODE,0.758893,999,40059.850000,7952145564,22715,198,0
NODE,0.758893,999,49153.370000,9353450376,22654,70,0
NODE,0.758893,999,49084.240000,9340450117,22656,222,0
NODE,0.758893,999,49066.150000,9517398009,22658,188,0
NODE,0.758893,999,55061.900000,10727199138,22549,125,0
NODE,0.758893,999,43996.100000,8901819647,22712,49,0
NODE,0.758893,999,48522.820000,10335464504,22668,194,0
NODE,0.758893,999,43610.620000,9063921056,22713,197,0
NODE,0.758893,999,48980.560000,10281878008,22667,156,0
NODE,0.758893,999,49477.500000,9330420595,22663,220,0
NODE,0.758893,999,44694.050000,8770505725,22710,177,0
NODE,0.758893,999,43955.680000,8974171860,22714,54,0
NODE,0.758893,999,55639.700000,10337475601,22557,89,0
NODE,0.758893,999,49453.010000,10263023811,22666,62,0
NODE,0.758893,999,47800.490000,8939610345,22694,146,0
NODE,0.758893,999,51752.270000,10713505658,22639,139,0
NODE,0.758893,999,50067.970000,10103401727,22669,48,0
NODE,0.758893,999,55726.200000,11076906867,22579,235,0
NODE,0.758893,999,50452.520000,10142475872,22670,166,0
NODE,0.758893,999,52285.350000,10092721980,22647,163,0
NODE,0.758893,999,47001.230000,9151828437,22708,58,0
NODE,0.758893,999,51883.140000,9952516244,22660,183,0
NODE,0.758893,999,50945.800000,10577153656,22672,124,0
NODE,0.758893,999,51870.330000,10891593971,22673,44,0
NODE,0.758893,999,51957.400000,10880950527,22674,173,0
NODE,0.758893,999,53376.920000,10098006169,22655,37,0
NODE,0.758893,999,51998.290000,11576136710,22681,100,0
NODE,0.758893,999,52120.270000,10854641480,22680,101,0
NODE,0.758893,999,53522.240000,11335202366,22677,120,0
NODE,0.758893,999,45702.440000,9093042109,22716,190,0
NODE,0.758893,999,54174.610000,10742189630,22678,51,0
NODE,0.758893,999,51718.160000,9787580262,22709,219,0
NODE,0.758893,999,55496.980000,11482673768,22679,135,0
NODE,0.758893,999,55806.880000,11968099841,22676,69,0
NODE,0.758893,999,43520.970000,8392167589,22717,231,0
NODE,0.758893,999,43658.680000,8439378047,22718,234,0
