NODE,0.758893,999,38478.920000,7455602875,12168,87,0
NODE,0.758893,999,38621.430000,7611765142,12208,239,0
NODE,0.758893,999,38641.900000,6828899454,12205,236,0
NODE,0.758893,999,38854.500000,7591626809,12114,160,0
NODE,0.758893,999,39179.340000,7534919978,12178,100,0
NODE,0.758893,999,39258.260000,7776927908,12207,232,0
NODE,0.758893,999,39324.230000,6851445508,12228,231,0
NODE,0.758893,999,39461.190000,6838535993,12184,105,0
NODE,0.758893,999,39542.200000,7182485030,12204,114,0
NODE,0.758893,999,39571.110000,7877653082,12182,104,0
NODE,0.758893,999,39695.710000,8091966658,12126,169,0
NODE,0.758893,999,39733.940000,7670145894,12121,142,0
NODE,0.758893,999,39945.730000,7114508336,12203,228,0
NODE,0.758893,999,40047.340000,7773241162,12183,103,0
NODE,0.758893,999,40051.170000,7927613055,12173,91,0
NODE,0.758893,999,40161.200000,7393846266,12223,221,0
NODE,0.758893,999,40248.040000,7204506526,12231,237,0
NODE,0.758893,999,40332.600000,7275755834,12202,219,0
NODE,0.758893,999,40371.470000,7461731473,12209,94,0
NODE,0.758893,999,40400.760000,7348388701,12236,117,0
NODE,0.758893,999,40567.860000,6940828576,12226,223,0
NODE,0.758893,999,40658.190000,7546224253,12180,202,0
NODE,0.758893,999,40727.300000,7373429811,12115,76,0
NODE,0.758893,999,40739.290000,8055911171,12124,168,0
NODE,0.758893,999,40754.620000,8180769463,12176,97,0
NODE,0.758893,999,40896.410000,8078687529,12017,18,0
NODE,0.758893,999,40959.960000,8178103229,12122,143,0
NODE,0.758893,999,41005.670000,7793410202,12164,82,0
NODE,0.758893,999,41022.100000,8234987402,12172,92,0
NODE,0.758893,999,41114.830000,8248001498,12008,9,0
NODE,0.758893,999,41114.200000,7837599147,12152,193,0
NODE,0.758893,999,41198.050000,7526868324,12222,220,0
NODE,0.758893,999,41216.210000,7902422579,12171,90,0
NODE,0.758893,999,41259.540000,7095394045,12201,222,0
NODE,0.758893,999,41352.920000,8480146242,12119,141,0
NODE,0.758893,999,41349.580000,8394235802,12110,135,0
NODE,0.758893,999,41388.610000,7882746111,12206,230,0
NODE,0.758893,999,41397.560000,8004550863,12129,147,0
NODE,0.758893,999,41490.100000,7572880783,12103,199,0
NODE,0.758893,999,41635.860000,7960866758,12199,113,0
NODE,0.758893,999,41777.900000,7770919428,12224,224,0
NODE,0.758893,999,41797.370000,7695665892,12196,111,0
NODE,0.758893,999,41834.020000,8534268006,12113,75,0
NODE,0.758893,999,41902.230000,7260163078,12191,215,0
NODE,0.758893,999,41915.610000,9125178246,12141,153,0
NODE,0.758893,999,42132.680000,8210839261,12212,116,0
NODE,0.758893,999,42137.880000,8271171766,12136,152,0
NODE,0.758893,999,42155.220000,8923150145,12004,5,0
NODE,0.758893,999,42225.030000,8688302667,12117,140,0
NODE,0.758893,999,42240.270000,7979370015,12185,207,0
NODE,0.758893,999,42245.900000,7560971210,12192,110,0
NODE,0.758893,999,42291.590000,7875950542,12166,86,0
NODE,0.758893,999,42343.530000,7884214887,12163,84,0
NODE,0.758893,999,42353.640000,7607318932,12225,225,0
NODE,0.758893,999,42353.570000,7691532303,12186,106,0
NODE,0.758893,999,42358.770000,7809644588,12227,229,0
NODE,0.758893,999,42392.650000,7395795477,12229,235,0
NODE,0.758893,999,42415.720000,8175498838,12162,81,0
NODE,0.758893,999,42464.840000,8323264958,12233,115,0
NODE,0.758893,999,42544.430000,8997154604,12123,145,0
NODE,0.758893,999,42551.770000,7940958735,12151,190,0
NODE,0.758893,999,42558.940000,8560561434,12005,6,0
NODE,0.758893,999,42592.690000,8106549326,12167,85,0
NODE,0.758893,999,42723.440000,7937788646,12220,214,0
NODE,0.758893,999,42748.510000,8926512780,12082,123,0
NODE,0.758893,999,42788.530000,8288117121,12160,119,0
NODE,0.758893,999,42890.220000,8274762223,12035,37,0
NODE,0.758893,999,42945.430000,8239905087,12107,133,0
NODE,0.758893,999,42957.420000,9061736869,12137,180,0
NODE,0.758893,999,43010.850000,7960821454,12179,201,0
NODE,0.758893,999,43014.930000,8365031288,12188,108,0
NODE,0.758893,999,43020.800000,8432902515,12032,34,0
NODE,0.758893,999,43022.760000,8175678304,12237,118,0
NODE,0.758893,999,43022.370000,8266162752,12033,35,0
NODE,0.758893,999,43067.490000,8561948352,12104,71,0
NODE,0.758893,999,43120.430000,7768225323,12232,238,0
NODE,0.758893,999,43124.490000,8140403591,12187,107,0
NODE,0.758893,999,43221.210000,8755489753,12134,179,0
NODE,0.758893,999,43255.060000,8693077009,12078,172,0
NODE,0.758893,999,43269.320000,9048969914,12120,161,0
NODE,0.758893,999,43290.760000,7807762344,12048,47,0
NODE,0.758893,999,43393.440000,8545018452,12076,171,0
NODE,0.758893,999,43404.040000,8368532998,12210,101,0
NODE,0.758893,999,43416.350000,8160370373,12159,102,0
NODE,0.758893,999,43418.300000,8428852732,12216,211,0
NODE,0.758893,999,43468.900000,8330997989,12156,132,0
NODE,0.758893,999,43506.310000,8779605260,12007,8,0
NODE,0.758893,999,43512.310000,8304036053,12170,95,0
NODE,0.758893,999,43567.520000,8161930759,12234,226,0
NODE,0.758893,999,43575.290000,8799127174,12138,184,0
NODE,0.758893,999,43604.130000,7900704244,12195,217,0
NODE,0.758893,999,43614.760000,8396248206,12084,177,0
NODE,0.758893,999,43642.630000,8538901416,12214,204,0
NODE,0.758893,999,43690.130000,8462450454,12011,12,0
NODE,0.758893,999,43737.770000,8128295399,12039,79,0
NODE,0.758893,999,43753.560000,8912729950,12140,155,0
NODE,0.758893,999,43753.920000,7816206627,12116,77,0
NODE,0.758893,999,43764.100000,8245455948,12010,11,0
NODE,0.758893,999,43766.800000,9131141012,12081,124,0
NODE,0.758893,999,43809.870000,8732803897,12135,176,0
NODE,0.758893,999,43929.560000,9020357069,12106,73,0
NODE,0.758893,999,43933.390000,8531001915,12142,156,0
NODE,0.758893,999,43946.300000,8871778514,12189,210,0
NODE,0.758893,999,43977.120000,9034358053,12105,72,0
NODE,0.758893,999,44021.540000,8902227433,12109,136,0
NODE,0.758893,999,44032.390000,8909713774,12003,4,0
NODE,0.758893,999,44037.960000,8575512089,12101,131,0
NODE,0.758893,999,44051.830000,8783244446,12014,15,0
NODE,0.758893,999,44125.880000,9111212405,12093,67,0
NODE,0.758893,999,44154.850000,8575822896,12177,98,0
NODE,0.758893,999,44243.430000,8745927414,12049,49,0
NODE,0.758893,999,44245.780000,8728678594,12165,83,0
NODE,0.758893,999,44250.890000,8405079469,12218,208,0
NODE,0.758893,999,44258.000000,8887362435,12108,134,0
NODE,0.758893,999,44258.350000,8935130185,12150,192,0
NODE,0.758893,999,44286.590000,9204422569,12143,186,0
NODE,0.758893,999,44343.800000,8488923777,12100,69,0
NODE,0.758893,999,44349.020000,8973528573,12219,213,0
NODE,0.758893,999,44386.420000,7909249256,12200,218,0
NODE,0.758893,999,44422.100000,8711139475,12125,165,0
NODE,0.758893,999,44436.250000,7763473790,12198,227,0
NODE,0.758893,999,44440.900000,8274694223,12175,96,0
NODE,0.758893,999,44581.330000,8626129047,12036,38,0
NODE,0.758893,999,44647.170000,8918172098,12235,93,0
NODE,0.758893,999,44652.980000,8190411856,12148,189,0
NODE,0.758893,999,44653.020000,9794094379,12112,137,0
NODE,0.758893,999,44672.050000,9537979881,12095,183,0
NODE,0.758893,999,44803.570000,8843388223,12087,178,0
NODE,0.758893,999,44828.580000,8594761362,12026,28,0
NODE,0.758893,999,44843.740000,9189326998,12169,88,0
NODE,0.758893,999,44931.530000,9461159561,12102,198,0
NODE,0.758893,999,44944.800000,8379147377,12194,112,0
NODE,0.758893,999,44956.780000,9382397947,12128,148,0
NODE,0.758893,999,45057.900000,9785615427,12111,74,0
NODE,0.758893,999,45057.210000,7982936980,12197,109,0
NODE,0.758893,999,45149.060000,8823787476,12061,55,0
NODE,0.758893,999,45153.400000,8389218481,12042,42,0
NODE,0.758893,999,45184.220000,8481222188,12217,206,0
NODE,0.758893,999,45291.500000,8178714645,12230,234,0
NODE,0.758893,999,45295.650000,9460035309,12080,125,0
NODE,0.758893,999,45331.670000,8971013208,12213,200,0
NODE,0.758893,999,45338.490000,9498458304,12145,158,0
NODE,0.758893,999,45391.300000,9018344265,12132,149,0
NODE,0.758893,999,45459.600000,9201323436,12064,166,0
NODE,0.758893,999,45517.230000,9597425472,12174,89,0
NODE,0.758893,999,45554.920000,8762201001,12029,31,0
NODE,0.758893,999,45591.430000,9168715390,12038,25,0
NODE,0.758893,999,45590.570000,8492193545,12031,33,0
NODE,0.758893,999,45599.510000,8721758636,12221,209,0
NODE,0.758893,999,45667.380000,8749462131,12065,56,0
NODE,0.758893,999,45682.380000,8850347362,12089,126,0
NODE,0.758893,999,45728.940000,9626260970,12149,159,0
NODE,0.758893,999,45775.560000,8792265547,12147,157,0
NODE,0.758893,999,45806.020000,9010903488,12211,99,0
NODE,0.758893,999,45892.270000,8928080598,12021,22,0
NODE,0.758893,999,45916.270000,9729234587,12059,150,0
NODE,0.758893,999,45927.990000,8862220542,12028,30,0
NODE,0.758893,999,45950.060000,9808487218,12006,7,0
NODE,0.758893,999,45989.420000,9548857256,12090,66,0
NODE,0.758893,999,46003.560000,9233312021,12131,174,0
NODE,0.758893,999,46052.920000,9721909458,12094,129,0
NODE,0.758893,999,46061.830000,8944737017,12161,80,0
NODE,0.758893,999,46197.540000,8766138277,12118,164,0
NODE,0.758893,999,46267.610000,8990597426,12086,65,0
NODE,0.758893,999,46336.300000,9964599723,12015,16,0
NODE,0.758893,999,46372.100000,9434916542,12133,78,0
NODE,0.758893,999,46581.720000,8800856952,12009,10,0
NODE,0.758893,999,46775.870000,8393822270,12058,54,0
NODE,0.758893,999,46795.070000,9691773211,12130,146,0
NODE,0.758893,999,46815.840000,10212960412,12088,182,0
NODE,0.758893,999,46863.110000,9421726048,12002,3,0
NODE,0.758893,999,46867.800000,9195836663,12030,32,0
NODE,0.758893,999,46911.730000,9379210106,12085,64,0
NODE,0.758893,999,46920.000000,9392443775,12127,173,0
NODE,0.758893,999,46935.160000,9453801984,12091,127,0
NODE,0.758893,999,46957.850000,9079095776,12069,167,0
NODE,0.758893,999,46978.630000,8949619795,12099,185,0
NODE,0.758893,999,47014.680000,9900539396,12001,2,0
NODE,0.758893,999,47074.970000,8707507805,12037,39,0
NODE,0.758893,999,47096.750000,9393484146,12098,70,0
NODE,0.758893,999,47126.960000,9008168656,12154,195,0
NODE,0.758893,999,47142.110000,8275223784,12054,138,0
NODE,0.758893,999,47332.490000,8480590083,12190,212,0
NODE,0.758893,999,47333.980000,9155159903,12013,14,0
NODE,0.758893,999,47380.630000,9364796160,12144,187,0
NODE,0.758893,999,47431.760000,9195554826,12153,194,0
NODE,0.758893,999,47508.660000,9257716036,12083,63,0
NODE,0.758893,999,47554.740000,8888023563,12044,44,0
NODE,0.758893,999,47574.700000,9868687932,12040,40,0
NODE,0.758893,999,47627.650000,9203171996,12012,13,0
NODE,0.758893,999,47715.820000,9783889503,12146,188,0
NODE,0.758893,999,47738.500000,9691576304,12034,36,0
NODE,0.758893,999,47745.100000,9950905776,12075,122,0
NODE,0.758893,999,47780.970000,9071774122,12073,61,0
NODE,0.758893,999,47972.220000,9334350072,12181,205,0
NODE,0.758893,999,48049.430000,9776389801,12063,163,0
NODE,0.758893,999,48074.580000,9613661263,12074,120,0
NODE,0.758893,999,48247.080000,9418779956,12056,139,0
NODE,0.758893,999,48381.220000,10377924851,12139,154,0
NODE,0.758893,999,48438.370000,9535052246,12025,27,0
NODE,0.758893,999,48439.730000,9156195818,12016,17,0
NODE,0.758893,999,48548.030000,9778509740,12092,68,0
NODE,0.758893,999,48598.270000,9098895229,12157,181,0
NODE,0.758893,999,48601.690000,9446674381,12047,48,0
NODE,0.758893,999,48643.290000,10370900389,12062,144,0
NODE,0.758893,999,48685.100000,9584453200,12050,50,0
NODE,0.758893,999,48683.970000,8594348389,12193,216,0
NODE,0.758893,999,48699.730000,9383344481,12023,24,0
NODE,0.758893,999,48788.840000,8507368170,12057,53,0
NODE,0.758893,999,48840.830000,10571031851,12079,175,0
NODE,0.758893,999,48911.380000,9497782233,12077,62,0
NODE,0.758893,999,48979.040000,9886819474,12051,121,0
NODE,0.758893,999,48985.120000,9786009647,12096,191,0
NODE,0.758893,999,49075.210000,9695094486,12060,162,0
NODE,0.758893,999,49170.370000,10603717663,12068,151,0
NODE,0.758893,999,49262.510000,10100950142,12019,20,0
NODE,0.758893,999,49276.720000,9403920707,12053,128,0
NODE,0.758893,999,49511.750000,9184252427,12018,19,0
NODE,0.758893,999,49519.280000,8909583536,12238,233,0
NODE,0.758893,999,49647.670000,10371596295,12215,203,0
NODE,0.758893,999,49762.810000,9959071881,12020,21,0
NODE,0.758893,999,49969.440000,9099282624,12055,52,0
NODE,0.758893,999,49997.320000,9475042539,12155,196,0
NODE,0.758893,999,50152.230000,9890089815,12027,29,0
NODE,0.758893,999,50183.680000,10616021057,12045,45,0
NODE,0.758893,999,50338.850000,10616059085,12067,58,0
NODE,0.758893,999,50349.540000,9911822030,12066,57,0
NODE,0.758893,999,50388.420000,10911526358,12070,170,0
NODE,0.758893,999,50423.780000,10457286049,12000,1,0
NODE,0.758893,999,50497.130000,10775435015,12022,23,0
NODE,0.758893,999,50783.300000,9827350433,12052,51,0
NODE,0.758893,999,51064.740000,10115569006,12041,41,0
NODE,0.758893,999,51696.520000,10219170684,12158,197,0
NODE,0.758893,999,51818.300000,10800522201,12097,130,0
NODE,0.758893,999,51935.570000,10974727630,12043,43,0
NODE,0.758893,999,51942.170000,10511000865,12046,46,0
NODE,0.758893,999,52029.920000,10898409503,12024,26,0
NODE,0.758893,999,53359.890000,10941450714,12071,59,0
NODE,0.758893,999,54005.060000,10910583454,12072,60,0
NODE,0.758893,999,38724.940000,7132621119,12258,117,0
NODE,0.758893,999,41062.940000,7626252224,12244,232,0
NODE,0.758893,999,41064.460000,8402553704,12253,91,0
NODE,0.758893,999,40610.160000,7946914696,12264,18,0
NODE,0.758893,999,39707.550000,8077033666,12283,153,0
NODE,0.758893,999,41355.170000,7837323475,12257,94,0
NODE,0.758893,999,41676.730000,7691877735,12254,221,0
NODE,0.758893,999,39352.710000,7149415915,12301,85,0
NODE,0.758893,999,43499.400000,8391684526,12239,87,0
NODE,0.758893,999,39867.590000,7877289665,12285,152,0
NODE,0.758893,999,39864.940000,7864078440,12290,86,0
NODE,0.758893,999,42160.810000,7621900370,12252,103,0
NODE,0.758893,999,42664.310000,7998601229,12248,104,0
NODE,0.758893,999,43108.200000,7693860525,12247,114,0
NODE,0.758893,999,39826.820000,7857348240,12307,180,0
NODE,0.758893,999,40689.730000,7135957779,12286,5,0
NODE,0.758893,999,43430.480000,8252870932,12250,142,0
NODE,0.758893,999,44665.100000,7632202683,12240,239,0
NODE,0.758893,999,42338.520000,8749905711,12266,82,0
NODE,0.758893,999,39618.390000,7467290768,12336,11,0
NODE,0.758893,999,42355.310000,8011146449,12268,9,0
NODE,0.758893,999,44017.790000,7505440686,12246,105,0
NODE,0.758893,999,41264.880000,8709572808,12289,110,0
NODE,0.758893,999,42936.720000,8153735968,12260,202,0
NODE,0.758893,999,42638.440000,8619786322,12265,143,0
NODE,0.758893,999,40469.370000,7885209042,12316,179,0
NODE,0.758893,999,44924.040000,8007985814,12242,160,0
NODE,0.758893,999,43117.340000,8388584139,12263,97,0
NODE,0.758893,999,39000.710000,7573484113,12369,198,0
NODE,0.758893,999,41843.610000,8657621769,12288,207,0
NODE,0.758893,999,41836.510000,7872744100,12292,225,0
NODE,0.758893,999,42382.540000,7569741168,12281,75,0
NODE,0.758893,999,41762.930000,8404205215,12297,115,0
NODE,0.758893,999,43270.210000,8566013865,12267,92,0
NODE,0.758893,999,41547.670000,7914255351,12305,37,0
NODE,0.758893,999,44242.910000,8117207129,12255,237,0
NODE,0.758893,999,40279.600000,7163169097,12352,134,0
NODE,0.758893,999,38708.220000,7222193650,12395,30,0
NODE,0.758893,999,45632.170000,8559207924,12243,100,0
NODE,0.758893,999,41867.250000,7924884502,12306,133,0
NODE,0.758893,999,41261.350000,7753617602,12330,177,0
NODE,0.758893,999,40810.370000,7801563672,12353,192,0
NODE,0.758893,999,42759.430000,8705143243,12293,106,0
NODE,0.758893,999,44396.810000,8268626143,12261,76,0
NODE,0.758893,999,41911.310000,7709878046,12321,101,0
NODE,0.758893,999,44956.560000,7894723697,12259,223,0
NODE,0.758893,999,42510.880000,7879036680,12310,34,0
NODE,0.758893,999,42301.550000,8144394097,12317,172,0
NODE,0.758893,999,41850.080000,7665049118,12333,79,0
NODE,0.758893,999,43308.890000,9675290456,12291,84,0
NODE,0.758893,999,45780.940000,8841178533,12251,228,0
NODE,0.758893,999,41987.160000,8423776309,12334,155,0
NODE,0.758893,999,42626.700000,8663243119,12314,238,0
NODE,0.758893,999,43276.020000,8073587805,12298,145,0
NODE,0.758893,999,44104.720000,8301334274,12279,224,0
NODE,0.758893,999,42234.450000,7459553825,12338,176,0
NODE,0.758893,999,43091.320000,8379470327,12312,35,0
NODE,0.758893,999,42581.380000,8609420539,12328,184,0
NODE,0.758893,999,45057.340000,8793239316,12269,193,0
NODE,0.758893,999,42031.850000,7290966833,12349,49,0
NODE,0.758893,999,45064.240000,8779905129,12271,90,0
NODE,0.758893,999,43037.290000,8249245696,12318,161,0
NODE,0.758893,999,40358.440000,7447145507,12397,66,0
NODE,0.758893,999,42728.080000,8388059117,12332,12,0
NODE,0.758893,999,45713.840000,8678120583,12262,168,0
NODE,0.758893,999,44277.980000,8848582420,12287,140,0
NODE,0.758893,999,42744.740000,8322417254,12337,124,0
NODE,0.758893,999,44194.710000,8419987721,12295,235,0
NODE,0.758893,999,45203.650000,7957159882,12275,230,0
NODE,0.758893,999,43887.640000,8450392132,12303,123,0
NODE,0.758893,999,38156.050000,7591383401,12440,68,0
NODE,0.758893,999,42848.010000,8724034576,12340,156,0
NODE,0.758893,999,44434.490000,9110732170,12294,229,0
NODE,0.758893,999,43832.690000,8610989844,12309,108,0
NODE,0.758893,999,40520.590000,7933340795,12403,16,0
NODE,0.758893,999,43525.440000,7751998711,12323,211,0
NODE,0.758893,999,42282.120000,7995233621,12366,178,0
NODE,0.758893,999,42672.110000,8295543044,12359,227,0
NODE,0.758893,999,43106.040000,7834454092,12346,15,0
NODE,0.758893,999,43833.680000,9466296255,12326,95,0
NODE,0.758893,999,40446.090000,7858112795,12412,173,0
NODE,0.758893,999,48095.400000,8684743250,12245,231,0
NODE,0.758893,999,46214.150000,8854780248,12272,222,0
NODE,0.758893,999,46130.120000,8891294844,12274,135,0
NODE,0.758893,999,43848.660000,8154821368,12331,204,0
NODE,0.758893,999,48855.790000,8874656460,12241,236,0
NODE,0.758893,999,41556.910000,8095046685,12396,7,0
NODE,0.758893,999,43908.450000,7858860068,12329,217,0
NODE,0.758893,999,46231.560000,9066400862,12276,147,0
NODE,0.758893,999,43604.770000,8439913482,12345,131,0
NODE,0.758893,999,43637.890000,8145956092,12343,136,0
NODE,0.758893,999,41891.330000,8408549064,12391,157,0
NODE,0.758893,999,45238.130000,9026891337,12299,190,0
NODE,0.758893,999,43461.740000,8309619135,12357,218,0
NODE,0.758893,999,42581.770000,8745821869,12380,158,0
NODE,0.758893,999,41590.370000,7855424832,12404,78,0
NODE,0.758893,999,42092.620000,8418006914,12394,150,0
NODE,0.758893,999,44969.810000,8290652788,12313,71,0
NODE,0.758893,999,45491.610000,9554100624,12300,6,0
NODE,0.758893,999,46384.500000,8964739201,12280,111,0
NODE,0.758893,999,45178.700000,8123315563,12308,201,0
NODE,0.758893,999,46718.350000,8915370168,12277,199,0
NODE,0.758893,999,48052.610000,9296185487,12256,219,0
NODE,0.758893,999,44007.690000,7834289397,12358,165,0
NODE,0.758893,999,45689.000000,9859516988,12304,119,0
NODE,0.758893,999,44632.180000,8623445047,12342,72,0
NODE,0.758893,999,46502.570000,9425772583,12284,116,0
NODE,0.758893,999,47053.930000,9309913460,12278,113,0
NODE,0.758893,999,45416.090000,8214280393,12319,47,0
NODE,0.758893,999,41220.560000,8018946339,12426,44,0
NODE,0.758893,999,44554.820000,7915799780,12351,208,0
NODE,0.758893,999,44885.620000,8146960134,12339,73,0
NODE,0.758893,999,41520.750000,8134840176,12422,14,0
NODE,0.758893,999,44932.570000,8433639555,12341,210,0
NODE,0.758893,999,41810.770000,8597146465,12417,39,0
NODE,0.758893,999,45277.220000,8058195546,12335,77,0
NODE,0.758893,999,42880.700000,7670699299,12401,164,0
NODE,0.758893,999,45743.510000,8663218556,12322,102,0
NODE,0.758893,999,45777.770000,8421837688,12320,171,0
NODE,0.758893,999,40520.240000,7654198914,12445,216,0
NODE,0.758893,999,43657.040000,8670880455,12385,25,0
NODE,0.758893,999,46525.030000,9071354073,12302,214,0
NODE,0.758893,999,49586.590000,8960603113,12249,169,0
NODE,0.758893,999,43238.190000,8161112869,12399,129,0
NODE,0.758893,999,45143.150000,8320413110,12350,83,0
NODE,0.758893,999,46385.550000,9111261562,12311,118,0
NODE,0.758893,999,44509.190000,9003982084,12371,148,0
NODE,0.758893,999,44440.830000,8387300385,12375,42,0
NODE,0.758893,999,44946.950000,8285445018,12363,189,0
NODE,0.758893,999,48407.210000,9355148733,12270,220,0
NODE,0.758893,999,41611.080000,8051950924,12435,120,0
NODE,0.758893,999,42372.500000,8056519386,12423,187,0
NODE,0.758893,999,47619.860000,9542443199,12296,81,0
NODE,0.758893,999,45105.680000,8822777385,12370,112,0
NODE,0.758893,999,46558.160000,9421915292,12325,8,0
NODE,0.758893,999,43094.240000,8309979177,12416,2,0
NODE,0.758893,999,48799.560000,9315132986,12273,141,0
NODE,0.758893,999,44595.380000,8936006168,12387,209,0
NODE,0.758893,999,45679.180000,9073507330,12361,38,0
NODE,0.758893,999,44824.110000,8980235410,12382,166,0
NODE,0.758893,999,44064.050000,7930206503,12402,65,0
NODE,0.758893,999,43904.070000,8237202268,12405,10,0
NODE,0.758893,999,44500.710000,8303343587,12398,174,0
NODE,0.758893,999,43703.180000,8289737329,12413,127,0
NODE,0.758893,999,43220.330000,7998687830,12424,194,0
NODE,0.758893,999,43972.340000,9041179278,12407,146,0
NODE,0.758893,999,45982.250000,9381099999,12367,28,0
NODE,0.758893,999,46379.260000,8841729496,12360,96,0
NODE,0.758893,999,46042.730000,9452216681,12368,88,0
NODE,0.758893,999,46617.720000,9062300662,12354,186,0
NODE,0.758893,999,47520.380000,8897705395,12324,132,0
NODE,0.758893,999,44191.920000,8607296143,12408,182,0
NODE,0.758893,999,42594.220000,8299133663,12439,17,0
NODE,0.758893,999,46422.330000,8701022875,12362,93,0
NODE,0.758893,999,47955.350000,9223830944,12315,107,0
NODE,0.758893,999,44130.520000,8835209723,12415,185,0
NODE,0.758893,999,46913.400000,8757399433,12356,213,0
NODE,0.758893,999,43540.000000,9210634755,12431,122,0
NODE,0.758893,999,42615.210000,8742765318,12446,24,0
NODE,0.758893,999,45707.940000,9027052097,12388,56,0
NODE,0.758893,999,42830.040000,7701403675,12443,144,0
NODE,0.758893,999,45925.600000,9574565756,12384,31,0
NODE,0.758893,999,49665.620000,9510067041,12282,215,0
NODE,0.758893,999,43948.040000,8951124389,12429,188,0
NODE,0.758893,999,43289.000000,8234871758,12437,154,0
NODE,0.758893,999,46622.330000,9499092956,12372,74,0
NODE,0.758893,999,44178.880000,8193448151,12425,63,0
NODE,0.758893,999,46141.940000,9513438093,12386,33,0
NODE,0.758893,999,47646.580000,9060107119,12348,98,0
NODE,0.758893,999,42988.780000,8909546093,12448,175,0
NODE,0.758893,999,43094.750000,7820998076,12447,53,0
NODE,0.758893,999,46259.870000,9494016625,12389,126,0
NODE,0.758893,999,45920.850000,9124231197,12400,80,0
NODE,0.758893,999,47647.310000,9557142626,12355,69,0
NODE,0.758893,999,46749.310000,9308309022,12381,149,0
NODE,0.758893,999,45105.100000,8282073569,12420,138,0
NODE,0.758893,999,42147.610000,8838511114,12462,29,0
NODE,0.758893,999,48768.900000,9085213407,12327,226,0
NODE,0.758893,999,44366.870000,8620051125,12433,205,0
NODE,0.758893,999,48271.080000,8545220162,12347,67,0
NODE,0.758893,999,41721.070000,8459142784,12469,51,0
NODE,0.758893,999,45210.270000,7989640443,12421,212,0
NODE,0.758893,999,42793.960000,8718082520,12459,21,0
NODE,0.758893,999,44825.720000,7901285736,12432,61,0
NODE,0.758893,999,45180.230000,8492775788,12427,40,0
NODE,0.758893,999,44799.760000,8583064433,12434,163,0
NODE,0.758893,999,46004.800000,9122586474,12414,167,0
NODE,0.758893,999,47200.110000,9246168833,12392,99,0
NODE,0.758893,999,47744.740000,9217139436,12377,234,0
NODE,0.758893,999,44495.530000,8354513742,12441,181,0
NODE,0.758893,999,45408.200000,8678442146,12430,36,0
NODE,0.758893,999,44630.730000,7874147418,12442,48,0
NODE,0.758893,999,48193.130000,9221671019,12374,55,0
NODE,0.758893,999,48680.790000,9001914990,12365,183,0
NODE,0.758893,999,48112.970000,9594854066,12379,200,0
NODE,0.758893,999,43404.940000,7776968866,12463,45,0
NODE,0.758893,999,48559.230000,9446025035,12373,109,0
NODE,0.758893,999,49606.540000,10314952566,12344,4,0
NODE,0.758893,999,48479.030000,8934005460,12376,206,0
NODE,0.758893,999,49076.410000,9354858534,12364,137,0
NODE,0.758893,999,46883.660000,10171175752,12409,3,0
NODE,0.758893,999,48064.830000,9800713675,12390,159,0
NODE,0.758893,999,46206.590000,10069094477,12428,13,0
NODE,0.758893,999,44409.120000,9674340322,12456,19,0
NODE,0.758893,999,46844.530000,9812846417,12418,70,0
NODE,0.758893,999,48087.850000,9813722560,12393,22,0
NODE,0.758893,999,44912.490000,9275780977,12453,151,0
NODE,0.758893,999,47192.610000,9196244042,12411,64,0
NODE,0.758893,999,45441.400000,8065836295,12444,50,0
NODE,0.758893,999,45413.690000,9290788640,12451,191,0
NODE,0.758893,999,47334.120000,9253810691,12419,195,0
NODE,0.758893,999,45291.060000,9308190294,12455,128,0
NODE,0.758893,999,46357.160000,9163438871,12436,139,0
NODE,0.758893,999,49323.040000,10557710974,12378,125,0
NODE,0.758893,999,44197.460000,9204037723,12468,23,0
NODE,0.758893,999,44768.580000,8866172868,12461,196,0
NODE,0.758893,999,49289.850000,9717209260,12383,89,0
NODE,0.758893,999,45856.650000,9335413758,12450,121,0
NODE,0.758893,999,48374.150000,9919659564,12406,54,0
NODE,0.758893,999,46912.490000,9263391806,12438,27,0
NODE,0.758893,999,48548.240000,10195090084,12410,32,0
NODE,0.758893,999,46466.720000,9709524262,12454,20,0
NODE,0.758893,999,45392.330000,9428710156,12467,1,0
NODE,0.758893,999,47538.900000,9763424686,12449,62,0
NODE,0.758893,999,46108.140000,9451622481,12466,170,0
NODE,0.758893,999,47625.400000,9666367886,12452,162,0
NODE,0.758893,999,46589.690000,9131073426,12464,58,0
NODE,0.758893,999,45005.830000,8882016634,12475,26,0
NODE,0.758893,999,44189.140000,8575820945,12476,59,0
NODE,0.758893,999,46605.860000,9108939526,12470,41,0
NODE,0.758893,999,48090.650000,9611432340,12458,203,0
NODE,0.758893,999,48522.260000,10372971325,12457,233,0
NODE,0.758893,999,47422.980000,10080388723,12471,197,0
NODE,0.758893,999,49628.130000,9510058613,12465,57,0
NODE,0.758893,999,50119.790000,10029490129,12460,52,0
NODE,0.758893,999,49378.340000,10349240284,12472,130,0
NODE,0.758893,999,50389.010000,10683435812,12473,43,0
NODE,0.758893,999,51772.560000,9756258203,12474,46,0
NODE,0.758893,999,52461.680000,10199691407,12477,60,0
NODE,0.758893,999,39900.480000,7113253436,12518,177,0
NODE,0.758893,999,42333.470000,7828678290,12511,92,0
NODE,0.758893,999,42777.990000,7673947355,12505,97,0
NODE,0.758893,999,44754.590000,9081791959,12490,104,0
NODE,0.758893,999,44905.120000,8784213315,12488,86,0
NODE,0.758893,999,45222.490000,9330919409,12484,221,0
NODE,0.758893,999,44139.240000,7961346913,12504,160,0
NODE,0.758893,999,46220.760000,9624926324,12483,94,0
NODE,0.758893,999,38827.620000,6820692709,12595,102,0
NODE,0.758893,999,43897.030000,8877280216,12510,115,0
NODE,0.758893,999,46326.930000,9492388483,12485,85,0
NODE,0.758893,999,45488.840000,8436724747,12493,5,0
NODE,0.758893,999,44978.020000,8832095741,12497,11,0
NODE,0.758893,999,47171.250000,10151562338,12482,153,0
NODE,0.758893,999,49703.190000,9563820018,12478,117,0
NODE,0.758893,999,45330.430000,9015320767,12500,110,0
NODE,0.758893,999,45222.560000,8026495360,12503,179,0
NODE,0.758893,999,45057.080000,8559515194,12506,198,0
NODE,0.758893,999,43930.730000,8243398518,12520,106,0
NODE,0.758893,999,47613.140000,9864446022,12481,18,0
NODE,0.758893,999,41910.650000,7942556436,12559,231,0
NODE,0.758893,999,45764.980000,8209228031,12502,143,0
NODE,0.758893,999,44712.750000,8186646324,12516,100,0
NODE,0.758893,999,43325.970000,8011604928,12537,49,0
NODE,0.758893,999,45662.810000,8641331197,12508,225,0
NODE,0.758893,999,45777.600000,8139831878,12507,207,0
NODE,0.758893,999,45387.780000,8428678919,12513,237,0
NODE,0.758893,999,46478.490000,9262462313,12499,105,0
NODE,0.758893,999,39984.350000,7573118687,12611,112,0
NODE,0.758893,999,40755.510000,7537112408,12600,169,0
NODE,0.758893,999,45437.970000,8630441626,12517,133,0
NODE,0.758893,999,43796.880000,8340186457,12542,168,0
NODE,0.758893,999,48387.600000,10229531777,12486,87,0
NODE,0.758893,999,40215.630000,7246607776,12618,65,0
NODE,0.758893,999,37911.050000,7094264681,12662,40,0
NODE,0.758893,999,41227.950000,7399369443,12607,220,0
NODE,0.758893,999,44587.040000,7977251803,12538,90,0
NODE,0.758893,999,44152.230000,8660778234,12552,16,0
NODE,0.758893,999,40821.280000,8297500574,12616,38,0
NODE,0.758893,999,44985.220000,9181816140,12535,184,0
NODE,0.758893,999,44919.500000,8644942252,12540,66,0
NODE,0.758893,999,47833.390000,9704298448,12498,9,0
NODE,0.758893,999,45813.770000,8949309192,12524,34,0
NODE,0.758893,999,42283.960000,8098219184,12594,164,0
NODE,0.758893,999,47794.300000,8994002155,12501,202,0
NODE,0.758893,999,46183.020000,8506969076,12522,101,0
NODE,0.758893,999,44161.440000,8846765270,12558,173,0
NODE,0.758893,999,46489.010000,7943623265,12519,192,0
NODE,0.758893,999,47235.520000,9350360640,12512,37,0
NODE,0.758893,999,41665.540000,7529378542,12612,8,0
NODE,0.758893,999,50798.330000,10303750869,12480,91,0
NODE,0.758893,999,42523.590000,8597389618,12603,118,0
NODE,0.758893,999,42721.940000,7792712088,12598,25,0
NODE,0.758893,999,46997.580000,8848226208,12521,76,0
NODE,0.758893,999,47618.600000,9101760848,12515,30,0
NODE,0.758893,999,42698.340000,7861334262,12605,42,0
NODE,0.758893,999,46005.270000,8454041517,12541,12,0
NODE,0.758893,999,45676.710000,8280077043,12550,229,0
NODE,0.758893,999,45960.590000,8505547144,12543,140,0
NODE,0.758893,999,50519.240000,10662040101,12487,152,0
NODE,0.758893,999,49412.600000,10150318255,12494,142,0
NODE,0.758893,999,50432.590000,10011126231,12489,103,0
NODE,0.758893,999,52327.750000,9871970545,12479,232,0
NODE,0.758893,999,46559.180000,9122755747,12534,35,0
NODE,0.758893,999,43266.910000,7832014702,12604,148,0
NODE,0.758893,999,46608.120000,9115462568,12536,193,0
NODE,0.758893,999,48574.750000,9047787408,12509,75,0
NODE,0.758893,999,39985.050000,7141337215,12663,163,0
NODE,0.758893,999,49592.390000,10046671499,12495,239,0
NODE,0.758893,999,43636.020000,8462673605,12601,129,0
NODE,0.758893,999,50278.020000,9543200972,12492,180,0
NODE,0.758893,999,47318.680000,9007915222,12529,155,0
NODE,0.758893,999,45161.880000,9588229143,12572,158,0
NODE,0.758893,999,43877.660000,7950865705,12599,214,0
NODE,0.758893,999,43735.360000,8520883392,12606,189,0
NODE,0.758893,999,44014.270000,8035581848,12602,83,0
NODE,0.758893,999,47110.790000,9121535672,12539,161,0
NODE,0.758893,999,39328.300000,7666175900,12685,64,0
NODE,0.758893,999,46394.220000,9316095407,12554,178,0
NODE,0.758893,999,46725.200000,8672960574,12551,108,0
NODE,0.758893,999,43531.630000,8400611664,12614,141,0
NODE,0.758893,999,43223.710000,8387137890,12620,174,0
NODE,0.758893,999,40601.270000,7206843802,12668,36,0
NODE,0.758893,999,44554.310000,8172671751,12597,216,0
NODE,0.758893,999,44740.320000,7833878650,12593,77,0
NODE,0.758893,999,42798.980000,8701064584,12628,132,0
NODE,0.758893,999,43706.650000,9016734305,12613,2,0
NODE,0.758893,999,48207.290000,9141060352,12530,238,0
NODE,0.758893,999,45799.620000,8735828737,12577,111,0
NODE,0.758893,999,42368.090000,7899837475,12641,188,0
NODE,0.758893,999,43274.060000,7959900971,12623,146,0
NODE,0.758893,999,42418.930000,8089063519,12642,154,0
NODE,0.758893,999,42355.370000,8454315260,12646,98,0
NODE,0.758893,999,42184.560000,8330467610,12650,80,0
NODE,0.758893,999,49745.300000,9903650058,12514,134,0
NODE,0.758893,999,43818.890000,8275206445,12619,10,0
NODE,0.758893,999,43725.740000,8481524090,12622,194,0
NODE,0.758893,999,51054.750000,10902543845,12496,82,0
NODE,0.758893,999,44347.470000,8192148643,12615,209,0
NODE,0.758893,999,47395.600000,9483617394,12556,15,0
NODE,0.758893,999,45413.240000,7904914586,12596,171,0
NODE,0.758893,999,51979.690000,10892175759,12491,114,0
NODE,0.758893,999,48066.880000,10248819342,12547,123,0
NODE,0.758893,999,41746.420000,7790960600,12664,167,0
NODE,0.758893,999,46040.720000,8828286214,12588,208,0
NODE,0.758893,999,40844.120000,7782573842,12684,151,0
NODE,0.758893,999,47594.420000,9886436573,12557,95,0
NODE,0.758893,999,49497.230000,9275019285,12523,223,0
NODE,0.758893,999,47979.430000,9299444281,12555,227,0
NODE,0.758893,999,40413.170000,7346171066,12692,23,0
NODE,0.758893,999,47464.400000,9204358499,12569,157,0
NODE,0.758893,999,44256.050000,8722039217,12626,88,0
NODE,0.758893,999,44887.540000,8301644254,12617,166,0
NODE,0.758893,999,43607.230000,8520340484,12640,215,0
NODE,0.758893,999,46417.330000,8740178592,12589,73,0
NODE,0.758893,999,42994.610000,8434672192,12653,138,0
NODE,0.758893,999,49810.870000,9560876118,12525,172,0
NODE,0.758893,999,40976.140000,8220380702,12687,191,0
NODE,0.758893,999,46649.350000,8784702704,12587,44,0
NODE,0.758893,999,49850.220000,9338400311,12526,79,0
NODE,0.758893,999,48953.560000,9595406234,12544,124,0
NODE,0.758893,999,44021.890000,8566609945,12639,31,0
NODE,0.758893,999,46640.810000,8322373671,12591,210,0
NODE,0.758893,999,49484.550000,10651736849,12533,176,0
NODE,0.758893,999,39903.490000,7831414541,12700,1,0
NODE,0.758893,999,42661.200000,8095780373,12667,181,0
NODE,0.758893,999,41335.850000,8336848101,12688,195,0
NODE,0.758893,999,43993.240000,8644833633,12647,175,0
NODE,0.758893,999,43282.770000,8070950510,12660,21,0
NODE,0.758893,999,48920.730000,9308326284,12553,211,0
NODE,0.758893,999,48223.420000,9135789558,12567,131,0
NODE,0.758893,999,43929.630000,8190828938,12651,69,0
NODE,0.758893,999,42348.040000,8177614214,12675,4,0
NODE,0.758893,999,47819.130000,8484425567,12579,199,0
NODE,0.758893,999,46291.460000,8714888392,12609,187,0
NODE,0.758893,999,48087.780000,9423452212,12573,78,0
NODE,0.758893,999,45313.630000,8750547910,12625,96,0
NODE,0.758893,999,50479.870000,9378202959,12527,84,0
NODE,0.758893,999,47461.700000,8358827816,12586,47,0
NODE,0.758893,999,44242.950000,8860915119,12649,126,0
NODE,0.758893,999,41678.830000,7899589148,12691,125,0
NODE,0.758893,999,49607.250000,9220394509,12548,68,0
NODE,0.758893,999,41750.920000,7782817240,12690,139,0
NODE,0.758893,999,44111.850000,8441381385,12656,205,0
NODE,0.758893,999,50769.920000,9750723732,12528,228,0
NODE,0.758893,999,49726.420000,10060747808,12549,156,0
NODE,0.758893,999,45778.520000,9025497344,12624,28,0
NODE,0.758893,999,46949.090000,9126021980,12608,120,0
NODE,0.758893,999,41867.720000,7829019204,12694,89,0
NODE,0.758893,999,42194.370000,8106820178,12689,128,0
NODE,0.758893,999,43157.730000,8683184572,12674,109,0
NODE,0.758893,999,43760.220000,8286296865,12666,234,0
NODE,0.758893,999,42677.160000,8711157099,12686,50,0
NODE,0.758893,999,49413.060000,10112073172,12561,135,0
NODE,0.758893,999,43601.170000,8451283065,12670,55,0
NODE,0.758893,999,45682.340000,8115240811,12634,213,0
NODE,0.758893,999,42130.280000,8002622804,12695,121,0
NODE,0.758893,999,48586.520000,9246293966,12581,165,0
NODE,0.758893,999,45389.560000,9116085699,12644,63,0
NODE,0.758893,999,49635.200000,9823457786,12560,222,0
NODE,0.758893,999,48261.780000,8640628168,12592,39,0
NODE,0.758893,999,50579.150000,9463581515,12546,230,0
NODE,0.758893,999,49230.190000,9945093567,12574,150,0
NODE,0.758893,999,44110.730000,7739235171,12669,48,0
NODE,0.758893,999,45313.680000,8999315043,12652,149,0
NODE,0.758893,999,46542.650000,9054856838,12630,17,0
NODE,0.758893,999,45276.990000,8637796788,12655,226,0
NODE,0.758893,999,43841.330000,8695987097,12680,13,0
NODE,0.758893,999,46606.260000,9268788469,12632,107,0
NODE,0.758893,999,49040.610000,9846511536,12585,113,0
NODE,0.758893,999,50267.680000,10182551125,12565,217,0
NODE,0.758893,999,42387.730000,8003305434,12698,32,0
NODE,0.758893,999,44025.800000,8056187983,12679,159,0
NODE,0.758893,999,49487.570000,9220769038,12580,219,0
NODE,0.758893,999,45400.790000,8821238362,12659,212,0
NODE,0.758893,999,44205.200000,8673501668,12678,3,0
NODE,0.758893,999,50191.370000,9871349253,12570,190,0
NODE,0.758893,999,46947.640000,8504817144,12631,93,0
NODE,0.758893,999,50400.650000,10185213191,12566,147,0
NODE,0.758893,999,44422.130000,8400996168,12677,137,0
NODE,0.758893,999,50117.720000,9817717799,12576,6,0
NODE,0.758893,999,50562.830000,9874322979,12568,136,0
NODE,0.758893,999,44669.310000,8287648156,12673,45,0
NODE,0.758893,999,47514.340000,9481096933,12629,182,0
NODE,0.758893,999,42139.660000,7079721192,12701,62,0
NODE,0.758893,999,52881.330000,10406581406,12531,145,0
NODE,0.758893,999,50059.280000,10305707897,12590,14,0
NODE,0.758893,999,46629.550000,9814737271,12654,29,0
NODE,0.758893,999,51503.160000,10945960411,12564,7,0
NODE,0.758893,999,48416.240000,9678843503,12621,127,0
NODE,0.758893,999,46479.670000,8549390957,12661,61,0
NODE,0.758893,999,44329.170000,8093450558,12693,196,0
NODE,0.758893,999,47841.580000,9071419897,12637,56,0
NODE,0.758893,999,51387.520000,10343480683,12571,218,0
NODE,0.758893,999,45316.880000,9939016320,12681,19,0
NODE,0.758893,999,45578.190000,7962000076,12676,206,0
NODE,0.758893,999,49212.680000,9150057819,12610,81,0
NODE,0.758893,999,51085.700000,10488558757,12578,201,0
NODE,0.758893,999,47394.390000,9074897512,12648,53,0
NODE,0.758893,999,51801.740000,10690669867,12563,236,0
NODE,0.758893,999,51835.920000,10328505743,12562,204,0
NODE,0.758893,999,52781.020000,10548577177,12545,235,0
NODE,0.758893,999,46367.430000,8694518076,12665,99,0
NODE,0.758893,999,45533.800000,9086502019,12683,22,0
NODE,0.758893,999,43170.890000,8224695522,12702,170,0
NODE,0.758893,999,46368.650000,9032775631,12671,183,0
NODE,0.758893,999,49019.870000,9399114827,12627,186,0
NODE,0.758893,999,44954.240000,7418136125,12696,54,0
NODE,0.758893,999,48822.270000,9520776851,12636,24,0
NODE,0.758893,999,49077.850000,9409075304,12635,122,0
NODE,0.758893,999,46514.400000,8576656741,12682,70,0
NODE,0.758893,999,49366.780000,8619429824,12633,185,0
NODE,0.758893,999,48836.330000,10512842844,12645,33,0
NODE,0.758893,999,43613.170000,8252367530,12705,26,0
NODE,0.758893,999,39552.310000,8357999121,12713,130,0
NODE,0.758893,999,52144.420000,9606826704,12584,116,0
NODE,0.758893,999,47661.350000,9477528316,12672,200,0
NODE,0.758893,999,48812.040000,9423020775,12658,51,0
NODE,0.758893,999,49921.630000,9901167799,12643,74,0
NODE,0.758893,999,49361.960000,9761093229,12657,67,0
NODE,0.758893,999,53403.550000,10598110571,12582,119,0
NODE,0.758893,999,45323.250000,7926108730,12703,162,0
NODE,0.758893,999,45994.900000,8937134362,12704,58,0
NODE,0.758893,999,47616.130000,8555713942,12697,27,0
NODE,0.758893,999,45374.240000,8408885014,12707,41,0
NODE,0.758893,999,55408.840000,10717533724,12575,71,0
NODE,0.758893,999,47952.170000,9058315044,12699,20,0
NODE,0.758893,999,43833.620000,8264791765,12711,57,0
NODE,0.758893,999,58315.350000,12023050847,12532,224,0
NODE,0.758893,999,55689.370000,11161260055,12583,72,0
NODE,0.758893,999,46890.600000,8700223357,12709,233,0
NODE,0.758893,999,53875.240000,11038500429,12638,144,0
NODE,0.758893,999,48193.180000,9062441991,12706,59,0
NODE,0.758893,999,45678.600000,8449033515,12712,52,0
NODE,0.758893,999,45123.870000,8490966967,12714,43,0
NODE,0.758893,999,49793.480000,9170039135,12708,203,0
NODE,0.758893,999,49573.300000,9925690357,12710,197,0
NODE,0.758893,999,45580.340000,8871701013,12716,60,0
NODE,0.758893,999,49120.850000,9696872039,12715,46,0
NODE,0.758893,999,40802.880000,7923726795,12718,92,0
NODE,0.758893,999,42054.790000,7994230547,12719,97,0
NODE,0.758893,999,44579.700000,7968238681,12717,177,0
NODE,0.758893,999,42325.960000,8284551156,12724,94,0
NODE,0.758893,999,38450.920000,7453236597,12769,25,0
NODE,0.758893,999,43560.420000,8563631022,12721,86,0
NODE,0.758893,999,41879.260000,7606416093,12736,18,0
NODE,0.758893,999,42158.730000,8037525511,12734,198,0
NODE,0.758893,999,43031.100000,8470395014,12729,11,0
NODE,0.758893,999,43498.530000,8750222345,12725,102,0
NODE,0.758893,999,43626.400000,8403595255,12727,85,0
NODE,0.758893,999,40300.760000,7843989548,12766,8,0
NODE,0.758893,999,45164.020000,9376822500,12720,104,0
