NODE,0.758893,999,39908.040000,7558168759,6069,67,0
NODE,0.758893,999,40013.310000,7155681926,6062,74,0
NODE,0.758893,999,40428.650000,6736830220,6059,77,0
NODE,0.758893,999,40675.660000,7926346387,6048,60,0
NODE,0.758893,999,41406.630000,8716700943,6052,47,0
NODE,0.758893,999,41431.300000,7697260998,6045,45,0
NODE,0.758893,999,41470.420000,7198203928,6064,75,0
NODE,0.758893,999,41577.650000,7601353653,6060,62,0
NODE,0.758893,999,41860.870000,7984437284,6073,56,0
NODE,0.758893,999,40185.470000,7155681926,6062,65,0
NODE,0.758893,999,40250.350000,7558168759,6069,67,0
NODE,0.758893,999,40462.230000,6736830220,6059,61,0
NODE,0.758893,999,40485.010000,7926346387,6048,48,0
NODE,0.758893,999,41524.060000,8716700943,6052,53,0
NODE,0.758893,999,41663.470000,7697260998,6045,42,0
NODE,0.758893,999,41790.610000,7198203928,6064,60,0
NODE,0.758893,999,41796.690000,7984437284,6073,73,0
NODE,0.758893,999,41822.110000,7601353653,6060,66,0
NODE,0.758893,999,42086.340000,8020156836,6046,44,0
NODE,0.758893,999,42525.920000,8871067141,6051,50,0
NODE,0.758893,999,42588.400000,8599578771,6000,1,0
NODE,0.758893,999,42847.270000,8584625106,6054,54,0
NODE,0.758893,999,42987.490000,8300085088,6038,18,0
NODE,0.758893,999,43021.550000,7740373095,6063,70,0
NODE,0.758893,999,43369.460000,8481189609,6049,46,0
NODE,0.758893,999,43374.700000,8551999748,6039,43,0
NODE,0.758893,999,43402.880000,7933257104,6058,59,0
NODE,0.758893,999,43697.670000,7972360053,6066,69,0
NODE,0.758893,999,43808.510000,7966337790,6036,39,0
NODE,0.758893,999,43957.890000,9164552330,6053,52,0
NODE,0.758893,999,44077.580000,8066235365,6057,56,0
NODE,0.758893,999,44303.870000,8990525308,6056,55,0
NODE,0.758893,999,44448.490000,8270796662,6030,33,0
NODE,0.758893,999,44574.920000,9063370758,6002,3,0
NODE,0.758893,999,44612.870000,9093081781,6075,76,0
NODE,0.758893,999,44642.220000,8373033403,6041,57,0
NODE,0.758893,999,44668.560000,9048267540,6050,47,0
NODE,0.758893,999,45007.940000,8654666405,6003,4,0
NODE,0.758893,999,45079.960000,8165539678,6065,64,0
NODE,0.758893,999,45290.320000,9305486069,6043,41,0
NODE,0.758893,999,45337.160000,8808099382,6001,2,0
NODE,0.758893,999,45457.370000,8222437298,6017,20,0
NODE,0.758893,999,45478.510000,8443106926,6031,34,0
NODE,0.758893,999,45559.200000,8270006279,6025,28,0
NODE,0.758893,999,45621.200000,8417696662,6071,72,0
NODE,0.758893,999,45631.550000,8694705823,6026,29,0
NODE,0.758893,999,45856.070000,8448786370,6067,68,0
NODE,0.758893,999,46120.440000,9242982832,6055,51,0
NODE,0.758893,999,46196.120000,9271286232,6037,6,0
NODE,0.758893,999,46270.120000,8906920617,6006,8,0
NODE,0.758893,999,46384.800000,8962171969,6076,79,0
NODE,0.758893,999,46405.290000,8647067833,6027,30,0
NODE,0.758893,999,46425.050000,8729429669,6004,5,0
NODE,0.758893,999,46456.630000,8834787905,6032,35,0
NODE,0.758893,999,46462.260000,8438728450,6034,37,0
NODE,0.758893,999,46747.040000,8902565830,6007,9,0
NODE,0.758893,999,46757.220000,9048033693,6029,32,0
NODE,0.758893,999,46848.140000,8653532734,6061,62,0
NODE,0.758893,999,47016.690000,9127676873,6068,71,0
NODE,0.758893,999,47067.200000,8485246930,6019,22,0
NODE,0.758893,999,47138.080000,9596376478,6028,31,0
NODE,0.758893,999,47162.940000,10110560763,6044,40,0
NODE,0.758893,999,47701.610000,9144678270,6023,26,0
NODE,0.758893,999,47928.480000,9168138605,6042,63,0
NODE,0.758893,999,47939.340000,9157654644,6015,17,0
NODE,0.758893,999,48054.060000,9959721332,6022,25,0
NODE,0.758893,999,48195.020000,10202610181,6072,75,0
NODE,0.758893,999,48284.830000,8851269251,6035,38,0
NODE,0.758893,999,48415.980000,10399069429,6040,49,0
NODE,0.758893,999,48417.510000,10397993357,6077,78,0
NODE,0.758893,999,48452.870000,9751842966,6078,58,0
NODE,0.758893,999,48529.210000,8636588553,6013,15,0
NODE,0.758893,999,48607.340000,8950058702,6024,27,0
NODE,0.758893,999,48762.460000,9416505925,6009,11,0
NODE,0.758893,999,48865.640000,9056170857,6018,21,0
NODE,0.758893,999,48903.950000,8678820101,6011,13,0
NODE,0.758893,999,48937.880000,9883714607,6047,45,0
NODE,0.758893,999,48934.640000,9938616072,6005,7,0
NODE,0.758893,999,49060.170000,9207891340,6010,12,0
NODE,0.758893,999,49136.930000,9347322512,6020,23,0
NODE,0.758893,999,49165.380000,10125089697,6074,77,0
NODE,0.758893,999,49317.860000,9649663666,6016,19,0
NODE,0.758893,999,49573.060000,10100008269,6070,74,0
NODE,0.758893,999,51367.650000,9772807034,6021,24,0
NODE,0.758893,999,51570.550000,9785224847,6012,14,0
NODE,0.758893,999,51758.670000,10642679507,6033,36,0
NODE,0.758893,999,51815.570000,9739922666,6014,16,0
NODE,0.758893,999,52394.240000,10253965774,6008,10,0
NODE,0.758893,999,41586.110000,8018667154,6084,42,0
NODE,0.758893,999,43150.110000,9135240302,6080,67,0
NODE,0.758893,999,43279.950000,9440484539,6081,61,0
NODE,0.758893,999,38345.470000,7570407384,6111,20,0
NODE,0.758893,999,36831.890000,6515757789,6130,31,0
NODE,0.758893,999,44013.560000,8951268591,6082,48,0
NODE,0.758893,999,42919.990000,7861486430,6085,60,0
NODE,0.758893,999,40645.280000,7411884165,6106,47,0
NODE,0.758893,999,43905.090000,8484507603,6083,53,0
NODE,0.758893,999,41535.390000,8808284727,6102,33,0
NODE,0.758893,999,44648.440000,8989815094,6087,66,0
NODE,0.758893,999,42249.930000,8266754878,6103,3,0
NODE,0.758893,999,44253.570000,8582642107,6090,1,0
NODE,0.758893,999,44011.550000,9185178316,6092,18,0
NODE,0.758893,999,44182.350000,8967627600,6091,54,0
NODE,0.758893,999,45661.770000,8950022441,6086,73,0
NODE,0.758893,999,41248.030000,8504418695,6120,79,0
NODE,0.758893,999,43701.940000,9263323602,6100,56,0
NODE,0.758893,999,44424.720000,9124532993,6095,43,0
NODE,0.758893,999,47664.160000,9401837381,6079,65,0
NODE,0.758893,999,43039.170000,9025173530,6107,4,0
NODE,0.758893,999,42838.320000,9037902102,6113,28,0
NODE,0.758893,999,43470.040000,8695288012,6110,2,0
NODE,0.758893,999,44570.840000,9223425647,6101,55,0
NODE,0.758893,999,46436.540000,8967074928,6089,50,0
NODE,0.758893,999,43477.840000,8020011977,6115,29,0
NODE,0.758893,999,40921.720000,7351712070,6136,75,0
NODE,0.758893,999,42705.770000,8526485850,6122,5,0
NODE,0.758893,999,39675.270000,7612653353,6152,74,0
NODE,0.758893,999,47235.470000,10199311390,6088,44,0
NODE,0.758893,999,45969.870000,9533511917,6094,46,0
NODE,0.758893,999,44824.540000,9620202501,6104,76,0
NODE,0.758893,999,42347.440000,8430036460,6131,40,0
NODE,0.758893,999,41727.590000,8457816090,6135,25,0
NODE,0.758893,999,43327.280000,9062263309,6123,35,0
NODE,0.758893,999,43056.910000,8520996620,6126,32,0
NODE,0.758893,999,41188.320000,7911611973,6143,11,0
NODE,0.758893,999,45442.070000,9049886907,6105,57,0
NODE,0.758893,999,46277.430000,9393483119,6098,39,0
NODE,0.758893,999,44292.500000,9054367564,6116,68,0
NODE,0.758893,999,43399.860000,8015711145,6127,62,0
NODE,0.758893,999,44786.510000,8639766086,6112,34,0
NODE,0.758893,999,44290.270000,9332619080,6118,6,0
NODE,0.758893,999,43487.270000,8693968227,6128,71,0
NODE,0.758893,999,44364.010000,9415812289,6119,8,0
NODE,0.758893,999,46954.610000,9586011032,6099,52,0
NODE,0.758893,999,46011.820000,9343572525,6108,64,0
NODE,0.758893,999,44774.580000,9681234423,6124,37,0
NODE,0.758893,999,45124.600000,8681856197,6117,51,0
NODE,0.758893,999,45690.430000,8620530137,6114,72,0
NODE,0.758893,999,44831.070000,8058098071,6129,22,0
NODE,0.758893,999,48647.610000,9866551479,6096,59,0
NODE,0.758893,999,45321.110000,9480542060,6125,9,0
NODE,0.758893,999,49164.610000,10451450910,6093,70,0
NODE,0.758893,999,47015.570000,9751036662,6109,41,0
NODE,0.758893,999,43474.660000,8604317411,6146,45,0
NODE,0.758893,999,44020.240000,8875153062,6140,58,0
NODE,0.758893,999,45263.520000,8610262359,6132,26,0
NODE,0.758893,999,44438.630000,8906833339,6144,21,0
NODE,0.758893,999,49845.390000,9701641982,6097,69,0
NODE,0.758893,999,41992.750000,8472079891,6154,14,0
NODE,0.758893,999,45158.380000,8926497281,6139,78,0
NODE,0.758893,999,45152.930000,8999940129,6145,13,0
NODE,0.758893,999,45853.900000,8926319784,6137,38,0
NODE,0.758893,999,46268.800000,8285065670,6133,63,0
NODE,0.758893,999,45710.530000,8627308740,6141,15,0
NODE,0.758893,999,45638.830000,8724899660,6142,27,0
NODE,0.758893,999,46593.110000,9321900220,6138,49,0
NODE,0.758893,999,46030.780000,8875083456,6151,19,0
NODE,0.758893,999,46239.630000,9333504914,6150,77,0
NODE,0.758893,999,43924.380000,8919391199,6155,36,0
NODE,0.758893,999,48121.030000,9809148273,6134,17,0
NODE,0.758893,999,47484.210000,9844034244,6147,7,0
NODE,0.758893,999,47447.810000,9639137992,6149,23,0
NODE,0.758893,999,50368.100000,10802741249,6121,30,0
NODE,0.758893,999,45737.960000,9347899259,6153,24,0
NODE,0.758893,999,48246.820000,9234482995,6148,12,0
NODE,0.758893,999,46367.950000,9815442901,6157,10,0
NODE,0.758893,999,49923.670000,9827359857,6156,16,0
NODE,0.758893,999,42274.120000,8270986054,6158,42,0
NODE,0.758893,999,42118.750000,8329133188,6161,20,0
NODE,0.758893,999,39942.780000,7942480761,6168,66,0
NODE,0.758893,999,43079.150000,9035407464,6160,61,0
NODE,0.758893,999,43885.630000,8828232674,6159,67,0
NODE,0.758893,999,42462.920000,8512386260,6166,53,0
NODE,0.758893,999,44917.690000,9126540758,6162,31,0
NODE,0.758893,999,44013.360000,9085881814,6165,47,0
NODE,0.758893,999,38336.660000,7608102132,6211,70,0
NODE,0.758893,999,45190.240000,8803300258,6167,33,0
NODE,0.758893,999,44456.300000,8601064065,6169,3,0
NODE,0.758893,999,41944.070000,7769906828,6191,25,0
NODE,0.758893,999,41668.130000,8420669290,6197,68,0
NODE,0.758893,999,44459.410000,8751216844,6175,56,0
NODE,0.758893,999,43412.170000,9128662198,6183,29,0
NODE,0.758893,999,45855.640000,9394332346,6171,18,0
NODE,0.758893,999,48642.650000,9794301556,6163,48,0
NODE,0.758893,999,44200.220000,9796544226,6182,50,0
NODE,0.758893,999,49151.920000,9819033429,6164,60,0
NODE,0.758893,999,45317.740000,9021485343,6181,55,0
NODE,0.758893,999,44729.420000,9119372509,6190,40,0
NODE,0.758893,999,46895.900000,9433647036,6173,73,0
NODE,0.758893,999,47613.020000,10435510405,6170,1,0
NODE,0.758893,999,47065.970000,9258017292,6174,79,0
NODE,0.758893,999,47715.230000,9607244818,6172,54,0
NODE,0.758893,999,43837.610000,8685488460,6203,52,0
NODE,0.758893,999,46964.050000,9545500430,6176,43,0
NODE,0.758893,999,44988.890000,8505035980,6196,39,0
NODE,0.758893,999,43031.780000,9011186310,6210,9,0
NODE,0.758893,999,44645.910000,9778538681,6200,6,0
NODE,0.758893,999,46455.020000,10284339341,6184,75,0
NODE,0.758893,999,43368.660000,9249778345,6212,41,0
NODE,0.758893,999,45485.170000,9211170977,6198,62,0
NODE,0.758893,999,45990.400000,8859568241,6192,35,0
NODE,0.758893,999,45514.090000,9622664439,6199,34,0
NODE,0.758893,999,45204.110000,9467144107,6202,8,0
NODE,0.758893,999,45837.530000,9003755248,6195,57,0
NODE,0.758893,999,47711.260000,9643167913,6179,28,0
NODE,0.758893,999,46566.750000,9422363929,6193,32,0
NODE,0.758893,999,45187.200000,9740682181,6205,37,0
NODE,0.758893,999,44569.710000,8832638171,6209,59,0
NODE,0.758893,999,47309.680000,8842306835,6188,46,0
NODE,0.758893,999,47257.380000,9241115999,6189,76,0
NODE,0.758893,999,47497.890000,9648819895,6187,44,0
NODE,0.758893,999,47619.260000,9479147243,6186,74,0
NODE,0.758893,999,49514.150000,10551026820,6177,65,0
NODE,0.758893,999,43831.220000,9616411671,6218,14,0
NODE,0.758893,999,49744.940000,10948367305,6178,4,0
NODE,0.758893,999,48308.750000,10051592774,6194,11,0
NODE,0.758893,999,49774.740000,10367799428,6180,2,0
NODE,0.758893,999,44534.140000,9655458031,6224,27,0
NODE,0.758893,999,46327.130000,9412337625,6214,58,0
NODE,0.758893,999,48671.030000,10618611690,6201,71,0
NODE,0.758893,999,48377.800000,9677383319,6204,64,0
NODE,0.758893,999,45767.150000,9013203199,6220,13,0
NODE,0.758893,999,45702.260000,8710438496,6221,38,0
NODE,0.758893,999,46813.720000,9467014029,6216,21,0
NODE,0.758893,999,48946.620000,10632550301,6206,51,0
NODE,0.758893,999,48998.270000,10617898183,6207,72,0
NODE,0.758893,999,43334.090000,8626932414,6233,24,0
NODE,0.758893,999,43685.140000,8796563330,6232,30,0
NODE,0.758893,999,51367.450000,10351815366,6185,5,0
NODE,0.758893,999,47041.950000,9613245275,6217,69,0
NODE,0.758893,999,47699.970000,9637787249,6215,26,0
NODE,0.758893,999,48275.750000,10071341583,6213,45,0
NODE,0.758893,999,44804.450000,7960281221,6229,17,0
NODE,0.758893,999,49039.190000,10230839934,6208,22,0
NODE,0.758893,999,46061.380000,9690785083,6225,49,0
NODE,0.758893,999,45050.290000,8949216810,6230,7,0
NODE,0.758893,999,48292.680000,10415277323,6219,78,0
NODE,0.758893,999,47734.080000,9829769151,6222,63,0
NODE,0.758893,999,46627.810000,9320877532,6226,19,0
NODE,0.758893,999,46846.090000,9814770270,6227,77,0
NODE,0.758893,999,48213.960000,9911316461,6223,15,0
NODE,0.758893,999,45360.790000,8521973037,6234,12,0
NODE,0.758893,999,45135.020000,9759609993,6235,10,0
NODE,0.758893,999,48243.470000,9730346957,6228,36,0
NODE,0.758893,999,47703.030000,9609310023,6231,23,0
NODE,0.758893,999,42745.690000,7900203792,6236,16,0
NODE,0.758893,999,44472.570000,8991921953,6237,42,0
NODE,0.758893,999,44390.880000,8904373755,6240,61,0
NODE,0.758893,999,45222.800000,9208288580,6239,66,0
NODE,0.758893,999,46128.120000,9004371142,6238,20,0
NODE,0.758893,999,42366.080000,8441073277,6246,33,0
NODE,0.758893,999,42306.180000,8615395509,6248,25,0
NODE,0.758893,999,47005.670000,9833584189,6241,67,0
NODE,0.758893,999,44528.850000,8867150997,6245,70,0
NODE,0.758893,999,47696.410000,9783099858,6242,53,0
NODE,0.758893,999,39203.930000,7262095209,6277,59,0
NODE,0.758893,999,48300.350000,10482670241,6243,31,0
NODE,0.758893,999,46317.420000,8851136370,6250,56,0
NODE,0.758893,999,45957.970000,8397058303,6252,18,0
NODE,0.758893,999,47546.040000,10008726415,6247,3,0
NODE,0.758893,999,38461.210000,6828051594,6297,30,0
NODE,0.758893,999,41071.390000,7647971149,6285,11,0
NODE,0.758893,999,42008.790000,7706395998,6283,14,0
NODE,0.758893,999,50189.780000,10444542784,6244,47,0
NODE,0.758893,999,41314.900000,7711995797,6286,2,0
NODE,0.758893,999,39626.420000,7661425027,6295,72,0
NODE,0.758893,999,45454.260000,8738639599,6261,54,0
NODE,0.758893,999,39680.740000,7939876159,6301,45,0
NODE,0.758893,999,44656.040000,8647598440,6273,57,0
NODE,0.758893,999,42787.340000,8495023438,6284,4,0
NODE,0.758893,999,44871.730000,8406397867,6270,35,0
NODE,0.758893,999,40895.880000,7559677370,6293,21,0
NODE,0.758893,999,49234.830000,9644529344,6249,68,0
NODE,0.758893,999,44730.290000,8709129646,6276,37,0
NODE,0.758893,999,44693.050000,9016144554,6278,46,0
NODE,0.758893,999,46400.650000,9251174910,6265,9,0
NODE,0.758893,999,45887.080000,8934033048,6269,62,0
NODE,0.758893,999,39457.620000,6877704127,6309,77,0
NODE,0.758893,999,44349.140000,8341206986,6282,65,0
NODE,0.758893,999,46002.920000,9027360874,6271,34,0
NODE,0.758893,999,38330.850000,6879954272,6312,10,0
NODE,0.758893,999,43683.030000,7927103113,6288,58,0
NODE,0.758893,999,41007.810000,7771955481,6306,78,0
NODE,0.758893,999,50569.440000,9656477738,6251,29,0
NODE,0.758893,999,50173.400000,9200442313,6253,48,0
NODE,0.758893,999,48300.350000,9190981258,6264,39,0
NODE,0.758893,999,42778.710000,8000871300,6300,26,0
NODE,0.758893,999,44309.790000,8191061310,6289,71,0
NODE,0.758893,999,39203.610000,6735306902,6315,16,0
NODE,0.758893,999,49017.390000,9483216338,6263,43,0
NODE,0.758893,999,49370.910000,10115378178,6259,1,0
NODE,0.758893,999,47479.160000,9197563327,6275,32,0
NODE,0.758893,999,44419.970000,8313884381,6290,64,0
NODE,0.758893,999,50878.470000,10204763629,6254,50,0
NODE,0.758893,999,47281.470000,8836879458,6280,44,0
NODE,0.758893,999,40247.200000,7399865196,6314,23,0
NODE,0.758893,999,45815.300000,8822229083,6287,27,0
NODE,0.758893,999,42691.750000,8588651906,6307,63,0
NODE,0.758893,999,44582.970000,8310420893,6294,51,0
NODE,0.758893,999,42945.440000,8162951203,6308,19,0
NODE,0.758893,999,45441.590000,9071044964,6292,38,0
NODE,0.758893,999,50769.610000,10612565135,6260,79,0
NODE,0.758893,999,48849.890000,9180839835,6279,76,0
NODE,0.758893,999,45098.570000,8333740369,6298,5,0
NODE,0.758893,999,43138.830000,8369299205,6311,12,0
NODE,0.758893,999,43358.040000,8345551905,6310,15,0
NODE,0.758893,999,51544.680000,9864164407,6258,73,0
NODE,0.758893,999,50271.180000,9333808876,6272,8,0
NODE,0.758893,999,50545.280000,9642689819,6268,41,0
NODE,0.758893,999,42438.750000,7661593418,6313,36,0
NODE,0.758893,999,45898.760000,8430225417,6299,69,0
NODE,0.758893,999,45529.440000,8869815761,6304,49,0
NODE,0.758893,999,49913.060000,9499401160,6281,74,0
NODE,0.758893,999,47208.010000,9372373917,6291,13,0
NODE,0.758893,999,46734.640000,8982264364,6296,24,0
NODE,0.758893,999,51125.860000,10104674842,6274,28,0
NODE,0.758893,999,53198.320000,10746561123,6256,55,0
NODE,0.758893,999,53902.940000,10131469823,6255,60,0
NODE,0.758893,999,52215.690000,9491104364,6267,75,0
NODE,0.758893,999,46948.140000,8988970548,6302,17,0
NODE,0.758893,999,53384.990000,10447251631,6262,52,0
NODE,0.758893,999,54311.280000,10855507730,6257,40,0
NODE,0.758893,999,47794.390000,9073384918,6303,22,0
NODE,0.758893,999,47805.710000,9376085938,6305,7,0
NODE,0.758893,999,55029.020000,11202640922,6266,6,0
NODE,0.758893,999,38798.340000,6872584993,6319,20,0
NODE,0.758893,999,39729.790000,7758434063,6317,61,0
NODE,0.758893,999,40110.320000,7750450922,6318,66,0
NODE,0.758893,999,42576.040000,7924461443,6316,42,0
NODE,0.758893,999,40168.460000,7293834674,6320,33,0
NODE,0.758893,999,38443.360000,7329450232,6324,53,0
NODE,0.758893,999,41608.940000,7551327470,6321,25,0
NODE,0.758893,999,39591.930000,7179510787,6326,31,0
NODE,0.758893,999,43493.490000,8484862700,6322,67,0
NODE,0.758893,999,43242.490000,8734418550,6323,70,0
NODE,0.758893,999,40378.380000,8078681911,6330,30,0
NODE,0.758893,999,40976.720000,8629907420,6329,3,0
NODE,0.758893,999,40091.470000,7758939930,6339,4,0
NODE,0.758893,999,41662.690000,7978197750,6331,11,0
NODE,0.758893,999,41898.330000,8392759389,6332,14,0
NODE,0.758893,999,43218.390000,7914701852,6327,56,0
NODE,0.758893,999,43274.630000,8326250381,6328,18,0
NODE,0.758893,999,46398.350000,8965064723,6325,59,0
NODE,0.758893,999,42337.990000,8035399995,6334,2,0
NODE,0.758893,999,41698.760000,7683867989,6338,57,0
NODE,0.758893,999,39255.740000,8137828933,6353,29,0
NODE,0.758893,999,43357.610000,8217715811,6333,47,0
NODE,0.758893,999,42081.210000,8042525175,6343,37,0
NODE,0.758893,999,43255.520000,8570734701,6337,45,0
NODE,0.758893,999,43782.660000,8388688419,6335,72,0
NODE,0.758893,999,42553.040000,8505879040,6344,46,0
NODE,0.758893,999,38652.110000,7178763461,6373,5,0
NODE,0.758893,999,42749.400000,8180172992,6345,9,0
NODE,0.758893,999,43410.460000,8333066898,6341,21,0
NODE,0.758893,999,42337.070000,8588704645,6350,10,0
NODE,0.758893,999,44474.090000,8379748721,6336,54,0
NODE,0.758893,999,43241.570000,8088092213,6348,65,0
NODE,0.758893,999,44357.330000,8374628481,6340,35,0
NODE,0.758893,999,42128.710000,8992454617,6352,78,0
NODE,0.758893,999,40382.940000,7303722676,6367,63,0
NODE,0.758893,999,39306.160000,7349543825,6374,12,0
NODE,0.758893,999,41479.740000,8538620384,6358,16,0
NODE,0.758893,999,38038.610000,6888010310,6384,24,0
NODE,0.758893,999,41560.540000,8125571249,6359,43,0
NODE,0.758893,999,36917.640000,6790066716,6391,40,0
NODE,0.758893,999,43809.720000,8906414338,6347,77,0
NODE,0.758893,999,43049.050000,9356720439,6351,58,0
NODE,0.758893,999,38884.450000,7345234485,6382,74,0
NODE,0.758893,999,41644.370000,7600842601,6363,50,0
NODE,0.758893,999,44145.360000,8989241293,6346,62,0
NODE,0.758893,999,37960.190000,6892047294,6389,17,0
NODE,0.758893,999,44910.420000,8705932164,6342,68,0
NODE,0.758893,999,42693.740000,8665903551,6356,26,0
NODE,0.758893,999,42451.020000,8180468711,6361,32,0
NODE,0.758893,999,38593.110000,7405067591,6390,52,0
NODE,0.758893,999,40823.190000,8100088753,6376,73,0
NODE,0.758893,999,42182.900000,7832111541,6366,27,0
NODE,0.758893,999,45219.880000,9164998138,6349,34,0
NODE,0.758893,999,39796.570000,7087279711,6385,28,0
NODE,0.758893,999,42268.300000,7961061540,6368,51,0
NODE,0.758893,999,43260.830000,8916718273,6360,1,0
NODE,0.758893,999,39337.690000,7240753265,6388,75,0
NODE,0.758893,999,42005.430000,7819782028,6370,38,0
NODE,0.758893,999,41591.950000,7757228580,6375,15,0
NODE,0.758893,999,40410.840000,7543995351,6383,13,0
NODE,0.758893,999,44123.700000,9356976613,6354,48,0
NODE,0.758893,999,42635.500000,8142009022,6369,19,0
NODE,0.758893,999,44239.500000,8950778528,6355,39,0
NODE,0.758893,999,44371.270000,8603844401,6365,23,0
NODE,0.758893,999,43419.220000,8753658524,6372,76,0
NODE,0.758893,999,42017.720000,7415972016,6386,55,0
NODE,0.758893,999,40843.980000,7214649642,6392,22,0
NODE,0.758893,999,43267.830000,7608772193,6380,69,0
NODE,0.758893,999,46034.990000,8320325491,6362,64,0
NODE,0.758893,999,42539.880000,7443010286,6387,60,0
NODE,0.758893,999,41302.690000,7520881394,6393,7,0
NODE,0.758893,999,40448.120000,7869295199,6394,6,0
NODE,0.758893,999,47156.060000,9186472921,6357,71,0
NODE,0.758893,999,45185.270000,7947159004,6377,8,0
NODE,0.758893,999,45563.290000,8351426391,6381,49,0
NODE,0.758893,999,49549.870000,9609391614,6364,44,0
NODE,0.758893,999,48300.080000,9370047390,6371,79,0
NODE,0.758893,999,48478.030000,9533905556,6378,41,0
NODE,0.758893,999,48855.310000,9558733326,6379,36,0
NODE,0.758893,999,38323.530000,6867449726,6396,61,0
NODE,0.758893,999,39227.470000,7500535875,6398,42,0
NODE,0.758893,999,42023.770000,8442725927,6395,20,0
NODE,0.758893,999,44759.520000,8350525726,6397,66,0
NODE,0.758893,999,43390.760000,8708235268,6400,53,0
NODE,0.758893,999,43881.690000,8348003219,6399,33,0
NODE,0.758893,999,39371.740000,6770586508,6405,30,0
NODE,0.758893,999,41004.090000,7034199046,6404,70,0
NODE,0.758893,999,42714.680000,7956363871,6402,31,0
NODE,0.758893,999,37751.250000,6150528949,6414,57,0
NODE,0.758893,999,41460.140000,7538604813,6406,3,0
NODE,0.758893,999,39673.970000,6742487202,6413,2,0
NODE,0.758893,999,37721.360000,7110087527,6422,9,0
NODE,0.758893,999,42717.960000,7103273683,6407,4,0
NODE,0.758893,999,41437.800000,7600357107,6411,18,0
NODE,0.758893,999,41294.170000,7307371495,6415,29,0
NODE,0.758893,999,46076.440000,8763023005,6403,67,0
NODE,0.758893,999,42019.740000,7508096187,6412,59,0
NODE,0.758893,999,41459.250000,7193757053,6416,47,0
NODE,0.758893,999,40655.610000,7475526802,6420,46,0
NODE,0.758893,999,39958.110000,7236025498,6425,54,0
NODE,0.758893,999,40275.940000,7755253815,6423,21,0
NODE,0.758893,999,42983.630000,7500761234,6410,56,0
NODE,0.758893,999,49204.400000,10221294921,6401,25,0
NODE,0.758893,999,40045.250000,7556995799,6429,63,0
NODE,0.758893,999,41019.140000,7687208629,6421,5,0
NODE,0.758893,999,38881.600000,7700840294,6447,34,0
NODE,0.758893,999,40876.960000,7885380962,6431,16,0
NODE,0.758893,999,41598.620000,7657947621,6424,10,0
NODE,0.758893,999,39934.190000,7751617190,6443,32,0
NODE,0.758893,999,39193.260000,7540514748,6450,1,0
NODE,0.758893,999,42759.930000,7136542770,6418,45,0
NODE,0.758893,999,42816.620000,7617508929,6419,72,0
NODE,0.758893,999,45277.570000,8374397250,6409,14,0
NODE,0.758893,999,39203.470000,7074208640,6455,48,0
NODE,0.758893,999,45696.690000,8295337565,6408,11,0
NODE,0.758893,999,40885.410000,7481596746,6442,26,0
NODE,0.758893,999,39427.110000,7493737073,6457,39,0
NODE,0.758893,999,42103.950000,8215349160,6428,78,0
NODE,0.758893,999,42422.190000,7957219982,6433,43,0
NODE,0.758893,999,42122.720000,7895377300,6437,74,0
NODE,0.758893,999,42367.500000,8047222690,6438,50,0
NODE,0.758893,999,42392.710000,7664356207,6439,62,0
NODE,0.758893,999,41437.610000,8040216690,6444,52,0
NODE,0.758893,999,41098.330000,7982880392,6451,75,0
NODE,0.758893,999,42812.490000,7847785962,6436,58,0
NODE,0.758893,999,43278.070000,7998775582,6434,40,0
NODE,0.758893,999,43775.130000,7944415643,6432,24,0
NODE,0.758893,999,41629.390000,7261058462,6454,13,0
NODE,0.758893,999,44122.820000,8507642247,6427,35,0
NODE,0.758893,999,46122.590000,8498712050,6417,37,0
NODE,0.758893,999,44427.400000,8354503011,6430,12,0
NODE,0.758893,999,44488.740000,8529671379,6435,77,0
NODE,0.758893,999,43492.940000,7999083532,6446,27,0
NODE,0.758893,999,43624.580000,8977486472,6449,51,0
NODE,0.758893,999,40958.610000,7567667120,6464,60,0
NODE,0.758893,999,44994.900000,8415645836,6445,73,0
NODE,0.758893,999,46216.730000,7917985883,6440,17,0
NODE,0.758893,999,47135.340000,8801251721,6426,65,0
NODE,0.758893,999,42889.870000,7579916611,6460,55,0
NODE,0.758893,999,45200.170000,9034286052,6453,15,0
NODE,0.758893,999,45893.490000,8708376099,6452,38,0
NODE,0.758893,999,46129.610000,8905685743,6456,19,0
NODE,0.758893,999,44185.560000,8932397459,6461,22,0
NODE,0.758893,999,43329.470000,8179758813,6465,7,0
NODE,0.758893,999,44054.350000,7597735036,6463,64,0
NODE,0.758893,999,44257.060000,8721361090,6462,69,0
NODE,0.758893,999,45302.540000,8911332181,6459,76,0
NODE,0.758893,999,43904.360000,8478021296,6467,71,0
NODE,0.758893,999,47953.190000,9273839891,6448,28,0
NODE,0.758893,999,50710.690000,9689374159,6441,68,0
NODE,0.758893,999,43753.830000,8431673631,6471,79,0
NODE,0.758893,999,46455.740000,8292114072,6468,8,0
NODE,0.758893,999,43273.360000,8373849393,6472,41,0
NODE,0.758893,999,49520.300000,9385897551,6458,23,0
NODE,0.758893,999,48154.980000,9404337729,6466,6,0
NODE,0.758893,999,44774.080000,8207000958,6473,36,0
NODE,0.758893,999,49190.780000,9287683725,6469,49,0
NODE,0.758893,999,48237.210000,9299570407,6470,44,0
NODE,0.758893,999,45449.990000,8318684805,6474,61,0
NODE,0.758893,999,43959.250000,8111918699,6475,42,0
NODE,0.758893,999,43965.960000,8367448967,6476,20,0
NODE,0.758893,999,40982.730000,7769869459,6477,66,0
NODE,0.758893,999,44143.400000,8677910333,6478,53,0
NODE,0.758893,999,42741.810000,7998372932,6482,31,0
NODE,0.758893,999,44183.460000,8718644021,6480,30,0
NODE,0.758893,999,46006.690000,8778285962,6479,33,0
NODE,0.758893,999,37663.880000,6679474243,6507,14,0
NODE,0.758893,999,43595.860000,8504947133,6485,2,0
NODE,0.758893,999,45629.560000,8651368957,6483,57,0
NODE,0.758893,999,39130.980000,6828506409,6506,72,0
NODE,0.758893,999,41013.550000,7900292695,6495,21,0
NODE,0.758893,999,42604.250000,8561656721,6487,4,0
NODE,0.758893,999,39904.490000,7187480554,6508,48,0
NODE,0.758893,999,41743.130000,7691205986,6497,25,0
NODE,0.758893,999,43167.890000,8366156623,6489,29,0
NODE,0.758893,999,44864.030000,8576253439,6486,9,0
NODE,0.758893,999,43485.360000,8777470273,6488,18,0
NODE,0.758893,999,42819.680000,8434592410,6492,47,0
NODE,0.758893,999,43541.040000,8273286501,6490,67,0
NODE,0.758893,999,40453.070000,7561857940,6510,26,0
NODE,0.758893,999,46265.220000,9279967768,6484,3,0
NODE,0.758893,999,43432.040000,8420754383,6493,46,0
NODE,0.758893,999,41322.870000,7520322702,6509,11,0
NODE,0.758893,999,40145.660000,7193457645,6515,50,0
NODE,0.758893,999,42227.270000,8127027421,6502,10,0
NODE,0.758893,999,42214.110000,7717724296,6504,1,0
NODE,0.758893,999,42363.650000,7894699966,6503,32,0
NODE,0.758893,999,41585.470000,7649938762,6512,78,0
NODE,0.758893,999,44534.130000,8966871424,6491,59,0
NODE,0.758893,999,40070.640000,7953724030,6522,13,0
NODE,0.758893,999,44583.610000,8570609524,6496,56,0
NODE,0.758893,999,39402.490000,6845104344,6526,77,0
NODE,0.758893,999,41739.070000,7296157489,6513,43,0
NODE,0.758893,999,50441.240000,10003484437,6481,70,0
NODE,0.758893,999,40864.970000,7423660310,6523,35,0
NODE,0.758893,999,42941.300000,8210468678,6511,39,0
NODE,0.758893,999,42112.520000,7865617213,6516,62,0
NODE,0.758893,999,43912.100000,8253550815,6505,45,0
NODE,0.758893,999,40931.240000,7530317846,6524,37,0
NODE,0.758893,999,45901.890000,8957645876,6494,54,0
NODE,0.758893,999,41441.480000,7673963498,6525,12,0
NODE,0.758893,999,44995.610000,8792273948,6501,16,0
NODE,0.758893,999,43279.220000,7938790523,6514,74,0
NODE,0.758893,999,45327.440000,8750300547,6500,34,0
NODE,0.758893,999,46149.000000,9081083795,6499,5,0
NODE,0.758893,999,43908.470000,8162049694,6517,52,0
NODE,0.758893,999,43352.120000,8084295923,6520,40,0
NODE,0.758893,999,43932.250000,8227728271,6518,75,0
NODE,0.758893,999,47702.340000,8946172139,6498,63,0
NODE,0.758893,999,41662.300000,7632819725,6529,60,0
NODE,0.758893,999,42271.000000,7244252355,6528,51,0
NODE,0.758893,999,43406.430000,8132849962,6527,27,0
NODE,0.758893,999,41268.370000,7968234958,6534,15,0
NODE,0.758893,999,44902.460000,8496301590,6521,24,0
NODE,0.758893,999,42332.490000,7847617652,6533,55,0
NODE,0.758893,999,47472.510000,9324024918,6519,58,0
NODE,0.758893,999,44591.280000,7631113993,6532,65,0
NODE,0.758893,999,42970.100000,7708110336,6537,22,0
NODE,0.758893,999,42838.050000,7764284002,6538,7,0
NODE,0.758893,999,41804.630000,7270512508,6543,28,0
NODE,0.758893,999,43108.270000,8067739440,6536,19,0
NODE,0.758893,999,45285.930000,8758736167,6530,73,0
NODE,0.758893,999,43728.930000,8116289209,6542,71,0
NODE,0.758893,999,45545.160000,8598054089,6535,38,0
NODE,0.758893,999,45444.790000,8362052294,6540,69,0
NODE,0.758893,999,45595.770000,8238225569,6539,64,0
NODE,0.758893,999,45595.610000,8797969245,6541,76,0
NODE,0.758893,999,43318.100000,7954172717,6544,68,0
NODE,0.758893,999,42366.570000,7592737896,6548,23,0
NODE,0.758893,999,48921.210000,9700700175,6531,17,0
NODE,0.758893,999,43900.340000,8011665407,6549,6,0
NODE,0.758893,999,45616.590000,8123447561,6545,79,0
NODE,0.758893,999,45272.430000,8923836534,6547,41,0
NODE,0.758893,999,46038.620000,8695017238,6546,8,0
NODE,0.758893,999,42136.710000,8478114163,6552,44,0
NODE,0.758893,999,44204.570000,8998507681,6550,36,0
NODE,0.758893,999,44673.140000,8230402665,6551,49,0
NODE,0.758893,999,44765.010000,7728069079,6554,42,0
NODE,0.758893,999,45977.850000,8460533601,6553,61,0
NODE,0.758893,999,44515.830000,8184030907,6555,20,0
NODE,0.758893,999,46792.700000,8354875258,6556,66,0
NODE,0.758893,999,38899.580000,7115507053,6564,72,0
NODE,0.758893,999,39218.240000,7200746326,6568,25,0
NODE,0.758893,999,40366.900000,7492752596,6565,21,0
NODE,0.758893,999,42678.510000,8141576499,6560,33,0
NODE,0.758893,999,44236.500000,9147124153,6558,31,0
NODE,0.758893,999,40867.170000,7921456208,6563,57,0
NODE,0.758893,999,42562.140000,8457180200,6561,14,0
NODE,0.758893,999,40114.670000,7772432949,6572,47,0
NODE,0.758893,999,41386.830000,7409440756,6566,4,0
NODE,0.758893,999,44561.120000,8684510118,6559,30,0
NODE,0.758893,999,39758.290000,7110695511,6576,46,0
NODE,0.758893,999,40880.840000,7584425982,6575,3,0
NODE,0.758893,999,47071.130000,9395029787,6557,53,0
NODE,0.758893,999,42791.890000,7709686408,6567,48,0
NODE,0.758893,999,42788.150000,8605834408,6570,9,0
NODE,0.758893,999,42704.430000,8489915245,6571,18,0
NODE,0.758893,999,41789.280000,7681169015,6578,50,0
NODE,0.758893,999,42573.210000,7872920155,6574,26,0
NODE,0.758893,999,44680.820000,9293937795,6562,2,0
NODE,0.758893,999,42853.450000,7838265206,6573,67,0
NODE,0.758893,999,42360.460000,7328100561,6577,11,0
NODE,0.758893,999,34687.640000,5963439271,6610,58,0
NODE,0.758893,999,41727.440000,8040372741,6583,59,0
NODE,0.758893,999,37600.620000,6564971329,6605,51,0
NODE,0.758893,999,37986.480000,6964816336,6603,63,0
NODE,0.758893,999,44010.960000,7950631990,6569,29,0
NODE,0.758893,999,41590.630000,7771432470,6587,43,0
NODE,0.758893,999,41428.670000,7720162208,6591,62,0
NODE,0.758893,999,43150.480000,7988908071,6581,32,0
NODE,0.758893,999,43769.050000,8067428464,6582,78,0
NODE,0.758893,999,43168.860000,8027889037,6585,56,0
NODE,0.758893,999,44154.070000,8347535038,6580,1,0
NODE,0.758893,999,42690.970000,7580061682,6589,35,0
NODE,0.758893,999,40538.250000,7320276896,6602,75,0
NODE,0.758893,999,41331.720000,7807797121,6599,5,0
NODE,0.758893,999,42524.220000,7689068899,6594,54,0
NODE,0.758893,999,43077.780000,7894779079,6593,37,0
NODE,0.758893,999,33552.330000,6268542089,6621,76,0
NODE,0.758893,999,45066.560000,8433287440,6579,10,0
NODE,0.758893,999,41445.550000,8001998366,6600,52,0
NODE,0.758893,999,42469.320000,7968497783,6598,34,0
NODE,0.758893,999,43969.160000,8304765894,6588,70,0
NODE,0.758893,999,41170.910000,7962485277,6604,60,0
NODE,0.758893,999,43925.410000,7915885995,6592,45,0
NODE,0.758893,999,40783.290000,7294801924,6606,27,0
NODE,0.758893,999,40599.400000,8335785227,6608,24,0
NODE,0.758893,999,40116.540000,7296463250,6609,55,0
NODE,0.758893,999,44049.850000,8310803999,6595,12,0
NODE,0.758893,999,46093.510000,8557201675,6586,77,0
NODE,0.758893,999,43654.110000,8013957609,6601,40,0
NODE,0.758893,999,41911.830000,7633064826,6607,15,0
NODE,0.758893,999,39149.900000,7380176675,6614,28,0
NODE,0.758893,999,45990.990000,8080764963,6590,39,0
NODE,0.758893,999,39519.380000,7530026986,6611,65,0
NODE,0.758893,999,45476.700000,8115362272,6596,16,0
NODE,0.758893,999,40119.880000,7616543566,6613,7,0
NODE,0.758893,999,48509.140000,8833985648,6584,13,0
NODE,0.758893,999,46782.040000,9458711431,6597,74,0
NODE,0.758893,999,38385.540000,7018331171,6622,68,0
NODE,0.758893,999,41774.660000,7862429778,6612,22,0
NODE,0.758893,999,41662.240000,7885347354,6616,73,0
NODE,0.758893,999,39450.010000,7353978323,6619,69,0
NODE,0.758893,999,40732.770000,7928466033,6618,38,0
NODE,0.758893,999,42840.670000,8127018758,6615,19,0
NODE,0.758893,999,37918.680000,7508343900,6625,6,0
NODE,0.758893,999,37467.240000,7293515108,6626,79,0
NODE,0.758893,999,42646.480000,7887958852,6617,71,0
NODE,0.758893,999,37205.750000,6612233504,6628,8,0
NODE,0.758893,999,40140.390000,8088055478,6624,17,0
NODE,0.758893,999,38501.950000,7124911703,6629,44,0
NODE,0.758893,999,41760.800000,7898639046,6623,23,0
NODE,0.758893,999,45786.990000,8872921152,6620,64,0
NODE,0.758893,999,39434.890000,6869030341,6631,49,0
NODE,0.758893,999,41399.970000,7238620199,6630,36,0
NODE,0.758893,999,43568.900000,8565607536,6627,41,0
NODE,0.758893,999,38746.260000,7137290726,6632,42,0
NODE,0.758893,999,40560.180000,7131868734,6634,20,0
NODE,0.758893,999,41530.970000,7116583015,6633,61,0
NODE,0.758893,999,36924.710000,6583174552,6637,25,0
NODE,0.758893,999,39868.200000,7392062364,6635,66,0
NODE,0.758893,999,41399.340000,7719129737,6636,72,0
NODE,0.758893,999,40950.450000,7337747216,6638,21,0
NODE,0.758893,999,42667.550000,8286958512,6639,33,0
NODE,0.758893,999,43026.770000,7816194804,6642,14,0
NODE,0.758893,999,36457.970000,6554373657,6674,10,0
NODE,0.758893,999,35354.430000,6214742717,6682,55,0
NODE,0.758893,999,36507.940000,6322285004,6683,12,0
NODE,0.758893,999,37616.090000,7602381707,6680,27,0
NODE,0.758893,999,39512.450000,7343541345,6670,5,0
NODE,0.758893,999,44954.280000,8466055431,6644,4,0
NODE,0.758893,999,38392.540000,7843157974,6681,24,0
NODE,0.758893,999,46564.040000,8965713866,6640,31,0
NODE,0.758893,999,39072.890000,6945065891,6684,77,0
NODE,0.758893,999,43121.180000,8419832318,6663,62,0
NODE,0.758893,999,41775.360000,8207890098,6671,54,0
NODE,0.758893,999,42447.130000,7670716539,6666,56,0
NODE,0.758893,999,44465.890000,8909447307,6657,58,0
NODE,0.758893,999,47379.160000,9226412365,6646,46,0
NODE,0.758893,999,43441.390000,8247819501,6664,32,0
NODE,0.758893,999,48820.170000,8475663576,6641,57,0
NODE,0.758893,999,48335.270000,8844187388,6643,47,0
NODE,0.758893,999,43420.070000,7992018278,6665,78,0
NODE,0.758893,999,42077.800000,8142032811,6678,60,0
NODE,0.758893,999,45799.790000,8818327823,6656,11,0
NODE,0.758893,999,37887.780000,7036630937,6695,22,0
NODE,0.758893,999,40700.920000,8469462529,6686,15,0
NODE,0.758893,999,42439.830000,8456748061,6679,45,0
NODE,0.758893,999,44240.950000,8137996229,6667,1,0
NODE,0.758893,999,44288.580000,8321974632,6668,35,0
NODE,0.758893,999,43723.270000,8826524902,6672,37,0
NODE,0.758893,999,43802.460000,8235865114,6673,76,0
NODE,0.758893,999,46850.000000,8615538813,6659,51,0
NODE,0.758893,999,47859.780000,9190049165,6650,9,0
NODE,0.758893,999,46851.790000,8906721410,6660,63,0
NODE,0.758893,999,47635.220000,9243140497,6653,26,0
NODE,0.758893,999,41484.100000,7744867345,6689,65,0
NODE,0.758893,999,40310.320000,7982013126,6693,74,0
NODE,0.758893,999,42213.390000,8633484373,6688,39,0
NODE,0.758893,999,42550.640000,8252154881,6687,28,0
NODE,0.758893,999,41008.680000,8458246697,6692,13,0
NODE,0.758893,999,46097.430000,8787671350,6669,75,0
NODE,0.758893,999,50459.580000,10478880908,6647,3,0
NODE,0.758893,999,48721.390000,9080748231,6654,2,0
NODE,0.758893,999,48099.700000,9777737672,6661,29,0
NODE,0.758893,999,49025.130000,9267214617,6652,50,0
NODE,0.758893,999,40150.400000,7344570448,6697,69,0
NODE,0.758893,999,43498.370000,8463331609,6685,40,0
NODE,0.758893,999,50079.720000,9446869710,6649,48,0
NODE,0.758893,999,45978.730000,8742506367,6675,52,0
NODE,0.758893,999,48496.250000,9713486863,6662,43,0
NODE,0.758893,999,49399.290000,9592797325,6655,67,0
NODE,0.758893,999,46002.200000,8483421669,6677,70,0
NODE,0.758893,999,52370.920000,10177427456,6645,30,0
NODE,0.758893,999,51541.280000,10203430787,6648,53,0
NODE,0.758893,999,49727.100000,9202733704,6658,59,0
NODE,0.758893,999,50817.440000,9295031556,6651,18,0
NODE,0.758893,999,47070.210000,9247665397,6676,34,0
NODE,0.758893,999,41379.630000,7395135478,6698,38,0
NODE,0.758893,999,39877.460000,7655954662,6704,17,0
NODE,0.758893,999,42580.570000,8138795952,6694,68,0
NODE,0.758893,999,44681.870000,8364436020,6691,7,0
NODE,0.758893,999,45352.710000,8947963868,6690,16,0
NODE,0.758893,999,41442.650000,7697721070,6700,6,0
NODE,0.758893,999,43969.540000,8517110396,6696,73,0
NODE,0.758893,999,43363.530000,8608394224,6701,79,0
NODE,0.758893,999,43599.860000,8935230883,6703,8,0
NODE,0.758893,999,43708.250000,8691944880,6702,71,0
NODE,0.758893,999,45058.120000,8801828020,6699,19,0
NODE,0.758893,999,44907.250000,7652113499,6705,44,0
NODE,0.758893,999,46027.870000,8698902398,6706,23,0
NODE,0.758893,999,46066.490000,8468493273,6709,36,0
NODE,0.758893,999,46443.200000,8465875450,6707,64,0
NODE,0.758893,999,48088.100000,8586455190,6708,49,0
NODE,0.758893,999,47701.670000,8903058158,6710,41,0
NODE,0.758893,999,45831.090000,8168670399,6711,42,0
NODE,0.758893,999,42745.510000,7916729985,6714,25,0
NODE,0.758893,999,43075.200000,7928185730,6715,66,0
NODE,0.758893,999,38377.060000,7304916877,6718,33,0
NODE,0.758893,999,40283.060000,7806536145,6717,21,0
NODE,0.758893,999,37370.510000,6951015135,6721,55,0
NODE,0.758893,999,45706.440000,8576591342,6713,61,0
NODE,0.758893,999,38544.220000,7083514873,6719,14,0
NODE,0.758893,999,44439.010000,8898390687,6716,72,0
NODE,0.758893,999,39372.890000,7176253233,6722,12,0
NODE,0.758893,999,38906.950000,7216678169,6724,5,0
NODE,0.758893,999,39064.620000,7798352975,6727,31,0
NODE,0.758893,999,39274.210000,8029856555,6726,24,0
NODE,0.758893,999,40261.180000,7610899952,6723,27,0
NODE,0.758893,999,42450.510000,7484997835,6720,10,0
NODE,0.758893,999,50722.600000,9191397229,6712,20,0
NODE,0.758893,999,38145.370000,6902847500,6730,54,0
NODE,0.758893,999,43365.660000,8351579950,6725,4,0
NODE,0.758893,999,41713.430000,7584899470,6733,46,0
NODE,0.758893,999,42499.120000,8337235450,6728,77,0
NODE,0.758893,999,40511.370000,7680083985,6743,1,0
NODE,0.758893,999,42601.690000,7961135050,6731,56,0
NODE,0.758893,999,35678.760000,6704149949,6777,16,0
NODE,0.758893,999,35546.620000,6820816814,6778,6,0
NODE,0.758893,999,39270.090000,7277962695,6754,28,0
NODE,0.758893,999,39653.460000,7736502309,6753,39,0
NODE,0.758893,999,39130.230000,7251065751,6757,3,0
NODE,0.758893,999,40524.780000,7316943239,6748,9,0
NODE,0.758893,999,41243.500000,8008230707,6744,35,0
NODE,0.758893,999,37296.120000,6656030371,6775,68,0
NODE,0.758893,999,41071.970000,7442054605,6750,26,0
NODE,0.758893,999,39211.560000,7450123937,6766,67,0
NODE,0.758893,999,40085.120000,7713613860,6756,75,0
NODE,0.758893,999,44168.740000,8033061724,6729,62,0
NODE,0.758893,999,39847.590000,6988973312,6764,52,0
NODE,0.758893,999,42713.760000,7899059983,6742,45,0
NODE,0.758893,999,40489.830000,7898599350,6758,2,0
NODE,0.758893,999,40907.700000,7544769157,6755,13,0
NODE,0.758893,999,43227.250000,8448446524,6741,15,0
NODE,0.758893,999,43639.530000,8131230786,6738,60,0
NODE,0.758893,999,40743.000000,7902416696,6763,48,0
NODE,0.758893,999,43237.570000,8568207437,6745,37,0
NODE,0.758893,999,45279.260000,8601426605,6735,57,0
NODE,0.758893,999,43447.770000,8123267838,6747,51,0
NODE,0.758893,999,43722.680000,7664090074,6746,76,0
NODE,0.758893,999,44818.050000,8976576659,6739,11,0
NODE,0.758893,999,45162.770000,8263687208,6737,78,0
NODE,0.758893,999,46176.310000,9099746165,6732,58,0
NODE,0.758893,999,44900.050000,8497496733,6740,22,0
NODE,0.758893,999,43254.240000,8405451824,6752,74,0
NODE,0.758893,999,42520.280000,7948747371,6760,50,0
NODE,0.758893,999,43973.640000,8664660320,6749,63,0
NODE,0.758893,999,42751.620000,8237211268,6759,29,0
NODE,0.758893,999,44115.290000,7804280650,6751,65,0
NODE,0.758893,999,42252.960000,7572937170,6765,43,0
NODE,0.758893,999,39249.690000,7282833416,6779,73,0
NODE,0.758893,999,37692.490000,7199341826,6781,8,0
NODE,0.758893,999,47619.090000,8900146344,6736,47,0
NODE,0.758893,999,43256.780000,8123167185,6770,59,0
NODE,0.758893,999,41984.360000,8096115516,6776,7,0
NODE,0.758893,999,43422.910000,8424642981,6769,53,0
NODE,0.758893,999,43980.090000,8524420508,6768,30,0
NODE,0.758893,999,44940.650000,8259802608,6761,69,0
NODE,0.758893,999,45033.600000,8037090488,6762,40,0
NODE,0.758893,999,49146.490000,10302665817,6734,32,0
NODE,0.758893,999,39718.690000,7126711749,6782,71,0
NODE,0.758893,999,45643.780000,8017005727,6767,70,0
NODE,0.758893,999,44865.200000,8862035979,6771,18,0
NODE,0.758893,999,44665.570000,8458562029,6774,17,0
NODE,0.758893,999,41524.770000,8140044342,6783,19,0
NODE,0.758893,999,45974.600000,8516465226,6773,38,0
NODE,0.758893,999,42889.570000,8175385190,6780,79,0
NODE,0.758893,999,41406.820000,7919256480,6784,44,0
NODE,0.758893,999,38743.800000,7171016915,6787,64,0
NODE,0.758893,999,50643.810000,9535195755,6772,34,0
NODE,0.758893,999,39865.010000,8023381852,6786,36,0
NODE,0.758893,999,43458.650000,8787674784,6785,23,0
NODE,0.758893,999,40486.470000,7578164083,6788,49,0
NODE,0.758893,999,43031.880000,8429678820,6789,41,0
NODE,0.758893,999,39226.910000,7496941393,6790,42,0
NODE,0.758893,999,38518.790000,6845537789,6795,55,0
NODE,0.758893,999,37426.450000,6783121984,6798,72,0
NODE,0.758893,999,40895.120000,7631425018,6793,33,0
NODE,0.758893,999,43501.180000,8295241148,6791,25,0
NODE,0.758893,999,37413.760000,7001501869,6802,24,0
NODE,0.758893,999,43219.250000,8025054160,6794,21,0
NODE,0.758893,999,42759.640000,8012541932,6797,14,0
NODE,0.758893,999,44036.130000,8016329333,6792,66,0
NODE,0.758893,999,40026.400000,7381662733,6804,10,0
NODE,0.758893,999,44572.730000,8583190274,6796,61,0
NODE,0.758893,999,35873.990000,6424566108,6808,46,0
NODE,0.758893,999,41743.680000,8194711677,6800,5,0
NODE,0.758893,999,42080.550000,8187656399,6799,12,0
NODE,0.758893,999,42088.220000,8510380596,6803,27,0
NODE,0.758893,999,42957.550000,8021802582,6806,54,0
NODE,0.758893,999,43833.910000,8374228666,6801,31,0
NODE,0.758893,999,43829.360000,8444819002,6805,20,0
NODE,0.758893,999,39278.540000,7551811197,6811,56,0
NODE,0.758893,999,39048.450000,7672054189,6816,3,0
NODE,0.758893,999,41875.440000,8388223027,6807,4,0
NODE,0.758893,999,39876.360000,8042843528,6814,28,0
NODE,0.758893,999,40594.740000,8418232635,6810,1,0
NODE,0.758893,999,38544.610000,7277518489,6830,48,0
NODE,0.758893,999,40929.870000,8346153421,6815,39,0
NODE,0.758893,999,41229.330000,7832525943,6813,6,0
NODE,0.758893,999,41349.870000,8002334276,6819,68,0
NODE,0.758893,999,42922.610000,7723586516,6809,77,0
NODE,0.758893,999,42350.620000,8516653711,6817,9,0
NODE,0.758893,999,39549.660000,7102991282,6837,58,0
NODE,0.758893,999,43181.140000,8943504832,6818,35,0
NODE,0.758893,999,41845.200000,8404193950,6827,13,0
NODE,0.758893,999,44000.190000,8569489836,6812,16,0
NODE,0.758893,999,43512.850000,9101778619,6822,75,0
NODE,0.758893,999,41899.900000,8413382464,6833,51,0
NODE,0.758893,999,42524.910000,8047627004,6832,57,0
NODE,0.758893,999,44327.490000,8821489972,6826,2,0
NODE,0.758893,999,43724.800000,8359732632,6831,37,0
NODE,0.758893,999,45308.620000,9963996241,6821,67,0
NODE,0.758893,999,44468.850000,8575472679,6828,15,0
NODE,0.758893,999,40859.360000,7608516036,6850,53,0
NODE,0.758893,999,42849.130000,7773952268,6842,29,0
NODE,0.758893,999,45767.600000,9465212591,6820,26,0
NODE,0.758893,999,44265.490000,8626766169,6834,76,0
NODE,0.758893,999,38421.550000,6953326378,6861,79,0
NODE,0.758893,999,44318.240000,9047206185,6835,11,0
NODE,0.758893,999,46356.890000,9219098172,6824,52,0
NODE,0.758893,999,44285.170000,8295743099,6839,74,0
NODE,0.758893,999,44540.270000,8572583684,6838,22,0
NODE,0.758893,999,46225.220000,9948853834,6829,60,0
NODE,0.758893,999,45034.590000,8858084707,6836,78,0
NODE,0.758893,999,47367.130000,9637864215,6823,62,0
NODE,0.758893,999,44571.570000,8866421094,6843,65,0
NODE,0.758893,999,42106.640000,7850940282,6855,71,0
NODE,0.758893,999,48111.220000,10134796199,6825,45,0
NODE,0.758893,999,42060.790000,7876958040,6858,17,0
NODE,0.758893,999,40934.200000,7685550080,6860,38,0
NODE,0.758893,999,43814.390000,7883701075,6854,32,0
NODE,0.758893,999,45443.410000,8618401486,6847,47,0
NODE,0.758893,999,42718.830000,7711049324,6859,19,0
NODE,0.758893,999,47224.090000,9704673686,6844,43,0
NODE,0.758893,999,47768.620000,9754101124,6840,50,0
NODE,0.758893,999,48400.630000,10348322005,6845,73,0
NODE,0.758893,999,46908.030000,8994035658,6848,59,0
NODE,0.758893,999,47681.720000,9004609756,6849,7,0
NODE,0.758893,999,49161.650000,10037131147,6846,8,0
NODE,0.758893,999,47764.150000,10002866138,6852,69,0
NODE,0.758893,999,46640.510000,9154748246,6857,18,0
NODE,0.758893,999,48002.820000,9647099099,6853,40,0
NODE,0.758893,999,48678.050000,10335338705,6851,30,0
NODE,0.758893,999,41420.850000,7790431047,6865,36,0
NODE,0.758893,999,44125.600000,9042683803,6862,44,0
NODE,0.758893,999,51578.790000,10087635599,6841,63,0
NODE,0.758893,999,42865.140000,8028452613,6864,34,0
NODE,0.758893,999,49222.830000,9640495572,6856,70,0
NODE,0.758893,999,43693.590000,8144584291,6866,23,0
NODE,0.758893,999,46914.580000,9226392778,6863,64,0
NODE,0.758893,999,41572.370000,7961243403,6868,41,0
NODE,0.758893,999,47680.620000,9411368187,6867,49,0
NODE,0.758893,999,39772.840000,7155681926,6062,61,0
NODE,0.758893,999,39790.430000,7558168759,6069,69,0
NODE,0.758893,999,39981.740000,6736830220,6059,58,0
NODE,0.758893,999,40059.150000,7926346387,6048,46,0
NODE,0.758893,999,41087.780000,8716700943,6052,54,0
NODE,0.758893,999,41168.240000,7697260998,6045,41,0
NODE,0.758893,999,41309.350000,7601353653,6060,60,0
NODE,0.758893,999,41363.420000,7198203928,6064,66,0
NODE,0.758893,999,41370.910000,7984437284,6073,74,0
NODE,0.758893,999,41653.180000,8020156836,6046,44,0
NODE,0.758893,999,42128.360000,8871067141,6051,52,0
NODE,0.758893,999,42323.030000,8584625106,6054,47,0
NODE,0.758893,999,42484.440000,7740373095,6063,64,0
NODE,0.758893,999,42572.960000,8599578771,6000,1,0
NODE,0.758893,999,42882.040000,8481189609,6049,51,0
NODE,0.758893,999,42927.220000,8300085088,6038,3,0
NODE,0.758893,999,42940.220000,8551999748,6039,43,0
NODE,0.758893,999,42995.270000,7933257104,6058,56,0
NODE,0.758893,999,43211.380000,7972360053,6066,67,0
NODE,0.758893,999,43555.350000,9164552330,6053,63,0
NODE,0.758893,999,43658.910000,8066235365,6057,55,0
NODE,0.758893,999,43761.990000,7966337790,6036,39,0
NODE,0.758893,999,43829.420000,8990525308,6056,53,0
NODE,0.758893,999,44101.400000,9093081781,6075,75,0
NODE,0.758893,999,44113.760000,9048267540,6050,49,0
NODE,0.758893,999,44251.350000,8373033403,6041,59,0
NODE,0.758893,999,44326.150000,8270796662,6030,33,0
NODE,0.758893,999,44370.730000,9063370758,6002,4,0
NODE,0.758893,999,44593.800000,8165539678,6065,65,0
NODE,0.758893,999,44715.630000,9305486069,6043,40,0
NODE,0.758893,999,44961.970000,8654666405,6003,5,0
NODE,0.758893,999,45165.420000,8417696662,6071,71,0
NODE,0.758893,999,45198.600000,8808099382,6001,2,0
NODE,0.758893,999,45323.950000,8270006279,6025,27,0
NODE,0.758893,999,45346.430000,8448786370,6067,70,0
NODE,0.758893,999,45451.990000,8694705823,6026,28,0
NODE,0.758893,999,45483.920000,8222437298,6017,19,0
NODE,0.758893,999,45557.380000,8443106926,6031,34,0
NODE,0.758893,999,45659.220000,9242982832,6055,48,0
NODE,0.758893,999,45819.920000,8962171969,6076,78,0
NODE,0.758893,999,46086.470000,9271286232,6037,32,0
NODE,0.758893,999,46182.960000,8906920617,6006,8,0
NODE,0.758893,999,46188.480000,8834787905,6032,35,0
NODE,0.758893,999,46222.180000,8647067833,6027,29,0
NODE,0.758893,999,46399.590000,8653532734,6061,62,0
NODE,0.758893,999,46487.140000,9127676873,6068,68,0
NODE,0.758893,999,46497.780000,8729429669,6004,6,0
NODE,0.758893,999,46519.690000,8438728450,6034,37,0
NODE,0.758893,999,46687.400000,9048033693,6029,31,0
NODE,0.758893,999,46724.730000,10110560763,6044,42,0
NODE,0.758893,999,46808.670000,8902565830,6007,9,0
NODE,0.758893,999,46938.360000,9596376478,6028,30,0
NODE,0.758893,999,47089.420000,8485246930,6019,21,0
NODE,0.758893,999,47407.900000,9168138605,6042,76,0
NODE,0.758893,999,47631.020000,9144678270,6023,25,0
NODE,0.758893,999,47662.380000,10202610181,6072,73,0
NODE,0.758893,999,47761.070000,9157654644,6015,17,0
NODE,0.758893,999,47838.200000,10397993357,6077,79,0
NODE,0.758893,999,47844.870000,9959721332,6022,24,0
NODE,0.758893,999,47857.380000,10399069429,6040,50,0
NODE,0.758893,999,47996.980000,9751842966,6078,57,0
NODE,0.758893,999,48124.760000,8851269251,6035,38,0
NODE,0.758893,999,48372.360000,8950058702,6024,26,0
NODE,0.758893,999,48384.950000,8636588553,6013,15,0
NODE,0.758893,999,48417.740000,9883714607,6047,45,0
NODE,0.758893,999,48503.580000,9416505925,6009,11,0
NODE,0.758893,999,48665.240000,8678820101,6011,13,0
NODE,0.758893,999,48696.480000,10125089697,6074,77,0
NODE,0.758893,999,48728.620000,9056170857,6018,20,0
NODE,0.758893,999,48869.930000,9347322512,6020,22,0
NODE,0.758893,999,48970.840000,9938616072,6005,7,0
NODE,0.758893,999,49046.820000,9207891340,6010,12,0
NODE,0.758893,999,49077.390000,10100008269,6070,72,0
NODE,0.758893,999,49251.140000,9649663666,6016,18,0
NODE,0.758893,999,51112.990000,9772807034,6021,23,0
NODE,0.758893,999,51471.940000,10642679507,6033,36,0
NODE,0.758893,999,51672.330000,9785224847,6012,14,0
NODE,0.758893,999,51883.270000,9739922666,6014,16,0
NODE,0.758893,999,52141.990000,10253965774,6008,10,0
NODE,0.758893,999,40931.480000,8018667154,6084,41,0
NODE,0.758893,999,42817.420000,9135240302,6080,69,0
NODE,0.758893,999,42893.980000,9440484539,6081,58,0
NODE,0.758893,999,38307.350000,7570407384,6111,2,0
NODE,0.758893,999,36714.630000,6515757789,6130,30,0
NODE,0.758893,999,43761.290000,8951268591,6082,46,0
NODE,0.758893,999,42556.780000,7861486430,6085,60,0
NODE,0.758893,999,40082.040000,7411884165,6106,4,0
NODE,0.758893,999,43456.000000,8484507603,6083,54,0
NODE,0.758893,999,41316.560000,8808284727,6102,75,0
NODE,0.758893,999,44177.300000,8989815094,6087,74,0
NODE,0.758893,999,43649.030000,9185178316,6092,1,0
NODE,0.758893,999,43770.500000,8967627600,6091,64,0
NODE,0.758893,999,42247.720000,8266754878,6103,49,0
NODE,0.758893,999,45272.620000,8950022441,6086,66,0
NODE,0.758893,999,44324.600000,8582642107,6090,47,0
NODE,0.758893,999,40512.740000,8504418695,6120,8,0
NODE,0.758893,999,43959.770000,9124532993,6095,43,0
NODE,0.758893,999,47217.680000,9401837381,6079,61,0
NODE,0.758893,999,43245.840000,9263323602,6100,39,0
NODE,0.758893,999,43208.520000,9025173530,6107,65,0
NODE,0.758893,999,45111.700000,9533511917,6094,3,0
NODE,0.758893,999,42794.000000,9037902102,6113,70,0
NODE,0.758893,999,44313.300000,9223425647,6101,53,0
NODE,0.758893,999,46099.080000,8967074928,6089,52,0
NODE,0.758893,999,46814.720000,10199311390,6088,44,0
NODE,0.758893,999,43357.570000,8695288012,6110,71,0
NODE,0.758893,999,43054.480000,8020011977,6115,19,0
NODE,0.758893,999,40687.700000,7351712070,6136,79,0
NODE,0.758893,999,39287.140000,7612653353,6152,18,0
NODE,0.758893,999,44441.920000,9620202501,6104,59,0
NODE,0.758893,999,42688.020000,8526485850,6122,29,0
NODE,0.758893,999,41868.620000,8430036460,6131,21,0
NODE,0.758893,999,40773.930000,7911611973,6143,45,0
NODE,0.758893,999,41482.850000,8457816090,6135,17,0
NODE,0.758893,999,44951.990000,9049886907,6105,33,0
NODE,0.758893,999,43044.120000,9062263309,6123,62,0
NODE,0.758893,999,42850.130000,8015711145,6127,31,0
NODE,0.758893,999,44050.390000,9054367564,6116,34,0
NODE,0.758893,999,43114.560000,8520996620,6126,37,0
NODE,0.758893,999,42934.220000,8693968227,6128,42,0
NODE,0.758893,999,46266.210000,9393483119,6098,63,0
NODE,0.758893,999,44218.660000,9332619080,6118,78,0
NODE,0.758893,999,44991.230000,8639766086,6112,27,0
NODE,0.758893,999,44687.350000,8681856197,6117,48,0
NODE,0.758893,999,44359.520000,9415812289,6119,32,0
NODE,0.758893,999,45787.550000,9343572525,6108,40,0
NODE,0.758893,999,46846.640000,9586011032,6099,55,0
NODE,0.758893,999,45279.110000,8620530137,6114,28,0
NODE,0.758893,999,48199.170000,9866551479,6096,56,0
NODE,0.758893,999,44916.530000,9681234423,6124,68,0
NODE,0.758893,999,44986.270000,9480542060,6125,6,0
NODE,0.758893,999,44704.980000,8058098071,6129,9,0
NODE,0.758893,999,43478.440000,8875153062,6140,38,0
NODE,0.758893,999,48745.330000,10451450910,6093,51,0
NODE,0.758893,999,43072.150000,8604317411,6146,77,0
NODE,0.758893,999,46924.100000,9751036662,6109,5,0
NODE,0.758893,999,49335.200000,9701641982,6097,67,0
NODE,0.758893,999,44104.950000,8906833339,6144,11,0
NODE,0.758893,999,45208.580000,8610262359,6132,76,0
NODE,0.758893,999,44827.430000,8926497281,6139,57,0
NODE,0.758893,999,45812.280000,8285065670,6133,25,0
NODE,0.758893,999,41976.820000,8472079891,6154,36,0
NODE,0.758893,999,45719.140000,8926319784,6137,24,0
NODE,0.758893,999,45231.920000,8724899660,6142,15,0
NODE,0.758893,999,45035.290000,8999940129,6145,13,0
NODE,0.758893,999,45340.810000,8627308740,6141,26,0
NODE,0.758893,999,46105.930000,9321900220,6138,50,0
NODE,0.758893,999,45783.920000,9333504914,6150,12,0
NODE,0.758893,999,45785.330000,8875083456,6151,72,0
NODE,0.758893,999,43738.210000,8919391199,6155,14,0
NODE,0.758893,999,47845.570000,9809148273,6134,73,0
NODE,0.758893,999,47292.740000,9844034244,6147,20,0
NODE,0.758893,999,47399.200000,9639137992,6149,7,0
NODE,0.758893,999,45284.640000,9347899259,6153,23,0
NODE,0.758893,999,50321.790000,10802741249,6121,35,0
NODE,0.758893,999,47944.550000,9234482995,6148,22,0
NODE,0.758893,999,45943.210000,9815442901,6157,10,0
NODE,0.758893,999,49653.570000,9827359857,6156,16,0
NODE,0.758893,999,41770.710000,8270986054,6158,41,0
NODE,0.758893,999,39474.600000,7942480761,6168,74,0
NODE,0.758893,999,42635.490000,9035407464,6160,58,0
NODE,0.758893,999,42093.620000,8329133188,6161,2,0
NODE,0.758893,999,43357.820000,8828232674,6159,69,0
NODE,0.758893,999,41920.350000,8512386260,6166,54,0
NODE,0.758893,999,43450.430000,9085881814,6165,4,0
NODE,0.758893,999,44874.510000,9126540758,6162,30,0
NODE,0.758893,999,37903.350000,7608102132,6211,38,0
NODE,0.758893,999,44066.380000,8601064065,6169,1,0
NODE,0.758893,999,44933.170000,8803300258,6167,75,0
NODE,0.758893,999,41173.510000,8420669290,6197,37,0
NODE,0.758893,999,43976.890000,8751216844,6175,43,0
NODE,0.758893,999,41813.500000,7769906828,6191,45,0
NODE,0.758893,999,43143.680000,9128662198,6183,44,0
NODE,0.758893,999,48198.750000,9794301556,6163,46,0
NODE,0.758893,999,43829.730000,9796544226,6182,52,0
NODE,0.758893,999,45857.980000,9394332346,6171,49,0
NODE,0.758893,999,48683.130000,9819033429,6164,60,0
NODE,0.758893,999,46330.290000,9433647036,6173,47,0
NODE,0.758893,999,44839.180000,9021485343,6181,53,0
NODE,0.758893,999,44182.260000,9119372509,6190,21,0
NODE,0.758893,999,46563.590000,9258017292,6174,8,0
NODE,0.758893,999,46544.080000,9545500430,6176,61,0
NODE,0.758893,999,43337.370000,8685488460,6203,32,0
NODE,0.758893,999,47544.910000,10435510405,6170,64,0
NODE,0.758893,999,47198.870000,9607244818,6172,66,0
NODE,0.758893,999,44734.170000,8505035980,6196,34,0
NODE,0.758893,999,42891.840000,9011186310,6210,9,0
NODE,0.758893,999,45891.410000,10284339341,6184,71,0
NODE,0.758893,999,42913.520000,9249778345,6212,51,0
NODE,0.758893,999,45004.090000,9211170977,6198,42,0
NODE,0.758893,999,44733.320000,9778538681,6200,78,0
NODE,0.758893,999,45666.490000,8859568241,6192,17,0
NODE,0.758893,999,45377.020000,9003755248,6195,31,0
NODE,0.758893,999,45543.270000,9622664439,6199,63,0
NODE,0.758893,999,46736.560000,8842306835,6188,59,0
NODE,0.758893,999,43955.680000,8832638171,6209,6,0
NODE,0.758893,999,47443.770000,9643167913,6179,3,0
NODE,0.758893,999,46952.330000,9648819895,6187,18,0
NODE,0.758893,999,46640.910000,9241115999,6189,29,0
NODE,0.758893,999,45236.130000,9467144107,6202,48,0
NODE,0.758893,999,45118.260000,9740682181,6205,55,0
NODE,0.758893,999,47175.420000,9479147243,6186,79,0
NODE,0.758893,999,46513.900000,9422363929,6193,33,0
NODE,0.758893,999,48993.820000,10551026820,6177,39,0
NODE,0.758893,999,43820.650000,9616411671,6218,57,0
NODE,0.758893,999,47823.060000,10051592774,6194,62,0
NODE,0.758893,999,49729.860000,10948367305,6178,65,0
NODE,0.758893,999,45856.630000,9412337625,6214,5,0
NODE,0.758893,999,49655.280000,10367799428,6180,70,0
NODE,0.758893,999,44276.320000,9655458031,6224,26,0
NODE,0.758893,999,47797.350000,9677383319,6204,40,0
NODE,0.758893,999,48053.450000,10618611690,6201,27,0
NODE,0.758893,999,45653.800000,9013203199,6220,36,0
NODE,0.758893,999,46519.870000,9467014029,6216,11,0
NODE,0.758893,999,45587.880000,8710438496,6221,24,0
NODE,0.758893,999,46588.980000,9613245275,6217,76,0
NODE,0.758893,999,48483.560000,10632550301,6206,28,0
NODE,0.758893,999,45487.320000,9690785083,6225,50,0
NODE,0.758893,999,47771.690000,10071341583,6213,77,0
NODE,0.758893,999,43193.060000,8626932414,6233,35,0
NODE,0.758893,999,48540.790000,10617898183,6207,56,0
NODE,0.758893,999,51363.980000,10351815366,6185,19,0
NODE,0.758893,999,43559.630000,8796563330,6232,23,0
NODE,0.758893,999,47470.850000,9637787249,6215,67,0
NODE,0.758893,999,44742.450000,7960281221,6229,73,0
NODE,0.758893,999,48871.090000,10230839934,6208,68,0
NODE,0.758893,999,47152.390000,9829769151,6222,15,0
NODE,0.758893,999,44893.570000,8949216810,6230,20,0
NODE,0.758893,999,46366.190000,9320877532,6226,12,0
NODE,0.758893,999,46350.120000,9814770270,6227,72,0
NODE,0.758893,999,47887.210000,10415277323,6219,25,0
NODE,0.758893,999,48011.170000,9911316461,6223,13,0
NODE,0.758893,999,45086.880000,8521973037,6234,22,0
NODE,0.758893,999,44865.290000,9759609993,6235,10,0
NODE,0.758893,999,48028.590000,9730346957,6228,14,0
NODE,0.758893,999,47161.240000,9609310023,6231,7,0
NODE,0.758893,999,42350.380000,7900203792,6236,16,0
NODE,0.758893,999,44014.130000,8991921953,6237,41,0
NODE,0.758893,999,43830.870000,8904373755,6240,2,0
NODE,0.758893,999,44884.480000,9208288580,6239,58,0
NODE,0.758893,999,45990.080000,9004371142,6238,74,0
NODE,0.758893,999,42056.660000,8441073277,6246,1,0
NODE,0.758893,999,46441.850000,9833584189,6241,69,0
NODE,0.758893,999,42243.110000,8615395509,6248,37,0
NODE,0.758893,999,44060.470000,8867150997,6245,38,0
NODE,0.758893,999,47164.700000,9783099858,6242,54,0
NODE,0.758893,999,38837.690000,7262095209,6277,29,0
NODE,0.758893,999,48104.180000,10482670241,6243,4,0
NODE,0.758893,999,45809.780000,8851136370,6250,45,0
NODE,0.758893,999,45453.820000,8397058303,6252,46,0
NODE,0.758893,999,47140.920000,10008726415,6247,75,0
NODE,0.758893,999,38283.710000,6828051594,6297,77,0
NODE,0.758893,999,49548.870000,10444542784,6244,30,0
NODE,0.758893,999,41767.390000,7706395998,6283,57,0
NODE,0.758893,999,39268.970000,7661425027,6295,28,0
NODE,0.758893,999,41111.260000,7647971149,6285,65,0
NODE,0.758893,999,41227.130000,7711995797,6286,5,0
NODE,0.758893,999,45247.710000,8738639599,6261,32,0
NODE,0.758893,999,39324.540000,7939876159,6301,23,0
NODE,0.758893,999,44602.800000,8406397867,6270,17,0
NODE,0.758893,999,44175.750000,8647598440,6273,59,0
NODE,0.758893,999,40607.340000,7559677370,6293,24,0
NODE,0.758893,999,44322.330000,8709129646,6276,18,0
NODE,0.758893,999,44296.380000,9016144554,6278,48,0
NODE,0.758893,999,43969.920000,8341206986,6282,39,0
NODE,0.758893,999,49248.800000,9644529344,6249,43,0
NODE,0.758893,999,42963.880000,8495023438,6284,62,0
NODE,0.758893,999,45470.980000,8934033048,6269,78,0
NODE,0.758893,999,46219.180000,9251174910,6265,9,0
NODE,0.758893,999,39308.090000,6877704127,6309,25,0
NODE,0.758893,999,45979.320000,9027360874,6271,31,0
NODE,0.758893,999,38322.400000,6879954272,6312,10,0
NODE,0.758893,999,43352.820000,7927103113,6288,26,0
NODE,0.758893,999,40796.320000,7771955481,6306,20,0
NODE,0.758893,999,49671.850000,9200442313,6253,52,0
NODE,0.758893,999,50191.610000,9656477738,6251,44,0
NODE,0.758893,999,43811.180000,8191061310,6289,40,0
NODE,0.758893,999,48414.940000,9483216338,6263,66,0
NODE,0.758893,999,44000.790000,8313884381,6290,27,0
NODE,0.758893,999,46771.020000,8836879458,6280,79,0
NODE,0.758893,999,48215.120000,9190981258,6264,34,0
NODE,0.758893,999,50372.740000,10204763629,6254,49,0
NODE,0.758893,999,49405.120000,10115378178,6259,8,0
NODE,0.758893,999,47247.920000,9197563327,6275,3,0
NODE,0.758893,999,42841.740000,8000871300,6300,19,0
NODE,0.758893,999,38893.990000,6735306902,6315,16,0
NODE,0.758893,999,39561.480000,7399865196,6314,7,0
NODE,0.758893,999,45383.380000,8822229083,6287,70,0
NODE,0.758893,999,44095.360000,8310420893,6294,76,0
NODE,0.758893,999,50160.460000,10612565135,6260,61,0
NODE,0.758893,999,42516.480000,8588651906,6307,12,0
NODE,0.758893,999,42743.010000,8162951203,6308,72,0
NODE,0.758893,999,51092.590000,9864164407,6258,21,0
NODE,0.758893,999,45192.330000,9071044964,6292,11,0
NODE,0.758893,999,48836.680000,9180839835,6279,55,0
NODE,0.758893,999,44944.870000,8333740369,6298,35,0
NODE,0.758893,999,50007.390000,9642689819,6268,42,0
NODE,0.758893,999,42879.460000,8369299205,6311,22,0
NODE,0.758893,999,49631.480000,9333808876,6272,63,0
NODE,0.758893,999,43345.730000,8345551905,6310,13,0
NODE,0.758893,999,45380.690000,8430225417,6299,56,0
NODE,0.758893,999,52230.210000,10746561123,6256,47,0
NODE,0.758893,999,45030.990000,8869815761,6304,68,0
NODE,0.758893,999,49684.970000,9499401160,6281,33,0
NODE,0.758893,999,42324.640000,7661593418,6313,14,0
NODE,0.758893,999,46343.480000,8982264364,6296,50,0
NODE,0.758893,999,46846.680000,9372373917,6291,36,0
NODE,0.758893,999,53462.710000,10131469823,6255,60,0
NODE,0.758893,999,51698.820000,9491104364,6267,51,0
NODE,0.758893,999,52448.990000,10447251631,6262,64,0
NODE,0.758893,999,50891.330000,10104674842,6274,6,0
NODE,0.758893,999,46753.040000,8988970548,6302,67,0
NODE,0.758893,999,53817.370000,10855507730,6257,53,0
NODE,0.758893,999,47384.270000,9073384918,6303,73,0
NODE,0.758893,999,47627.370000,9376085938,6305,15,0
NODE,0.758893,999,54682.340000,11202640922,6266,71,0
NODE,0.758893,999,39157.740000,7758434063,6317,2,0
NODE,0.758893,999,38543.650000,6872584993,6319,74,0
NODE,0.758893,999,42114.650000,7924461443,6316,41,0
NODE,0.758893,999,39624.160000,7750450922,6318,58,0
NODE,0.758893,999,37999.140000,7329450232,6324,54,0
NODE,0.758893,999,39833.140000,7293834674,6320,1,0
NODE,0.758893,999,41423.000000,7551327470,6321,69,0
NODE,0.758893,999,39668.960000,7179510787,6326,4,0
NODE,0.758893,999,42879.540000,8484862700,6322,37,0
NODE,0.758893,999,42663.390000,8734418550,6323,38,0
NODE,0.758893,999,40376.580000,8078681911,6330,77,0
NODE,0.758893,999,40995.410000,8629907420,6329,75,0
NODE,0.758893,999,42691.200000,7914701852,6327,45,0
NODE,0.758893,999,41433.150000,7978197750,6331,30,0
NODE,0.758893,999,40080.800000,7758939930,6339,59,0
NODE,0.758893,999,45895.220000,8965064723,6325,29,0
NODE,0.758893,999,41919.170000,8392759389,6332,57,0
NODE,0.758893,999,43020.780000,8326250381,6328,46,0
NODE,0.758893,999,41279.710000,7683867989,6338,17,0
NODE,0.758893,999,42213.890000,8035399995,6334,65,0
NODE,0.758893,999,39180.700000,8137828933,6353,52,0
NODE,0.758893,999,42899.320000,8217715811,6333,28,0
NODE,0.758893,999,41963.010000,8042525175,6343,39,0
NODE,0.758893,999,42748.390000,8570734701,6337,23,0
NODE,0.758893,999,43120.130000,8388688419,6335,5,0
NODE,0.758893,999,42122.880000,8505879040,6344,43,0
NODE,0.758893,999,42633.690000,8180172992,6345,62,0
NODE,0.758893,999,43199.540000,8333066898,6341,18,0
NODE,0.758893,999,44101.110000,8379748721,6336,32,0
NODE,0.758893,999,38719.340000,7178763461,6373,55,0
NODE,0.758893,999,41604.760000,8992454617,6352,20,0
NODE,0.758893,999,40016.730000,7303722676,6367,76,0
NODE,0.758893,999,36597.370000,6790066716,6391,53,0
NODE,0.758893,999,42202.690000,8588704645,6350,10,0
NODE,0.758893,999,42953.170000,8088092213,6348,25,0
NODE,0.758893,999,43921.970000,8374628481,6340,24,0
NODE,0.758893,999,41267.290000,8538620384,6358,79,0
NODE,0.758893,999,41197.190000,8125571249,6359,34,0
NODE,0.758893,999,39125.510000,7349543825,6374,35,0
NODE,0.758893,999,38075.070000,6888010310,6384,50,0
NODE,0.758893,999,41140.490000,7600842601,6363,19,0
NODE,0.758893,999,42577.840000,9356720439,6351,26,0
NODE,0.758893,999,43319.540000,8906414338,6347,9,0
NODE,0.758893,999,43795.770000,8989241293,6346,78,0
NODE,0.758893,999,38576.250000,7345234485,6382,33,0
NODE,0.758893,999,37975.240000,6892047294,6389,6,0
NODE,0.758893,999,44499.360000,8705932164,6342,48,0
NODE,0.758893,999,42511.320000,8665903551,6356,66,0
NODE,0.758893,999,38178.590000,7405067591,6390,67,0
NODE,0.758893,999,38891.660000,7240753265,6388,64,0
NODE,0.758893,999,40381.580000,8100088753,6376,22,0
NODE,0.758893,999,42515.430000,8180468711,6361,8,0
NODE,0.758893,999,42222.270000,7832111541,6366,70,0
NODE,0.758893,999,43610.560000,9356976613,6354,44,0
NODE,0.758893,999,41815.340000,7961061540,6368,61,0
NODE,0.758893,999,43091.580000,8916718273,6360,49,0
NODE,0.758893,999,39747.310000,7087279711,6385,36,0
NODE,0.758893,999,41771.760000,7819782028,6370,72,0
NODE,0.758893,999,44980.130000,9164998138,6349,31,0
NODE,0.758893,999,40171.400000,7543995351,6383,14,0
NODE,0.758893,999,41560.590000,7757228580,6375,42,0
NODE,0.758893,999,42539.700000,8142009022,6369,12,0
NODE,0.758893,999,44226.130000,8950778528,6355,40,0
NODE,0.758893,999,42992.630000,8753658524,6372,11,0
NODE,0.758893,999,44249.050000,8603844401,6365,7,0
NODE,0.758893,999,41589.460000,7415972016,6386,60,0
NODE,0.758893,999,42864.740000,7608772193,6380,47,0
NODE,0.758893,999,45381.230000,8320325491,6362,3,0
NODE,0.758893,999,42061.760000,7443010286,6387,51,0
NODE,0.758893,999,40718.490000,7214649642,6392,73,0
NODE,0.758893,999,46659.780000,9186472921,6357,27,0
NODE,0.758893,999,40424.240000,7869295199,6394,71,0
NODE,0.758893,999,41195.710000,7520881394,6393,15,0
NODE,0.758893,999,44920.090000,7947159004,6377,63,0
NODE,0.758893,999,45122.040000,8351426391,6381,68,0
NODE,0.758893,999,49102.730000,9609391614,6364,16,0
NODE,0.758893,999,47800.550000,9370047390,6371,21,0
NODE,0.758893,999,47953.440000,9533905556,6378,13,0
NODE,0.758893,999,48624.590000,9558733326,6379,56,0
NODE,0.758893,999,37958.800000,6867449726,6396,74,0
NODE,0.758893,999,38622.710000,7500535875,6398,58,0
NODE,0.758893,999,42007.990000,8442725927,6395,2,0
NODE,0.758893,999,44290.080000,8350525726,6397,41,0
NODE,0.758893,999,42948.210000,8708235268,6400,1,0
NODE,0.758893,999,43598.980000,8348003219,6399,54,0
NODE,0.758893,999,40476.790000,7034199046,6404,38,0
NODE,0.758893,999,39350.210000,6770586508,6405,77,0
NODE,0.758893,999,37377.020000,6150528949,6414,65,0
NODE,0.758893,999,42849.320000,7956363871,6402,4,0
NODE,0.758893,999,41165.990000,7538604813,6406,75,0
NODE,0.758893,999,39405.480000,6742487202,6413,17,0
NODE,0.758893,999,37465.120000,7110087527,6422,18,0
NODE,0.758893,999,45610.210000,8763023005,6403,37,0
NODE,0.758893,999,41211.910000,7600357107,6411,57,0
NODE,0.758893,999,42484.830000,7103273683,6407,45,0
NODE,0.758893,999,41284.800000,7307371495,6415,52,0
NODE,0.758893,999,41827.340000,7508096187,6412,46,0
NODE,0.758893,999,41029.400000,7193757053,6416,28,0
NODE,0.758893,999,40267.060000,7475526802,6420,43,0
NODE,0.758893,999,42536.400000,7500761234,6410,29,0
NODE,0.758893,999,39510.180000,7236025498,6425,20,0
NODE,0.758893,999,49146.240000,10221294921,6401,69,0
NODE,0.758893,999,39509.040000,7556995799,6429,25,0
NODE,0.758893,999,40279.340000,7755253815,6423,32,0
NODE,0.758893,999,40795.710000,7687208629,6421,62,0
NODE,0.758893,999,38799.760000,7700840294,6447,70,0
NODE,0.758893,999,42280.330000,7617508929,6419,5,0
NODE,0.758893,999,42370.120000,7136542770,6418,23,0
NODE,0.758893,999,40765.340000,7885380962,6431,79,0
NODE,0.758893,999,41410.330000,7657947621,6424,55,0
NODE,0.758893,999,44951.220000,8374397250,6409,59,0
NODE,0.758893,999,39143.770000,7540514748,6450,49,0
NODE,0.758893,999,39906.400000,7751617190,6443,67,0
NODE,0.758893,999,45374.930000,8295337565,6408,30,0
NODE,0.758893,999,38770.420000,7074208640,6455,42,0
NODE,0.758893,999,41525.990000,8215349160,6428,10,0
NODE,0.758893,999,41584.110000,7895377300,6437,9,0
NODE,0.758893,999,40803.220000,7481596746,6442,66,0
NODE,0.758893,999,39247.900000,7493737073,6457,40,0
NODE,0.758893,999,41551.520000,8047222690,6438,78,0
NODE,0.758893,999,41990.530000,7957219982,6433,35,0
NODE,0.758893,999,41936.370000,7664356207,6439,33,0
NODE,0.758893,999,40986.670000,8040216690,6444,64,0
NODE,0.758893,999,42269.410000,7847785962,6436,26,0
NODE,0.758893,999,40528.140000,7982880392,6451,36,0
NODE,0.758893,999,43334.850000,7998775582,6434,50,0
NODE,0.758893,999,43796.050000,8507642247,6427,53,0
NODE,0.758893,999,41300.550000,7261058462,6454,14,0
NODE,0.758893,999,43767.830000,7944415643,6432,34,0
NODE,0.758893,999,45749.850000,8498712050,6417,39,0
NODE,0.758893,999,44007.100000,8529671379,6435,19,0
NODE,0.758893,999,44294.020000,8354503011,6430,24,0
NODE,0.758893,999,43286.430000,7999083532,6446,8,0
NODE,0.758893,999,43119.190000,8977486472,6449,61,0
NODE,0.758893,999,40575.060000,7567667120,6464,73,0
NODE,0.758893,999,44441.130000,8415645836,6445,22,0
NODE,0.758893,999,46609.570000,8801251721,6426,76,0
NODE,0.758893,999,42413.010000,7579916611,6460,60,0
NODE,0.758893,999,45714.740000,7917985883,6440,6,0
NODE,0.758893,999,44941.640000,9034286052,6453,31,0
NODE,0.758893,999,45523.690000,8708376099,6452,72,0
NODE,0.758893,999,43720.100000,8721361090,6462,3,0
NODE,0.758893,999,43756.620000,8932397459,6461,47,0
NODE,0.758893,999,43638.560000,7597735036,6463,51,0
NODE,0.758893,999,45885.640000,8905685743,6456,12,0
NODE,0.758893,999,44855.280000,8911332181,6459,7,0
NODE,0.758893,999,43171.200000,8179758813,6465,27,0
NODE,0.758893,999,43497.840000,8478021296,6467,15,0
NODE,0.758893,999,47789.450000,9273839891,6448,44,0
NODE,0.758893,999,50254.500000,9689374159,6441,48,0
NODE,0.758893,999,43254.590000,8431673631,6471,21,0
NODE,0.758893,999,42839.730000,8373849393,6472,13,0
NODE,0.758893,999,46330.370000,8292114072,6468,63,0
NODE,0.758893,999,49183.550000,9385897551,6458,11,0
NODE,0.758893,999,47910.880000,9404337729,6466,71,0
NODE,0.758893,999,44419.980000,8207000958,6473,56,0
NODE,0.758893,999,48789.870000,9287683725,6469,68,0
NODE,0.758893,999,47739.630000,9299570407,6470,16,0
NODE,0.758893,999,43523.290000,8111918699,6475,58,0
NODE,0.758893,999,45035.770000,8318684805,6474,74,0
NODE,0.758893,999,43837.710000,8367448967,6476,2,0
NODE,0.758893,999,40496.500000,7769869459,6477,41,0
NODE,0.758893,999,43449.620000,8677910333,6478,1,0
NODE,0.758893,999,44047.010000,8718644021,6480,38,0
NODE,0.758893,999,42806.820000,7998372932,6482,65,0
NODE,0.758893,999,45924.930000,8778285962,6479,54,0
NODE,0.758893,999,37747.420000,6679474243,6507,67,0
NODE,0.758893,999,43180.750000,8504947133,6485,17,0
NODE,0.758893,999,45012.410000,8651368957,6483,4,0
NODE,0.758893,999,38722.970000,6828506409,6506,49,0
NODE,0.758893,999,40788.900000,7900292695,6495,20,0
NODE,0.758893,999,42523.110000,8561656721,6487,37,0
NODE,0.758893,999,39385.950000,7187480554,6508,30,0
NODE,0.758893,999,42223.860000,8434592410,6492,28,0
NODE,0.758893,999,41593.910000,7691205986,6497,25,0
NODE,0.758893,999,43252.560000,8777470273,6488,57,0
NODE,0.758893,999,43046.740000,8366156623,6489,45,0
NODE,0.758893,999,44702.790000,8576253439,6486,18,0
NODE,0.758893,999,40186.680000,7561857940,6510,10,0
NODE,0.758893,999,42713.000000,8420754383,6493,43,0
NODE,0.758893,999,43069.840000,8273286501,6490,52,0
NODE,0.758893,999,39520.240000,7193457645,6515,35,0
NODE,0.758893,999,46274.520000,9279967768,6484,75,0
NODE,0.758893,999,41100.010000,7520322702,6509,42,0
NODE,0.758893,999,44105.190000,8966871424,6491,46,0
NODE,0.758893,999,42076.280000,8127027421,6502,23,0
NODE,0.758893,999,41963.450000,7717724296,6504,55,0
NODE,0.758893,999,41108.270000,7649938762,6512,66,0
NODE,0.758893,999,42276.120000,7894699966,6503,79,0
NODE,0.758893,999,38835.130000,6845104344,6526,24,0
NODE,0.758893,999,41261.710000,7296157489,6513,40,0
NODE,0.758893,999,39756.720000,7953724030,6522,14,0
NODE,0.758893,999,44156.990000,8570609524,6496,69,0
NODE,0.758893,999,49865.360000,10003484437,6481,77,0
NODE,0.758893,999,41585.610000,7865617213,6516,33,0
NODE,0.758893,999,45226.150000,8957645876,6494,29,0
NODE,0.758893,999,40519.790000,7423660310,6523,34,0
NODE,0.758893,999,43464.390000,8253550815,6505,59,0
NODE,0.758893,999,42837.090000,8210468678,6511,9,0
NODE,0.758893,999,42856.900000,7938790523,6514,78,0
NODE,0.758893,999,40826.340000,7530317846,6524,39,0
NODE,0.758893,999,41214.010000,7673963498,6525,19,0
NODE,0.758893,999,44850.960000,8792273948,6501,5,0
NODE,0.758893,999,43211.900000,8227728271,6518,26,0
NODE,0.758893,999,43382.420000,8162049694,6517,64,0
NODE,0.758893,999,45386.960000,8750300547,6500,70,0
NODE,0.758893,999,46077.420000,9081083795,6499,62,0
NODE,0.758893,999,43009.740000,8084295923,6520,50,0
NODE,0.758893,999,41303.770000,7632819725,6529,73,0
NODE,0.758893,999,41847.120000,7244252355,6528,61,0
NODE,0.758893,999,47087.460000,8946172139,6498,32,0
NODE,0.758893,999,43042.820000,8132849962,6527,8,0
NODE,0.758893,999,41797.720000,7847617652,6533,6,0
NODE,0.758893,999,44667.300000,8496301590,6521,53,0
NODE,0.758893,999,41171.540000,7968234958,6534,31,0
NODE,0.758893,999,46675.370000,9324024918,6519,36,0
NODE,0.758893,999,44104.640000,7631113993,6532,60,0
NODE,0.758893,999,44688.970000,8758736167,6530,22,0
NODE,0.758893,999,42684.870000,8067739440,6536,3,0
NODE,0.758893,999,42809.380000,7708110336,6537,47,0
NODE,0.758893,999,42735.930000,7764284002,6538,51,0
NODE,0.758893,999,41663.890000,7270512508,6543,44,0
NODE,0.758893,999,43171.570000,8116289209,6542,15,0
NODE,0.758893,999,45329.390000,8598054089,6535,72,0
NODE,0.758893,999,44803.420000,8362052294,6540,7,0
NODE,0.758893,999,44952.600000,8238225569,6539,12,0
NODE,0.758893,999,44949.220000,8797969245,6541,27,0
NODE,0.758893,999,42910.800000,7954172717,6544,48,0
NODE,0.758893,999,41907.170000,7592737896,6548,11,0
NODE,0.758893,999,48648.140000,9700700175,6531,76,0
NODE,0.758893,999,45030.270000,8123447561,6545,21,0
NODE,0.758893,999,41497.810000,8478114163,6552,16,0
NODE,0.758893,999,45001.500000,8923836534,6547,63,0
NODE,0.758893,999,43937.470000,8011665407,6549,71,0
NODE,0.758893,999,45953.620000,8695017238,6546,13,0
NODE,0.758893,999,43985.130000,8998507681,6550,56,0
NODE,0.758893,999,44226.460000,8230402665,6551,68,0
NODE,0.758893,999,44226.190000,7728069079,6554,74,0
NODE,0.758893,999,45444.860000,8460533601,6553,58,0
NODE,0.758893,999,44245.740000,8184030907,6555,2,0
NODE,0.758893,999,46215.610000,8354875258,6556,41,0
NODE,0.758893,999,38483.330000,7115507053,6564,49,0
NODE,0.758893,999,42443.320000,8141576499,6560,54,0
NODE,0.758893,999,39106.650000,7200746326,6568,28,0
NODE,0.758893,999,40275.860000,7921456208,6563,4,0
NODE,0.758893,999,40251.300000,7492752596,6565,20,0
NODE,0.758893,999,39198.900000,7110695511,6576,35,0
NODE,0.758893,999,39606.930000,7772432949,6572,18,0
NODE,0.758893,999,44259.330000,9147124153,6558,38,0
NODE,0.758893,999,42500.600000,8457180200,6561,67,0
NODE,0.758893,999,46531.730000,9395029787,6557,1,0
NODE,0.758893,999,41047.950000,7409440756,6566,37,0
NODE,0.758893,999,44291.200000,8684510118,6559,65,0
NODE,0.758893,999,40889.200000,7584425982,6575,52,0
NODE,0.758893,999,42199.530000,7709686408,6567,30,0
NODE,0.758893,999,34178.260000,5963439271,6610,36,0
NODE,0.758893,999,41287.050000,7681169015,6578,42,0
NODE,0.758893,999,42446.830000,8489915245,6571,45,0
NODE,0.758893,999,42372.360000,7838265206,6573,10,0
NODE,0.758893,999,42803.060000,8605834408,6570,57,0
NODE,0.758893,999,42423.600000,7872920155,6574,43,0
NODE,0.758893,999,44285.980000,9293937795,6562,17,0
NODE,0.758893,999,37183.850000,6564971329,6605,32,0
NODE,0.758893,999,37543.400000,6964816336,6603,73,0
NODE,0.758893,999,41243.110000,8040372741,6583,79,0
NODE,0.758893,999,42292.160000,7328100561,6577,75,0
NODE,0.758893,999,41118.270000,7771432470,6587,69,0
NODE,0.758893,999,43662.710000,7950631990,6569,25,0
NODE,0.758893,999,40955.350000,7720162208,6591,34,0
NODE,0.758893,999,42557.810000,8027889037,6585,40,0
NODE,0.758893,999,43018.910000,7988908071,6581,55,0
NODE,0.758893,999,43215.910000,8067428464,6582,66,0
