NODE,0.758893,999,37272.010000,7002766251,45008,12,0
NODE,0.758893,999,38151.140000,6941875183,45021,30,0
NODE,0.758893,999,38794.280000,6725295628,45022,31,0
NODE,0.758893,999,38808.310000,7036931023,45001,4,0
NODE,0.758893,999,39157.310000,7186793878,45018,26,0
NODE,0.758893,999,39605.350000,7136863097,45078,79,0
NODE,0.758893,999,39881.350000,7602327785,45015,22,0
NODE,0.758893,999,40019.520000,7229156777,45044,44,0
NODE,0.758893,999,40149.220000,7346388052,45010,14,0
NODE,0.758893,999,40233.120000,7871087497,45000,3,0
NODE,0.758893,999,40331.990000,7709920241,45013,19,0
NODE,0.758893,999,40471.370000,7072760420,45039,73,0
NODE,0.758893,999,40496.300000,7321841690,45023,32,0
NODE,0.758893,999,40655.970000,7546594995,45014,21,0
NODE,0.758893,999,40660.030000,7577336671,45045,68,0
NODE,0.758893,999,40723.940000,6991712197,45019,27,0
NODE,0.758893,999,40864.540000,8115737094,45009,13,0
NODE,0.758893,999,40873.890000,7681259761,45026,35,0
NODE,0.758893,999,40908.510000,7488540038,45029,39,0
NODE,0.758893,999,40999.640000,7433701429,45036,60,0
NODE,0.758893,999,41190.070000,7737613496,45028,38,0
NODE,0.758893,999,41299.380000,7907820249,45060,67,0
NODE,0.758893,999,41358.650000,7764772063,45042,61,0
NODE,0.758893,999,41394.470000,7769790212,45002,5,0
NODE,0.758893,999,41555.590000,7641171310,45043,59,0
NODE,0.758893,999,41558.280000,7373278001,45037,64,0
NODE,0.758893,999,41720.940000,7717545083,45025,34,0
NODE,0.758893,999,42141.400000,8543924762,45007,11,0
NODE,0.758893,999,42187.290000,8729091298,45006,10,0
NODE,0.758893,999,42201.010000,7770941140,45020,28,0
NODE,0.758893,999,42247.130000,8014663587,45012,17,0
NODE,0.758893,999,42354.630000,8328697557,45046,55,0
NODE,0.758893,999,42745.060000,7777210561,45076,56,0
NODE,0.758893,999,42924.320000,7923824087,45059,69,0
NODE,0.758893,999,43036.000000,8334476294,45003,6,0
NODE,0.758893,999,43107.570000,7716786698,45048,1,0
NODE,0.758893,999,43114.070000,8620290177,45011,15,0
NODE,0.758893,999,43237.630000,8093193952,45051,51,0
NODE,0.758893,999,43283.330000,8097966723,45073,18,0
NODE,0.758893,999,43382.600000,7598710017,45063,49,0
NODE,0.758893,999,43399.770000,8746700286,45005,8,0
NODE,0.758893,999,43414.780000,8348434980,45049,77,0
NODE,0.758893,999,43451.880000,7633978283,45035,48,0
NODE,0.758893,999,43624.600000,8274606877,45062,75,0
NODE,0.758893,999,43637.520000,8264583226,45072,9,0
NODE,0.758893,999,43657.870000,7546153298,45061,70,0
NODE,0.758893,999,43669.160000,8310356836,45041,40,0
NODE,0.758893,999,43673.440000,7802511893,45024,33,0
NODE,0.758893,999,43678.310000,7942555915,45050,42,0
NODE,0.758893,999,43724.020000,8669537440,45077,58,0
NODE,0.758893,999,43776.700000,7614318191,45047,20,0
NODE,0.758893,999,43839.310000,8885991710,45017,24,0
NODE,0.758893,999,43857.190000,9530608861,45016,23,0
NODE,0.758893,999,43931.990000,7421616365,45032,25,0
NODE,0.758893,999,44083.390000,7931897916,45066,72,0
NODE,0.758893,999,44299.210000,8790147733,45030,2,0
NODE,0.758893,999,44422.140000,9114161060,45004,7,0
NODE,0.758893,999,44542.370000,8848761555,45074,29,0
NODE,0.758893,999,44649.590000,8405544481,45058,78,0
NODE,0.758893,999,44823.680000,7832980499,45033,36,0
NODE,0.758893,999,45476.470000,8735647162,45040,71,0
NODE,0.758893,999,45739.740000,8645596578,45031,16,0
NODE,0.758893,999,45763.600000,8545525933,45027,37,0
NODE,0.758893,999,45954.880000,8942822764,45034,46,0
NODE,0.758893,999,46199.110000,9086072079,45064,62,0
NODE,0.758893,999,46320.700000,9076195231,45067,53,0
NODE,0.758893,999,46496.500000,8739899799,45070,57,0
NODE,0.758893,999,46567.860000,8543391896,45052,54,0
NODE,0.758893,999,47007.640000,8523519319,45038,45,0
NODE,0.758893,999,47391.140000,8630621838,45054,63,0
NODE,0.758893,999,47597.460000,9404041815,45071,52,0
NODE,0.758893,999,47616.010000,8942540543,45075,41,0
NODE,0.758893,999,47669.690000,8999500932,45055,43,0
NODE,0.758893,999,47929.840000,9373870994,45068,50,0
NODE,0.758893,999,48330.270000,8791688486,45053,74,0
NODE,0.758893,999,48394.470000,9000074232,45056,47,0
NODE,0.758893,999,50299.440000,9328105784,45057,76,0
NODE,0.758893,999,52719.390000,10257026469,45069,66,0
NODE,0.758893,999,53038.430000,10629849315,45065,65,0
NODE,0.758893,999,38799.640000,7447804842,45102,5,0
NODE,0.758893,999,40048.340000,7365637269,45088,3,0
NODE,0.758893,999,40105.110000,7025996812,45089,19,0
NODE,0.758893,999,42525.290000,8530191962,45081,31,0
NODE,0.758893,999,44502.330000,8572287939,45079,12,0
NODE,0.758893,999,41923.670000,8263228021,45085,22,0
NODE,0.758893,999,42385.500000,7687579797,45090,73,0
NODE,0.758893,999,42303.280000,7804237560,45093,68,0
NODE,0.758893,999,41844.870000,8540597538,45101,61,0
NODE,0.758893,999,41046.920000,7609872227,45107,10,0
NODE,0.758893,999,44569.630000,8222964793,45082,4,0
NODE,0.758893,999,43488.690000,8612764372,45086,44,0
NODE,0.758893,999,42943.350000,8104006215,45092,21,0
NODE,0.758893,999,41037.240000,7343193685,45111,56,0
NODE,0.758893,999,40186.460000,7246337789,45125,40,0
NODE,0.758893,999,41813.920000,8606845770,45109,17,0
NODE,0.758893,999,44167.200000,8178544122,45087,14,0
NODE,0.758893,999,43259.800000,8726791186,45100,67,0
NODE,0.758893,999,42232.640000,7926197196,45110,55,0
NODE,0.758893,999,41346.430000,7346746138,45129,20,0
NODE,0.758893,999,41933.780000,7450248347,45117,18,0
NODE,0.758893,999,41890.630000,7419492454,45119,8,0
NODE,0.758893,999,44837.290000,8910856615,45091,32,0
NODE,0.758893,999,42163.470000,8155510916,45116,51,0
NODE,0.758893,999,42595.210000,7699893729,45112,69,0
NODE,0.758893,999,44673.770000,8468449590,45095,13,0
NODE,0.758893,999,42210.100000,7375306901,45118,49,0
NODE,0.758893,999,42302.700000,7488637910,45123,9,0
NODE,0.758893,999,43029.640000,7921811162,45113,6,0
NODE,0.758893,999,48022.430000,9820522790,45080,30,0
NODE,0.758893,999,44064.880000,8403439183,45106,11,0
NODE,0.758893,999,45449.920000,8995317492,45096,35,0
NODE,0.758893,999,45679.630000,8899910179,45094,27,0
NODE,0.758893,999,44915.850000,9135700849,45104,64,0
NODE,0.758893,999,44749.140000,8622742899,45105,34,0
NODE,0.758893,999,47463.610000,8988037908,45083,26,0
NODE,0.758893,999,44520.690000,8810761906,45108,28,0
NODE,0.758893,999,45268.870000,9470645823,45103,59,0
NODE,0.758893,999,43795.270000,7761045664,45114,1,0
NODE,0.758893,999,46234.660000,9510039220,45097,39,0
NODE,0.758893,999,43524.340000,7822630588,45122,75,0
NODE,0.758893,999,46289.100000,9265111967,45099,38,0
NODE,0.758893,999,44109.880000,8188373336,45130,24,0
NODE,0.758893,999,44380.770000,7988842966,45124,70,0
NODE,0.758893,999,44740.470000,8323210534,45120,77,0
NODE,0.758893,999,43616.050000,8521997937,45136,29,0
NODE,0.758893,999,49182.400000,9318019798,45084,79,0
NODE,0.758893,999,44969.120000,7605887013,45132,25,0
NODE,0.758893,999,46349.430000,9334590692,45115,15,0
NODE,0.758893,999,46164.070000,9155823195,45126,33,0
NODE,0.758893,999,48946.410000,10245772673,45098,60,0
NODE,0.758893,999,46376.550000,8402477832,45131,23,0
NODE,0.758893,999,47178.840000,8691899571,45121,48,0
NODE,0.758893,999,46665.030000,8976111007,45133,72,0
NODE,0.758893,999,46556.760000,8753049748,45135,7,0
NODE,0.758893,999,47432.130000,9219858812,45128,58,0
NODE,0.758893,999,45213.920000,8105279781,45142,46,0
NODE,0.758893,999,44833.100000,7990772046,45145,57,0
NODE,0.758893,999,43989.280000,7919606083,45150,41,0
NODE,0.758893,999,43331.360000,8608968014,45154,47,0
NODE,0.758893,999,47597.070000,9019163202,45134,2,0
NODE,0.758893,999,46272.830000,8208748006,45141,37,0
NODE,0.758893,999,44411.230000,7682901934,45151,43,0
NODE,0.758893,999,46595.340000,8190070187,45144,53,0
NODE,0.758893,999,43523.920000,8112434394,45155,76,0
NODE,0.758893,999,45981.590000,8258165367,45153,74,0
NODE,0.758893,999,47319.430000,8569655253,45147,45,0
NODE,0.758893,999,50854.940000,9409304527,45127,42,0
NODE,0.758893,999,46778.690000,8529579198,45152,50,0
NODE,0.758893,999,49887.940000,9072816821,45143,62,0
NODE,0.758893,999,51536.730000,9989107005,45137,78,0
NODE,0.758893,999,52033.340000,9798098524,45138,36,0
NODE,0.758893,999,44995.080000,8436250602,45156,66,0
NODE,0.758893,999,51276.370000,9579062660,45148,63,0
NODE,0.758893,999,52173.460000,9280701052,45146,54,0
NODE,0.758893,999,53258.240000,10598293211,45140,16,0
NODE,0.758893,999,45996.190000,7819140313,45157,65,0
NODE,0.758893,999,52164.160000,9722779677,45149,52,0
NODE,0.758893,999,54728.110000,10554634774,45139,71,0
NODE,0.758893,999,42796.840000,7872880644,45160,19,0
NODE,0.758893,999,46661.830000,8820081192,45159,3,0
NODE,0.758893,999,36592.870000,6560199467,45211,72,0
NODE,0.758893,999,46220.010000,8308850346,45161,31,0
NODE,0.758893,999,45808.880000,8632037823,45163,22,0
NODE,0.758893,999,41762.320000,7502891641,45188,11,0
NODE,0.758893,999,42057.740000,7562188134,45191,64,0
NODE,0.758893,999,45238.300000,8516210490,45168,4,0
NODE,0.758893,999,43517.620000,8163373560,45177,20,0
NODE,0.758893,999,45167.440000,8273275856,45169,44,0
NODE,0.758893,999,44094.680000,7684820901,45176,55,0
NODE,0.758893,999,42181.430000,7714350198,45196,1,0
NODE,0.758893,999,41229.500000,7710976219,45203,29,0
NODE,0.758893,999,42936.710000,7959298273,45192,34,0
NODE,0.758893,999,42346.870000,8202528110,45198,75,0
NODE,0.758893,999,43629.460000,7841577402,45185,9,0
NODE,0.758893,999,44349.170000,7945070774,45179,8,0
NODE,0.758893,999,42240.700000,7940272369,45199,38,0
NODE,0.758893,999,48089.020000,8627503029,45162,12,0
NODE,0.758893,999,44629.000000,8392746569,45181,51,0
NODE,0.758893,999,39963.890000,7291196910,45209,23,0
NODE,0.758893,999,38621.440000,6976921629,45216,41,0
NODE,0.758893,999,50096.000000,9176718584,45158,5,0
NODE,0.758893,999,43901.210000,8391655888,45190,27,0
NODE,0.758893,999,46732.900000,8299192189,45171,56,0
NODE,0.758893,999,47809.750000,8422000013,45164,73,0
NODE,0.758893,999,44825.170000,8506472075,45186,6,0
NODE,0.758893,999,46355.800000,8687082269,45175,67,0
NODE,0.758893,999,42215.790000,7917711216,45204,79,0
NODE,0.758893,999,45098.670000,8519381508,45187,30,0
NODE,0.758893,999,47435.210000,8821777295,45174,14,0
NODE,0.758893,999,45486.880000,8263430040,45189,35,0
NODE,0.758893,999,38995.360000,7142695930,45221,53,0
NODE,0.758893,999,46810.360000,8657017744,45180,32,0
NODE,0.758893,999,41593.510000,7669036048,45210,48,0
NODE,0.758893,999,45808.770000,8256658979,45193,26,0
NODE,0.758893,999,45629.240000,8137157282,45195,59,0
NODE,0.758893,999,46930.870000,8573439631,45182,69,0
NODE,0.758893,999,41480.450000,7346205749,45213,58,0
NODE,0.758893,999,43965.410000,8245918116,45205,25,0
NODE,0.758893,999,43438.440000,8256587980,45206,15,0
NODE,0.758893,999,47693.550000,8929010740,45178,18,0
NODE,0.758893,999,45830.290000,9023837198,45197,39,0
NODE,0.758893,999,46578.380000,8656061510,45194,28,0
NODE,0.758893,999,37147.310000,6517636878,45228,78,0
NODE,0.758893,999,50200.730000,9040025676,45166,61,0
NODE,0.758893,999,50475.860000,8776989052,45165,68,0
NODE,0.758893,999,45440.960000,8242399831,45201,70,0
NODE,0.758893,999,41398.390000,7684395162,45220,43,0
NODE,0.758893,999,45655.070000,8135444398,45200,24,0
NODE,0.758893,999,48118.300000,9019339464,45184,49,0
NODE,0.758893,999,42467.550000,8077814220,45215,57,0
NODE,0.758893,999,48346.740000,9672168929,45183,13,0
NODE,0.758893,999,45746.880000,7845589193,45202,77,0
NODE,0.758893,999,43448.390000,8142173394,45212,7,0
NODE,0.758893,999,42885.290000,8081679018,45217,47,0
NODE,0.758893,999,50734.010000,9656577537,45173,17,0
NODE,0.758893,999,45200.600000,8577102228,45207,33,0
NODE,0.758893,999,43375.980000,7951064915,45218,2,0
NODE,0.758893,999,44158.010000,8537564669,45214,46,0
NODE,0.758893,999,52375.780000,9900479009,45167,10,0
NODE,0.758893,999,37154.290000,6962887643,45231,63,0
NODE,0.758893,999,51978.920000,9582676463,45172,40,0
NODE,0.758893,999,37151.720000,6484448263,45232,54,0
NODE,0.758893,999,45997.810000,8694485790,45208,60,0
NODE,0.758893,999,41619.650000,7298823873,45225,42,0
NODE,0.758893,999,52616.610000,9967418611,45170,21,0
NODE,0.758893,999,44321.810000,8885769639,45219,37,0
NODE,0.758893,999,43478.710000,8228804126,45222,76,0
NODE,0.758893,999,42641.610000,7770549292,45226,50,0
NODE,0.758893,999,43469.720000,7943051864,45223,74,0
NODE,0.758893,999,38914.330000,6890945348,45233,16,0
NODE,0.758893,999,43634.220000,8267698534,45224,45,0
NODE,0.758893,999,38338.710000,6737600329,45236,71,0
NODE,0.758893,999,42527.620000,7498887036,45227,62,0
NODE,0.758893,999,40731.110000,6841045660,45235,52,0
NODE,0.758893,999,41576.160000,7294391329,45234,65,0
NODE,0.758893,999,44917.760000,8710666843,45229,36,0
NODE,0.758893,999,44067.100000,8614060991,45230,66,0
NODE,0.758893,999,37042.340000,7008029487,45237,19,0
NODE,0.758893,999,36082.990000,6575451524,45238,3,0
NODE,0.758893,999,37128.540000,6578838688,45241,22,0
NODE,0.758893,999,39579.450000,7264519544,45240,31,0
NODE,0.758893,999,41296.630000,7228575037,45242,11,0
NODE,0.758893,999,40376.050000,7600275608,45248,1,0
NODE,0.758893,999,38910.400000,7644911692,45266,30,0
NODE,0.758893,999,41090.730000,7815129903,45250,34,0
NODE,0.758893,999,42102.050000,7654684561,45243,64,0
NODE,0.758893,999,40508.760000,7014590156,45257,23,0
NODE,0.758893,999,42384.610000,7560585265,45246,44,0
NODE,0.758893,999,41772.170000,7691372406,45249,29,0
NODE,0.758893,999,42562.480000,7526832598,45245,20,0
NODE,0.758893,999,43030.210000,7450877839,45247,55,0
NODE,0.758893,999,42332.500000,7716817960,45253,8,0
NODE,0.758893,999,39002.990000,6926614738,45279,39,0
NODE,0.758893,999,40299.090000,7639019122,45269,53,0
NODE,0.758893,999,44933.290000,8374975038,45239,72,0
NODE,0.758893,999,42138.000000,7758891612,45258,41,0
NODE,0.758893,999,40491.990000,7529602762,45270,32,0
NODE,0.758893,999,44083.150000,7941092807,45244,4,0
NODE,0.758893,999,42083.360000,8234914062,45262,73,0
NODE,0.758893,999,43360.510000,8046261571,45252,9,0
NODE,0.758893,999,41339.680000,7958495420,45267,14,0
NODE,0.758893,999,39670.600000,7404986293,45287,49,0
NODE,0.758893,999,43955.650000,8349193525,45255,12,0
NODE,0.758893,999,43330.260000,8360407987,45261,56,0
NODE,0.758893,999,44300.660000,8716055265,45254,38,0
NODE,0.758893,999,41001.180000,7377462180,45280,28,0
NODE,0.758893,999,39880.390000,7820540428,45291,7,0
NODE,0.758893,999,42084.680000,8324138977,45272,26,0
NODE,0.758893,999,44274.870000,8259402658,45260,27,0
NODE,0.758893,999,42393.560000,7710738905,45271,48,0
NODE,0.758893,999,38988.160000,7740756606,45299,40,0
NODE,0.758893,999,41522.750000,7739326131,45282,61,0
NODE,0.758893,999,45441.050000,8659708950,45259,5,0
NODE,0.758893,999,44873.530000,8735240846,45263,6,0
NODE,0.758893,999,40362.300000,7622995076,45303,21,0
NODE,0.758893,999,45787.790000,8534864944,45264,67,0
NODE,0.758893,999,43364.200000,8410007118,45284,70,0
NODE,0.758893,999,42250.880000,8041278222,45292,47,0
NODE,0.758893,999,42061.500000,8714129904,45294,33,0
NODE,0.758893,999,41995.370000,7929424690,45295,2,0
NODE,0.758893,999,47281.830000,9473725118,45256,51,0
NODE,0.758893,999,43415.560000,7692252557,45290,77,0
NODE,0.758893,999,46324.740000,8733969134,45265,79,0
NODE,0.758893,999,39593.020000,7100743532,45307,74,0
NODE,0.758893,999,43630.030000,8692582326,45288,57,0
NODE,0.758893,999,41895.480000,8314609112,45297,10,0
NODE,0.758893,999,48406.500000,9262615118,45251,75,0
NODE,0.758893,999,42252.530000,7689048692,45298,63,0
NODE,0.758893,999,45298.120000,8522327265,45277,15,0
NODE,0.758893,999,45299.500000,8337019705,45278,18,0
NODE,0.758893,999,45967.740000,8762950410,45273,59,0
NODE,0.758893,999,44985.160000,9140206114,45285,43,0
NODE,0.758893,999,42620.710000,8035962705,45300,54,0
NODE,0.758893,999,43276.110000,9008619292,45296,46,0
NODE,0.758893,999,46870.020000,8864278080,45268,35,0
NODE,0.758893,999,46366.250000,7908074895,45274,69,0
NODE,0.758893,999,45136.650000,9065280701,45289,13,0
NODE,0.758893,999,41696.490000,8497613747,45306,50,0
NODE,0.758893,999,41916.150000,7709885340,45305,76,0
NODE,0.758893,999,46748.650000,8803084545,45275,58,0
NODE,0.758893,999,46272.420000,8616516415,45281,78,0
NODE,0.758893,999,43241.440000,7784160496,45304,37,0
NODE,0.758893,999,43501.400000,7640399599,45302,42,0
NODE,0.758893,999,46949.990000,8932651480,45283,68,0
NODE,0.758893,999,42844.850000,7735722259,45309,45,0
NODE,0.758893,999,45152.580000,7943949141,45301,60,0
NODE,0.758893,999,42773.320000,8079476894,45311,62,0
NODE,0.758893,999,47894.300000,9881982496,45286,24,0
NODE,0.758893,999,40180.010000,7110051570,45315,66,0
NODE,0.758893,999,49226.550000,8960290756,45276,25,0
NODE,0.758893,999,47335.760000,9902819676,45293,17,0
NODE,0.758893,999,44892.850000,8171113727,45310,71,0
NODE,0.758893,999,44178.190000,8210166873,45313,65,0
NODE,0.758893,999,45458.570000,8595407603,45312,52,0
NODE,0.758893,999,48156.700000,9349359904,45308,16,0
NODE,0.758893,999,45198.940000,8676171319,45314,36,0
NODE,0.758893,999,40909.600000,7547441249,45316,19,0
NODE,0.758893,999,43605.450000,7763970834,45318,22,0
NODE,0.758893,999,46154.520000,9293878344,45317,3,0
NODE,0.758893,999,39520.720000,7050861684,45322,30,0
NODE,0.758893,999,41477.710000,7901226385,45321,1,0
NODE,0.758893,999,38362.510000,7352987522,45336,4,0
NODE,0.758893,999,40434.060000,7594400137,45325,23,0
NODE,0.758893,999,40597.430000,7401754125,45324,64,0
NODE,0.758893,999,40868.930000,8035799531,45323,34,0
NODE,0.758893,999,42906.710000,7438821501,45320,11,0
NODE,0.758893,999,38614.100000,7171770533,45343,38,0
NODE,0.758893,999,40299.400000,8004407341,45335,32,0
NODE,0.758893,999,41007.250000,7455789763,45331,39,0
NODE,0.758893,999,40795.080000,7564890452,45332,53,0
NODE,0.758893,999,41208.760000,7746218523,45334,41,0
NODE,0.758893,999,46543.010000,8006939743,45319,31,0
NODE,0.758893,999,41139.940000,8192628023,45337,73,0
NODE,0.758893,999,43089.250000,7822732998,45327,29,0
NODE,0.758893,999,40421.500000,7677578483,45342,56,0
NODE,0.758893,999,40968.870000,8583882743,45340,49,0
NODE,0.758893,999,42704.510000,8271957876,45329,55,0
NODE,0.758893,999,43250.440000,8186565888,45328,20,0
NODE,0.758893,999,41759.870000,8199736358,45338,9,0
NODE,0.758893,999,40387.570000,7840254984,45347,27,0
NODE,0.758893,999,41877.710000,8080694851,45339,14,0
NODE,0.758893,999,42970.910000,8550034855,45333,72,0
NODE,0.758893,999,41128.170000,8039308018,45348,48,0
NODE,0.758893,999,44249.880000,8268919917,45330,8,0
NODE,0.758893,999,42933.510000,7901122167,45346,26,0
NODE,0.758893,999,39294.750000,7218911138,45367,15,0
NODE,0.758893,999,44034.530000,9138109008,45341,12,0
NODE,0.758893,999,42186.280000,8031893357,45351,5,0
NODE,0.758893,999,43987.140000,8476115184,45344,28,0
NODE,0.758893,999,47963.540000,8652540503,45326,44,0
NODE,0.758893,999,41972.070000,7771005754,45361,79,0
NODE,0.758893,999,44401.810000,8383742452,45350,61,0
NODE,0.758893,999,41351.650000,7735710028,45368,18,0
NODE,0.758893,999,44756.230000,8532702124,45349,40,0
NODE,0.758893,999,42258.220000,7397069618,45364,10,0
NODE,0.758893,999,42560.990000,8139492241,45359,51,0
NODE,0.758893,999,43786.040000,8661134179,45353,21,0
NODE,0.758893,999,41992.020000,8048839184,45371,54,0
NODE,0.758893,999,43755.110000,8389011617,45363,57,0
NODE,0.758893,999,45426.370000,8636101422,45352,6,0
NODE,0.758893,999,43388.190000,8316861720,45365,75,0
NODE,0.758893,999,43974.870000,7661556442,45362,74,0
NODE,0.758893,999,42466.940000,8079747353,45375,13,0
NODE,0.758893,999,40703.660000,7377191082,45386,24,0
NODE,0.758893,999,44322.830000,8393897725,45366,63,0
NODE,0.758893,999,44002.830000,8503112149,45373,35,0
NODE,0.758893,999,45453.430000,8615474021,45358,2,0
NODE,0.758893,999,45461.570000,8281122065,45360,77,0
NODE,0.758893,999,46204.610000,9187994655,45354,67,0
NODE,0.758893,999,46347.570000,9648044779,45357,33,0
NODE,0.758893,999,43889.420000,8904895277,45379,78,0
NODE,0.758893,999,45039.920000,8286425217,45370,43,0
NODE,0.758893,999,45184.460000,8189692739,45372,46,0
NODE,0.758893,999,44729.870000,9009452352,45377,76,0
NODE,0.758893,999,45212.480000,8384597695,45374,69,0
NODE,0.758893,999,45870.020000,8279758624,45369,59,0
NODE,0.758893,999,45295.360000,8848570924,45378,58,0
NODE,0.758893,999,45816.190000,8589561444,45376,50,0
NODE,0.758893,999,50605.500000,9856985841,45345,7,0
NODE,0.758893,999,48239.230000,9505912486,45355,70,0
NODE,0.758893,999,48554.800000,10256290338,45356,47,0
NODE,0.758893,999,46291.320000,9187836283,45381,42,0
NODE,0.758893,999,46573.780000,8369532535,45380,37,0
NODE,0.758893,999,45383.430000,8527548704,45385,62,0
NODE,0.758893,999,44919.810000,8400607004,45387,66,0
NODE,0.758893,999,45217.710000,8627711633,45388,25,0
NODE,0.758893,999,45356.980000,8362656473,45389,17,0
NODE,0.758893,999,47379.340000,8870207335,45382,68,0
NODE,0.758893,999,43464.200000,7713712923,45391,65,0
NODE,0.758893,999,47309.040000,9266815594,45384,60,0
NODE,0.758893,999,44983.830000,7908697056,45390,71,0
NODE,0.758893,999,47894.620000,9426858048,45383,45,0
NODE,0.758893,999,45259.680000,8106910940,45393,16,0
NODE,0.758893,999,47621.810000,9613954073,45392,52,0
NODE,0.758893,999,46900.010000,10043438085,45394,36,0
NODE,0.758893,999,41402.720000,8354325779,45396,22,0
NODE,0.758893,999,40777.650000,8093273209,45398,30,0
NODE,0.758893,999,49775.090000,8913252172,45395,19,0
NODE,0.758893,999,37181.180000,6839640662,45415,55,0
NODE,0.758893,999,40959.140000,7894135369,45399,1,0
NODE,0.758893,999,41412.670000,8062445239,45402,64,0
NODE,0.758893,999,40591.940000,7845010550,45404,11,0
NODE,0.758893,999,40366.790000,7607294884,45408,53,0
NODE,0.758893,999,37021.910000,7249120774,45423,26,0
NODE,0.758893,999,43467.220000,8713534619,45401,23,0
NODE,0.758893,999,41106.360000,7454001388,45412,29,0
NODE,0.758893,999,43992.370000,9141009983,45403,34,0
NODE,0.758893,999,41222.800000,7893262429,45414,49,0
NODE,0.758893,999,46811.900000,9345883764,45397,3,0
NODE,0.758893,999,43095.310000,7627756806,45407,39,0
NODE,0.758893,999,41781.960000,7993885922,45416,20,0
NODE,0.758893,999,43014.360000,8666495195,45410,31,0
NODE,0.758893,999,41770.380000,7809155733,45419,14,0
NODE,0.758893,999,41706.870000,8214025301,45420,72,0
NODE,0.758893,999,42275.630000,7740011903,45418,27,0
NODE,0.758893,999,43490.590000,7788802871,45411,73,0
NODE,0.758893,999,40162.040000,7567440326,45424,15,0
NODE,0.758893,999,37350.260000,6836264599,45435,21,0
NODE,0.758893,999,46735.780000,9395683442,45400,4,0
NODE,0.758893,999,45421.340000,9125524202,45405,38,0
NODE,0.758893,999,43873.330000,8869497590,45413,56,0
NODE,0.758893,999,40917.360000,7721462832,45425,12,0
NODE,0.758893,999,40617.470000,7962040201,45427,28,0
NODE,0.758893,999,39910.480000,7309765226,45428,44,0
NODE,0.758893,999,39902.520000,6920722666,45430,61,0
NODE,0.758893,999,45914.960000,8944277710,45409,41,0
NODE,0.758893,999,39931.780000,7742586720,45431,18,0
NODE,0.758893,999,40141.190000,7243815031,45432,40,0
NODE,0.758893,999,46798.210000,9776026713,45406,32,0
NODE,0.758893,999,43626.850000,8221469374,45422,8,0
NODE,0.758893,999,44172.210000,8685769861,45421,48,0
NODE,0.758893,999,39120.040000,6772349880,45437,57,0
NODE,0.758893,999,42372.130000,8157305471,45426,5,0
NODE,0.758893,999,46119.960000,8600200370,45417,9,0
NODE,0.758893,999,42253.360000,7925696641,45429,79,0
NODE,0.758893,999,42043.010000,7384312281,45433,10,0
NODE,0.758893,999,42893.470000,7581393263,45434,51,0
NODE,0.758893,999,42091.190000,8352363243,45441,13,0
NODE,0.758893,999,43069.460000,8035519928,45440,74,0
NODE,0.758893,999,43312.540000,8047629341,45438,6,0
NODE,0.758893,999,39895.880000,7636211902,45457,7,0
NODE,0.758893,999,42507.220000,7554454620,45443,63,0
NODE,0.758893,999,43766.810000,8623360743,45439,75,0
NODE,0.758893,999,40084.280000,7296937409,45459,47,0
NODE,0.758893,999,40708.640000,7705296436,45456,50,0
NODE,0.758893,999,45093.940000,8067343514,45436,54,0
NODE,0.758893,999,39070.660000,7488557276,45462,62,0
NODE,0.758893,999,39883.550000,7896011845,45461,37,0
NODE,0.758893,999,43955.260000,8434626928,45442,24,0
NODE,0.758893,999,43492.110000,7746261906,45446,77,0
NODE,0.758893,999,41957.390000,7533492895,45455,58,0
NODE,0.758893,999,44675.930000,8534423546,45444,35,0
NODE,0.758893,999,40054.120000,7331661682,45464,25,0
NODE,0.758893,999,44003.160000,8030201442,45450,43,0
NODE,0.758893,999,42437.830000,7889444915,45458,70,0
NODE,0.758893,999,40026.210000,7114833290,45466,68,0
NODE,0.758893,999,45162.360000,8505695269,45445,2,0
NODE,0.758893,999,42021.820000,7775386222,45463,66,0
NODE,0.758893,999,46310.540000,8583147941,45449,78,0
NODE,0.758893,999,42162.760000,8125945335,45467,65,0
NODE,0.758893,999,47305.710000,8626032997,45448,33,0
NODE,0.758893,999,46820.850000,8461297571,45452,76,0
NODE,0.758893,999,42326.940000,7491792931,45470,45,0
NODE,0.758893,999,48366.990000,9331522979,45447,67,0
NODE,0.758893,999,45890.200000,8674272409,45460,42,0
NODE,0.758893,999,44638.360000,8945462702,45469,71,0
NODE,0.758893,999,49140.290000,9781100915,45454,59,0
NODE,0.758893,999,46292.100000,9533869028,45465,17,0
NODE,0.758893,999,46051.280000,8728483044,45468,60,0
NODE,0.758893,999,43938.530000,8071363033,45471,16,0
NODE,0.758893,999,52191.470000,9608810408,45451,46,0
NODE,0.758893,999,42910.850000,8328449634,45473,36,0
NODE,0.758893,999,52845.820000,9972864311,45453,69,0
NODE,0.758893,999,44632.950000,8039842108,45472,52,0
NODE,0.758893,999,44077.330000,8518775934,45474,22,0
NODE,0.758893,999,44021.040000,8140869884,45475,30,0
NODE,0.758893,999,43993.040000,8540536532,45477,55,0
NODE,0.758893,999,41155.540000,7228566245,45483,23,0
NODE,0.758893,999,44406.030000,8369312663,45478,1,0
NODE,0.758893,999,41553.850000,7127918990,45484,29,0
NODE,0.758893,999,43526.890000,7999914821,45481,53,0
NODE,0.758893,999,41350.760000,8066072611,45486,49,0
NODE,0.758893,999,45564.320000,8167613892,45480,11,0
NODE,0.758893,999,41174.630000,7343124796,45494,73,0
NODE,0.758893,999,41887.970000,7899467793,45490,31,0
NODE,0.758893,999,42595.710000,7397414004,45487,3,0
NODE,0.758893,999,43247.940000,7931127596,45485,34,0
NODE,0.758893,999,47842.820000,9795989530,45476,19,0
NODE,0.758893,999,42407.500000,7513160639,45491,14,0
NODE,0.758893,999,41367.760000,8005842434,45497,4,0
NODE,0.758893,999,42769.600000,7859639185,45492,72,0
NODE,0.758893,999,43914.170000,7592430700,45488,39,0
NODE,0.758893,999,43785.750000,7628442481,45489,20,0
NODE,0.758893,999,45742.840000,7628081899,45482,26,0
NODE,0.758893,999,41083.300000,6864677151,45506,40,0
NODE,0.758893,999,48485.030000,9360869705,45479,64,0
NODE,0.758893,999,40843.720000,7368894616,45511,5,0
NODE,0.758893,999,43891.960000,7816147903,45495,15,0
NODE,0.758893,999,39057.120000,6924389557,45515,51,0
NODE,0.758893,999,40452.830000,8014307102,45513,79,0
NODE,0.758893,999,42018.340000,7955167331,45510,57,0
NODE,0.758893,999,42674.250000,7571032430,45509,48,0
NODE,0.758893,999,45542.610000,8559469550,45493,27,0
NODE,0.758893,999,42002.830000,7787942835,45512,9,0
NODE,0.758893,999,43975.180000,8714617264,45503,61,0
NODE,0.758893,999,41626.510000,7750243259,45514,10,0
NODE,0.758893,999,44763.180000,8142221625,45500,12,0
NODE,0.758893,999,45839.100000,8728822265,45498,38,0
NODE,0.758893,999,46519.060000,8702624107,45496,21,0
NODE,0.758893,999,46142.070000,8293088065,45499,56,0
NODE,0.758893,999,36975.580000,6495733999,45530,35,0
NODE,0.758893,999,38893.880000,7082069538,45524,54,0
NODE,0.758893,999,38676.260000,7603371905,45525,62,0
NODE,0.758893,999,45917.310000,9409702155,45502,44,0
NODE,0.758893,999,46260.280000,8334685470,45501,28,0
NODE,0.758893,999,40787.570000,7332852326,45517,74,0
NODE,0.758893,999,45427.130000,9001380126,45508,8,0
NODE,0.758893,999,39392.990000,7618370525,45526,37,0
NODE,0.758893,999,45876.710000,8431946111,45507,32,0
NODE,0.758893,999,46430.250000,8707240551,45505,18,0
NODE,0.758893,999,40984.230000,7884395537,45521,75,0
NODE,0.758893,999,39778.650000,7517897043,45528,77,0
NODE,0.758893,999,41304.370000,7871928686,45520,63,0
NODE,0.758893,999,40762.370000,7346310206,45522,47,0
NODE,0.758893,999,40252.040000,7808821456,45527,24,0
NODE,0.758893,999,39175.350000,6752087609,45534,68,0
NODE,0.758893,999,43562.270000,8494385592,45516,13,0
NODE,0.758893,999,42643.040000,8271304561,45518,6,0
NODE,0.758893,999,42510.580000,7883009221,45519,7,0
NODE,0.758893,999,40050.530000,7369183687,45531,25,0
NODE,0.758893,999,48248.460000,9674827862,45504,41,0
NODE,0.758893,999,40475.370000,7750270562,45532,43,0
NODE,0.758893,999,43216.880000,8401699375,45523,50,0
NODE,0.758893,999,39989.500000,6842481445,45536,66,0
NODE,0.758893,999,38564.400000,7174231199,45540,76,0
NODE,0.758893,999,38636.160000,7541459117,45539,33,0
NODE,0.758893,999,41946.180000,7459987697,45533,70,0
NODE,0.758893,999,41835.600000,7709365096,45535,2,0
NODE,0.758893,999,43237.030000,8058618457,45529,58,0
NODE,0.758893,999,38222.990000,7137630134,45545,59,0
NODE,0.758893,999,40379.210000,7567609466,45542,67,0
NODE,0.758893,999,41920.510000,7619359141,45537,78,0
NODE,0.758893,999,40898.410000,8349152216,45543,42,0
NODE,0.758893,999,43055.920000,8204698798,45541,45,0
NODE,0.758893,999,40514.790000,7372839746,45546,17,0
NODE,0.758893,999,41395.010000,8096499950,45544,71,0
NODE,0.758893,999,44184.750000,8407893603,45538,65,0
NODE,0.758893,999,40679.900000,7690830320,45547,60,0
NODE,0.758893,999,38518.540000,7335493391,45550,36,0
NODE,0.758893,999,41274.470000,8073804524,45549,46,0
NODE,0.758893,999,42661.660000,8326561258,45548,16,0
NODE,0.758893,999,44406.830000,8844179090,45551,69,0
NODE,0.758893,999,44477.230000,8942871927,45552,52,0
NODE,0.758893,999,41306.990000,7569954978,45557,1,0
NODE,0.758893,999,40733.560000,8175683398,45560,49,0
NODE,0.758893,999,41934.690000,8291840165,45558,29,0
NODE,0.758893,999,41163.220000,8307840953,45563,31,0
NODE,0.758893,999,45626.440000,8441926436,45554,30,0
NODE,0.758893,999,41940.660000,7919835194,45561,11,0
NODE,0.758893,999,43438.170000,8177947344,45559,53,0
NODE,0.758893,999,44581.320000,8246031667,45556,23,0
NODE,0.758893,999,41878.130000,8472668343,45562,73,0
NODE,0.758893,999,41821.600000,7642738784,45567,14,0
NODE,0.758893,999,45447.770000,9279278438,45555,55,0
NODE,0.758893,999,47761.180000,9156294689,45553,22,0
NODE,0.758893,999,42964.320000,8379537163,45566,19,0
NODE,0.758893,999,42811.930000,8121983028,45568,4,0
NODE,0.758893,999,43792.370000,8620223552,45564,3,0
NODE,0.758893,999,41913.780000,7553267904,45576,15,0
NODE,0.758893,999,41186.810000,7714520800,45584,10,0
NODE,0.758893,999,42088.970000,8461435643,45580,48,0
NODE,0.758893,999,42880.900000,8325973184,45577,51,0
NODE,0.758893,999,45577.900000,9072582521,45569,72,0
NODE,0.758893,999,42972.820000,8267312916,45582,9,0
NODE,0.758893,999,43051.800000,8195731851,45581,27,0
NODE,0.758893,999,46648.970000,8534870513,45572,26,0
NODE,0.758893,999,47240.450000,9767081383,45571,20,0
NODE,0.758893,999,49304.820000,10999606482,45565,34,0
NODE,0.758893,999,43724.280000,8526131523,45589,35,0
NODE,0.758893,999,48731.560000,9970544863,45570,39,0
NODE,0.758893,999,46481.090000,8141591497,45579,57,0
NODE,0.758893,999,43821.120000,8578845862,45595,8,0
NODE,0.758893,999,48402.030000,9311237611,45573,40,0
NODE,0.758893,999,47507.860000,9019938928,45578,79,0
NODE,0.758893,999,44066.770000,8495721655,45596,37,0
NODE,0.758893,999,48527.120000,9750374517,45574,64,0
NODE,0.758893,999,41967.430000,7810310695,45609,41,0
NODE,0.758893,999,45430.770000,8822970116,45588,56,0
NODE,0.758893,999,45646.810000,8982025878,45587,21,0
NODE,0.758893,999,45456.640000,8657515163,45592,44,0
NODE,0.758893,999,44516.720000,8544906060,45599,75,0
NODE,0.758893,999,43186.880000,8298212437,45608,25,0
NODE,0.758893,999,43555.970000,8473133883,45605,13,0
NODE,0.758893,999,44716.890000,9542470462,45602,47,0
NODE,0.758893,999,46732.530000,9004199260,45590,54,0
NODE,0.758893,999,45790.620000,8372877131,45597,32,0
NODE,0.758893,999,45066.610000,8455933930,45603,24,0
NODE,0.758893,999,45477.990000,9754207019,45600,77,0
NODE,0.758893,999,50669.610000,10742449828,45575,5,0
NODE,0.758893,999,47830.900000,8388525276,45591,62,0
NODE,0.758893,999,49208.220000,9044530578,45583,61,0
NODE,0.758893,999,44524.730000,8682075142,45610,43,0
NODE,0.758893,999,45654.550000,8655592038,45606,6,0
NODE,0.758893,999,46916.380000,9167789209,45598,18,0
NODE,0.758893,999,41368.200000,8050096506,45620,78,0
NODE,0.758893,999,49811.480000,9769696656,45585,12,0
NODE,0.758893,999,44897.890000,8426070037,45614,33,0
NODE,0.758893,999,49342.820000,9972169647,45593,28,0
NODE,0.758893,999,41792.510000,8234900173,45621,42,0
NODE,0.758893,999,47555.280000,9221823239,45604,68,0
NODE,0.758893,999,39342.000000,7514285896,45627,36,0
NODE,0.758893,999,46389.180000,8962467663,45611,50,0
NODE,0.758893,999,48321.890000,8997455208,45607,7,0
NODE,0.758893,999,46300.370000,9092981620,45613,76,0
NODE,0.758893,999,44134.990000,8134147685,45619,67,0
NODE,0.758893,999,50441.610000,10584561570,45601,63,0
NODE,0.758893,999,51526.330000,10360324943,45594,74,0
NODE,0.758893,999,42177.580000,8410380940,45625,65,0
NODE,0.758893,999,42995.940000,8366257168,45624,71,0
NODE,0.758893,999,48132.160000,8829625195,45615,70,0
NODE,0.758893,999,54803.550000,10850930000,45586,38,0
NODE,0.758893,999,43753.360000,8552198457,45626,60,0
NODE,0.758893,999,45340.230000,9217053710,45623,17,0
NODE,0.758893,999,48574.410000,10263087824,45618,59,0
NODE,0.758893,999,42469.420000,9206357871,45629,16,0
NODE,0.758893,999,46622.260000,9606056169,45622,45,0
NODE,0.758893,999,51137.430000,9735645781,45617,58,0
NODE,0.758893,999,43891.970000,8667061036,45628,46,0
NODE,0.758893,999,52819.130000,10001221317,45612,66,0
NODE,0.758893,999,39456.130000,7293028966,45631,52,0
NODE,0.758893,999,52482.670000,10822695235,45616,2,0
NODE,0.758893,999,44841.570000,9253047953,45630,69,0
NODE,0.758893,999,38796.240000,7621028699,45635,31,0
NODE,0.758893,999,40272.310000,8093833735,45634,29,0
NODE,0.758893,999,39850.190000,8246794692,45637,11,0
NODE,0.758893,999,40503.930000,7641570966,45636,30,0
NODE,0.758893,999,43025.560000,7961453771,45632,1,0
NODE,0.758893,999,43436.900000,8277449610,45633,49,0
NODE,0.758893,999,41256.230000,7840299940,45638,53,0
NODE,0.758893,999,39862.470000,7742353785,45644,19,0
NODE,0.758893,999,39692.490000,7458440510,45646,3,0
NODE,0.758893,999,42417.060000,8110383946,45640,73,0
NODE,0.758893,999,42406.010000,8296710617,45641,14,0
NODE,0.758893,999,43121.440000,8989453579,45639,23,0
NODE,0.758893,999,41607.740000,7429929671,45645,4,0
NODE,0.758893,999,37565.730000,7130818194,45654,26,0
NODE,0.758893,999,38950.540000,7291216270,45653,27,0
NODE,0.758893,999,40440.590000,8074787353,45650,51,0
NODE,0.758893,999,37529.400000,6263895023,45660,8,0
NODE,0.758893,999,42232.530000,8613484691,45649,48,0
NODE,0.758893,999,45398.990000,8368981343,45643,22,0
NODE,0.758893,999,37015.010000,6719935649,45668,44,0
NODE,0.758893,999,41788.630000,7837757423,45652,9,0
NODE,0.758893,999,37181.090000,7202123468,45670,25,0
NODE,0.758893,999,39923.720000,8102799013,45657,35,0
NODE,0.758893,999,47461.320000,9822304292,45642,55,0
NODE,0.758893,999,43895.740000,8081424908,45648,10,0
NODE,0.758893,999,45094.750000,8488517757,45647,15,0
NODE,0.758893,999,41425.710000,8302230859,45655,20,0
NODE,0.758893,999,41147.510000,8134112898,45656,34,0
NODE,0.758893,999,40105.140000,7419852659,45661,40,0
NODE,0.758893,999,39960.990000,7406543609,45666,56,0
NODE,0.758893,999,38138.230000,7320575814,45676,77,0
NODE,0.758893,999,39292.810000,7753926102,45669,75,0
NODE,0.758893,999,39511.030000,7705916623,45671,13,0
NODE,0.758893,999,40728.470000,7300628023,45662,79,0
NODE,0.758893,999,38753.100000,7539299867,45677,5,0
NODE,0.758893,999,45683.040000,8954913690,45651,72,0
NODE,0.758893,999,41111.860000,7731494615,45667,21,0
NODE,0.758893,999,42371.650000,7422354861,45663,37,0
NODE,0.758893,999,43203.560000,7681445857,45659,57,0
NODE,0.758893,999,44895.220000,8138672331,45658,39,0
NODE,0.758893,999,42921.650000,8365029027,45672,47,0
NODE,0.758893,999,39408.940000,7610067169,45686,28,0
NODE,0.758893,999,41138.020000,8189390681,45682,18,0
NODE,0.758893,999,42931.050000,8356526746,45675,24,0
NODE,0.758893,999,44843.200000,8362599902,45664,64,0
NODE,0.758893,999,42073.440000,8108483637,45679,61,0
NODE,0.758893,999,40522.790000,8061573807,45688,68,0
NODE,0.758893,999,43673.170000,8563198822,45674,32,0
NODE,0.758893,999,40661.610000,8221409790,45689,36,0
NODE,0.758893,999,42555.410000,8514958217,45681,6,0
NODE,0.758893,999,40051.430000,7601919802,45693,67,0
NODE,0.758893,999,44925.280000,9082821467,45673,54,0
NODE,0.758893,999,44080.760000,8712324760,45678,62,0
NODE,0.758893,999,46835.940000,8803835232,45665,41,0
NODE,0.758893,999,38603.870000,7745918078,45700,60,0
NODE,0.758893,999,44471.460000,9019102180,45683,78,0
NODE,0.758893,999,45327.670000,9462219946,45680,43,0
NODE,0.758893,999,44606.910000,8641807135,45684,12,0
NODE,0.758893,999,41312.400000,8235309521,45694,63,0
NODE,0.758893,999,42977.160000,8750243850,45691,7,0
NODE,0.758893,999,43503.530000,8508918738,45690,50,0
NODE,0.758893,999,42135.150000,8256597346,45695,74,0
NODE,0.758893,999,40294.000000,7313194498,45699,38,0
NODE,0.758893,999,41602.480000,8353623141,45698,70,0
NODE,0.758893,999,42029.600000,8345657183,45697,71,0
NODE,0.758893,999,45006.630000,8922330429,45687,42,0
NODE,0.758893,999,40241.840000,8011618012,45701,17,0
NODE,0.758893,999,45741.330000,9100679655,45685,33,0
NODE,0.758893,999,39605.980000,8230677793,45704,45,0
NODE,0.758893,999,44622.300000,8546578526,45696,65,0
NODE,0.758893,999,40458.370000,7459451403,45709,2,0
NODE,0.758893,999,41698.010000,8106180346,45705,58,0
NODE,0.758893,999,41516.590000,7852645253,45708,52,0
NODE,0.758893,999,43704.990000,8573352596,45703,16,0
NODE,0.758893,999,43162.730000,8379266566,45706,46,0
NODE,0.758893,999,45206.760000,8945373176,45702,59,0
NODE,0.758893,999,50180.050000,10206507301,45692,76,0
NODE,0.758893,999,44753.890000,8479958880,45707,66,0
NODE,0.758893,999,41497.100000,7697062304,45710,69,0
NODE,0.758893,999,39129.040000,7470470555,45712,29,0
NODE,0.758893,999,39216.430000,7369517628,45717,53,0
NODE,0.758893,999,42670.500000,7906943995,45711,31,0
NODE,0.758893,999,40617.190000,7974423214,45719,3,0
NODE,0.758893,999,39534.530000,7902785122,45723,4,0
NODE,0.758893,999,42840.280000,7607549202,45714,30,0
NODE,0.758893,999,42781.870000,7895194954,45716,49,0
NODE,0.758893,999,41509.610000,7628836532,45722,23,0
NODE,0.758893,999,44469.620000,8093299715,45715,1,0
NODE,0.758893,999,42970.020000,8083794332,45720,73,0
NODE,0.758893,999,44061.250000,8710766111,45721,14,0
NODE,0.758893,999,40142.050000,7355564921,45730,44,0
NODE,0.758893,999,47529.100000,8945761918,45713,11,0
NODE,0.758893,999,46265.530000,9341345135,45718,19,0
NODE,0.758893,999,41307.090000,8290563509,45728,48,0
NODE,0.758893,999,43910.130000,8655943133,45725,27,0
NODE,0.758893,999,36835.280000,6875729226,45748,37,0
NODE,0.758893,999,41824.460000,8087476054,45729,22,0
NODE,0.758893,999,44715.030000,8538345376,45724,26,0
NODE,0.758893,999,39948.680000,7613361802,45740,56,0
NODE,0.758893,999,43221.330000,8470777837,45727,8,0
NODE,0.758893,999,40757.830000,7989014904,45741,77,0
NODE,0.758893,999,46328.510000,9199202990,45726,51,0
NODE,0.758893,999,43196.500000,8749740923,45734,55,0
NODE,0.758893,999,41624.990000,8211385209,45743,13,0
NODE,0.758893,999,44253.870000,8761623302,45731,9,0
NODE,0.758893,999,44194.960000,9722830080,45733,35,0
NODE,0.758893,999,40622.010000,7413929776,45749,57,0
NODE,0.758893,999,43582.590000,7881737776,45739,40,0
NODE,0.758893,999,44682.550000,8886624391,45736,15,0
NODE,0.758893,999,44834.100000,8688775326,45735,10,0
NODE,0.758893,999,42404.970000,8150572583,45747,21,0
NODE,0.758893,999,39474.570000,7237753653,45753,18,0
NODE,0.758893,999,39599.580000,7489949003,45751,47,0
NODE,0.758893,999,43717.470000,8281511537,45742,75,0
NODE,0.758893,999,37485.070000,6981037285,45762,54,0
NODE,0.758893,999,38780.360000,6975569765,45758,32,0
NODE,0.758893,999,45275.070000,9380873630,45737,20,0
NODE,0.758893,999,40302.770000,8043166412,45752,28,0
NODE,0.758893,999,43563.560000,8615015809,45746,72,0
NODE,0.758893,999,45854.380000,8918532399,45738,34,0
NODE,0.758893,999,40565.930000,8027610009,45756,61,0
NODE,0.758893,999,40475.880000,7596018867,45757,68,0
NODE,0.758893,999,41231.190000,8506194806,45755,64,0
NODE,0.758893,999,48101.970000,9820010939,45732,25,0
NODE,0.758893,999,45929.440000,9191059084,45744,79,0
NODE,0.758893,999,42726.110000,8516032614,45750,39,0
NODE,0.758893,999,42145.260000,8306719795,45754,24,0
NODE,0.758893,999,40309.310000,7733951448,45765,60,0
NODE,0.758893,999,48316.110000,9557340126,45745,5,0
NODE,0.758893,999,43610.480000,8225742558,45760,6,0
NODE,0.758893,999,41586.410000,8484869782,45767,43,0
NODE,0.758893,999,44161.570000,8509922890,45759,36,0
NODE,0.758893,999,43175.030000,8630817398,45764,41,0
NODE,0.758893,999,42554.600000,8034385064,45766,78,0
NODE,0.758893,999,41170.070000,7644025333,45776,42,0
NODE,0.758893,999,42786.700000,8441848293,45769,63,0
NODE,0.758893,999,44934.300000,8460340047,45763,62,0
NODE,0.758893,999,41951.980000,7757511054,45777,17,0
NODE,0.758893,999,42120.110000,7930356938,45779,45,0
NODE,0.758893,999,46768.030000,9044617714,45761,67,0
NODE,0.758893,999,44915.250000,9344945742,45771,50,0
NODE,0.758893,999,44604.880000,8397080235,45775,71,0
NODE,0.758893,999,46189.230000,9316364164,45768,12,0
NODE,0.758893,999,45462.050000,9177721345,45773,38,0
NODE,0.758893,999,43648.690000,8028190128,45780,65,0
NODE,0.758893,999,45059.260000,9130830096,45778,33,0
NODE,0.758893,999,42438.770000,7971479650,45781,2,0
NODE,0.758893,999,46258.630000,8989911351,45772,74,0
NODE,0.758893,999,41795.720000,7506357765,45784,16,0
NODE,0.758893,999,46832.130000,9020021539,45774,70,0
NODE,0.758893,999,42564.230000,8117737897,45783,52,0
NODE,0.758893,999,42185.620000,8339181020,45785,46,0
NODE,0.758893,999,44758.600000,8706880877,45782,58,0
NODE,0.758893,999,49919.750000,10094749585,45770,7,0
NODE,0.758893,999,43920.820000,8091038234,45786,59,0
NODE,0.758893,999,46229.090000,8823088379,45787,76,0
NODE,0.758893,999,44643.440000,8316362145,45789,69,0
NODE,0.758893,999,45926.540000,8574491048,45788,66,0
NODE,0.758893,999,40859.960000,7552128033,45790,29,0
NODE,0.758893,999,42191.670000,8215139761,45793,3,0
NODE,0.758893,999,41866.010000,8102366025,45796,49,0
NODE,0.758893,999,44664.760000,8589478714,45792,31,0
NODE,0.758893,999,46840.890000,8788245602,45791,53,0
NODE,0.758893,999,43728.650000,8173878185,45798,1,0
NODE,0.758893,999,45481.540000,8346054730,45795,30,0
NODE,0.758893,999,42872.330000,7871571890,45803,19,0
NODE,0.758893,999,47879.060000,9977672976,45794,4,0
NODE,0.758893,999,46049.800000,8535767462,45797,23,0
NODE,0.758893,999,43797.400000,8428594309,45802,11,0
NODE,0.758893,999,43906.780000,7980880211,45806,37,0
NODE,0.758893,999,44458.380000,8218644201,45807,22,0
NODE,0.758893,999,43686.930000,7765527289,45810,8,0
NODE,0.758893,999,44467.920000,8685006440,45808,26,0
NODE,0.758893,999,47962.220000,9264691443,45799,73,0
NODE,0.758893,999,40235.370000,8215592147,45826,32,0
NODE,0.758893,999,38631.060000,7397622149,45834,25,0
NODE,0.758893,999,40990.260000,7767212092,45825,54,0
NODE,0.758893,999,43216.890000,8373236169,45816,35,0
NODE,0.758893,999,47987.940000,9191339088,45800,14,0
NODE,0.758893,999,45125.810000,7875767618,45811,77,0
NODE,0.758893,999,48189.310000,9364706282,45801,44,0
NODE,0.758893,999,47692.060000,8170551877,45804,48,0
NODE,0.758893,999,46533.500000,8507174711,45809,56,0
NODE,0.758893,999,43155.830000,8241735221,45823,47,0
NODE,0.758893,999,48325.190000,9056847300,45805,27,0
NODE,0.758893,999,45400.120000,8553777144,45813,55,0
NODE,0.758893,999,43793.470000,8336887567,45821,21,0
NODE,0.758893,999,45873.670000,9028336996,45812,51,0
NODE,0.758893,999,41330.300000,7463095046,45836,39,0
NODE,0.758893,999,44913.330000,8377586659,45818,40,0
NODE,0.758893,999,44488.490000,8763165157,45822,18,0
NODE,0.758893,999,44682.850000,9006164656,45824,75,0
NODE,0.758893,999,46602.860000,9419870023,45814,13,0
NODE,0.758893,999,40736.730000,8191474147,45838,60,0
NODE,0.758893,999,45848.670000,8644778186,45820,10,0
NODE,0.758893,999,43202.550000,8047388952,45837,24,0
NODE,0.758893,999,43760.830000,8332927244,45835,79,0
NODE,0.758893,999,44635.530000,7996514759,45832,68,0
NODE,0.758893,999,48382.650000,9306084999,45815,9,0
NODE,0.758893,999,48934.620000,9236406183,45817,57,0
NODE,0.758893,999,42853.780000,8216858560,45839,5,0
NODE,0.758893,999,46982.360000,9513990144,45830,34,0
NODE,0.758893,999,46848.280000,9296201200,45831,61,0
NODE,0.758893,999,48025.110000,9110402233,45827,20,0
NODE,0.758893,999,46425.790000,9059556103,45833,64,0
NODE,0.758893,999,43381.180000,8169456092,45840,6,0
NODE,0.758893,999,49306.210000,9744981251,45819,15,0
NODE,0.758893,999,40757.610000,7457683113,45848,17,0
NODE,0.758893,999,42197.770000,7508291046,45846,63,0
NODE,0.758893,999,43719.570000,8492309409,45842,36,0
NODE,0.758893,999,43901.950000,7980472008,45841,43,0
NODE,0.758893,999,40788.600000,7283472195,45850,67,0
NODE,0.758893,999,48901.380000,9348799229,45829,72,0
NODE,0.758893,999,42714.660000,8068688912,45847,62,0
NODE,0.758893,999,44830.450000,8321389430,45844,78,0
NODE,0.758893,999,41655.700000,8113028703,45851,50,0
NODE,0.758893,999,41380.000000,7372030267,45852,71,0
NODE,0.758893,999,40759.600000,7488521894,45855,65,0
NODE,0.758893,999,45452.830000,8771931040,45845,42,0
NODE,0.758893,999,52115.460000,9999503356,45828,28,0
NODE,0.758893,999,47537.050000,9603087416,45843,41,0
NODE,0.758893,999,41959.380000,8580961604,45861,52,0
NODE,0.758893,999,46096.230000,8736137777,45849,45,0
NODE,0.758893,999,43760.060000,8195728244,45856,33,0
NODE,0.758893,999,42454.450000,8194239209,45862,46,0
NODE,0.758893,999,44738.410000,8535560313,45854,38,0
NODE,0.758893,999,42126.710000,7658906160,45863,58,0
NODE,0.758893,999,44816.340000,8793721225,45858,74,0
NODE,0.758893,999,46099.150000,8453059289,45853,12,0
NODE,0.758893,999,45894.000000,8482366121,45860,70,0
NODE,0.758893,999,47191.420000,9015080810,45857,2,0
NODE,0.758893,999,40581.990000,8182225302,45868,66,0
NODE,0.758893,999,44797.770000,9224122927,45864,7,0
NODE,0.758893,999,47904.710000,9561813528,45859,16,0
NODE,0.758893,999,47131.160000,9656890174,45865,59,0
NODE,0.758893,999,45954.280000,9430400293,45866,76,0
NODE,0.758893,999,48557.830000,9383225160,45867,69,0
NODE,0.758893,999,41858.150000,7900773734,45869,29,0
NODE,0.758893,999,39749.290000,7673396788,45873,53,0
NODE,0.758893,999,44049.560000,8707129499,45870,3,0
NODE,0.758893,999,44004.860000,8917458824,45872,31,0
NODE,0.758893,999,45833.640000,8374004458,45871,49,0
NODE,0.758893,999,43216.890000,8661823808,45875,30,0
NODE,0.758893,999,43868.470000,8747296917,45874,1,0
NODE,0.758893,999,42156.760000,8607575356,45876,19,0
NODE,0.758893,999,39395.020000,7406613587,45897,21,0
NODE,0.758893,999,45160.700000,9116576444,45879,11,0
NODE,0.758893,999,45585.080000,8847717555,45878,23,0
NODE,0.758893,999,46259.820000,9365757972,45877,4,0
NODE,0.758893,999,44539.720000,9530973005,45882,8,0
NODE,0.758893,999,41079.100000,7589072379,45898,51,0
NODE,0.758893,999,44291.650000,8422096449,45887,54,0
NODE,0.758893,999,41928.170000,8481085802,45896,55,0
NODE,0.758893,999,44972.000000,8392186264,45885,32,0
NODE,0.758893,999,43534.540000,7766341600,45890,77,0
NODE,0.758893,999,44586.100000,8066157101,45886,25,0
NODE,0.758893,999,44691.770000,8091579948,45888,35,0
NODE,0.758893,999,47759.950000,10303433611,45880,37,0
NODE,0.758893,999,46817.860000,9699806983,45883,26,0
NODE,0.758893,999,46684.450000,9159849422,45884,73,0
NODE,0.758893,999,42737.020000,7851072992,45900,40,0
NODE,0.758893,999,45348.940000,8253621191,45889,14,0
NODE,0.758893,999,47577.680000,10389073421,45881,22,0
NODE,0.758893,999,43411.810000,8225125148,45899,39,0
NODE,0.758893,999,45475.460000,8199335981,45893,56,0
NODE,0.758893,999,45733.910000,8190526931,45892,48,0
NODE,0.758893,999,44115.420000,8502842525,45902,75,0
NODE,0.758893,999,45758.360000,8807931809,45895,27,0
NODE,0.758893,999,43542.330000,7918238974,45906,24,0
NODE,0.758893,999,45089.730000,8384584167,45903,13,0
NODE,0.758893,999,48012.810000,8846740101,45891,44,0
NODE,0.758893,999,45824.740000,9233216038,45901,18,0
NODE,0.758893,999,42543.250000,7861269152,45912,34,0
NODE,0.758893,999,44564.300000,8244890161,45908,68,0
NODE,0.758893,999,46248.810000,8730559915,45904,60,0
NODE,0.758893,999,46017.880000,8501400361,45905,10,0
NODE,0.758893,999,43316.900000,8655907743,45914,20,0
NODE,0.758893,999,44461.680000,8545977469,45910,57,0
NODE,0.758893,999,37880.750000,6556435670,45934,33,0
NODE,0.758893,999,50077.450000,9881269101,45894,47,0
NODE,0.758893,999,42708.030000,8024344770,45924,62,0
NODE,0.758893,999,47032.300000,8882881420,45909,9,0
NODE,0.758893,999,46607.430000,9082492237,45913,61,0
NODE,0.758893,999,46407.700000,8654965807,45915,64,0
NODE,0.758893,999,46877.670000,9879182812,45911,5,0
NODE,0.758893,999,46470.550000,8256167634,45916,6,0
NODE,0.758893,999,48950.910000,9596552507,45907,79,0
NODE,0.758893,999,45565.070000,8751230412,45923,72,0
NODE,0.758893,999,46037.220000,9507079086,45921,43,0
NODE,0.758893,999,44057.770000,8195668125,45927,71,0
NODE,0.758893,999,46187.670000,8834648195,45922,67,0
NODE,0.758893,999,46674.020000,8174025785,45919,63,0
NODE,0.758893,999,43317.150000,7753595299,45930,28,0
NODE,0.758893,999,44701.250000,8861035156,45926,50,0
NODE,0.758893,999,44340.970000,8839197073,45928,65,0
NODE,0.758893,999,45257.100000,8614202466,45925,78,0
NODE,0.758893,999,44626.490000,8221181158,45929,42,0
NODE,0.758893,999,47883.190000,8822944043,45920,36,0
NODE,0.758893,999,48567.600000,9050084988,45918,17,0
NODE,0.758893,999,42741.440000,8231916896,45933,45,0
NODE,0.758893,999,49425.280000,9453383398,45917,15,0
NODE,0.758893,999,45695.860000,8472538316,45931,41,0
NODE,0.758893,999,45154.900000,8649505132,45932,52,0
NODE,0.758893,999,41683.360000,7176891904,45943,7,0
NODE,0.758893,999,46589.200000,8597489224,45935,46,0
NODE,0.758893,999,46416.640000,8480229829,45938,74,0
NODE,0.758893,999,46188.080000,9283625820,45939,12,0
NODE,0.758893,999,44842.810000,8495616966,45940,70,0
NODE,0.758893,999,47999.200000,9388208027,45937,58,0
NODE,0.758893,999,44920.980000,8903451035,45942,66,0
NODE,0.758893,999,44706.160000,8009402018,45944,16,0
NODE,0.758893,999,50229.840000,9465654885,45936,38,0
NODE,0.758893,999,47586.730000,8876064416,45941,2,0
NODE,0.758893,999,47842.460000,9137775619,45945,59,0
NODE,0.758893,999,43855.800000,7662428148,45948,29,0
NODE,0.758893,999,48347.240000,8918172433,45946,76,0
NODE,0.758893,999,46882.960000,8480780000,45947,69,0
NODE,0.758893,999,43978.180000,7795535729,45950,3,0
NODE,0.758893,999,48148.330000,8300646843,45949,53,0
NODE,0.758893,999,43753.070000,8162454172,45955,19,0
NODE,0.758893,999,47178.480000,8825122472,45951,31,0
NODE,0.758893,999,40683.980000,7243938318,45957,11,0
NODE,0.758893,999,46568.260000,8582634680,45954,1,0
NODE,0.758893,999,42427.750000,7947374310,45960,8,0
NODE,0.758893,999,39889.920000,8007134030,45972,14,0
NODE,0.758893,999,41603.810000,7917872441,45966,25,0
NODE,0.758893,999,44526.970000,8474452182,45958,23,0
NODE,0.758893,999,49132.520000,9150775711,45953,30,0
NODE,0.758893,999,40779.740000,8064039158,45971,40,0
NODE,0.758893,999,42827.440000,7675478731,45962,54,0
NODE,0.758893,999,50216.140000,8903214620,45952,49,0
NODE,0.758893,999,41762.570000,8016769779,45967,35,0
NODE,0.758893,999,45280.690000,8723182003,45956,21,0
NODE,0.758893,999,41676.520000,7684475581,45973,22,0
NODE,0.758893,999,45624.740000,8673620970,45959,4,0
NODE,0.758893,999,37754.300000,7146572374,45987,20,0
NODE,0.758893,999,44815.940000,8459211208,45965,77,0
NODE,0.758893,999,43583.630000,8282648729,45970,73,0
NODE,0.758893,999,40738.950000,7661730612,45981,44,0
NODE,0.758893,999,45393.930000,8665398214,45964,32,0
NODE,0.758893,999,38868.900000,7484621699,45988,57,0
NODE,0.758893,999,45134.610000,8717790002,45969,26,0
NODE,0.758893,999,42618.790000,7873041294,45980,13,0
NODE,0.758893,999,45414.970000,8854741002,45974,39,0
NODE,0.758893,999,44164.230000,9093065436,45977,75,0
NODE,0.758893,999,48137.360000,8961871124,45963,55,0
NODE,0.758893,999,44119.730000,8346288834,45982,18,0
NODE,0.758893,999,46444.520000,8624068359,45976,48,0
NODE,0.758893,999,42058.000000,7767864845,45989,33,0
NODE,0.758893,999,43984.550000,8213672290,45985,60,0
NODE,0.758893,999,46012.290000,9063695428,45978,27,0
NODE,0.758893,999,48501.160000,9415208810,45968,37,0
NODE,0.758893,999,41698.860000,8318249510,45992,9,0
NODE,0.758893,999,50602.290000,9372923778,45961,51,0
NODE,0.758893,999,48439.320000,10227656589,45975,56,0
NODE,0.758893,999,45670.580000,8107668492,45983,34,0
NODE,0.758893,999,45672.620000,8575044076,45984,68,0
NODE,0.758893,999,47178.330000,9669056983,45979,24,0
NODE,0.758893,999,45350.990000,9111545799,45986,10,0
NODE,0.758893,999,41199.040000,7224382490,46000,71,0
NODE,0.758893,999,42775.780000,8107017201,45993,61,0
NODE,0.758893,999,42381.980000,7466516391,45998,72,0
NODE,0.758893,999,44914.710000,8453529089,45990,47,0
NODE,0.758893,999,43053.300000,7680969482,45999,43,0
NODE,0.758893,999,43819.210000,7988660778,45997,79,0
NODE,0.758893,999,44693.810000,8685834584,45995,5,0
NODE,0.758893,999,46642.310000,8848957492,45991,62,0
NODE,0.758893,999,46066.660000,8459213966,45994,64,0
NODE,0.758893,999,47664.240000,9784323142,45996,6,0
