NODE,0.758893,999,35117.330000,6169441500,9219,207,0
NODE,0.758893,999,35279.040000,6173904545,9205,79,0
NODE,0.758893,999,35350.570000,6407119097,9220,239,0
NODE,0.758893,999,35528.780000,6503014793,9203,73,0
NODE,0.758893,999,35751.610000,6370394184,9238,218,0
NODE,0.758893,999,35837.420000,6217756676,9209,205,0
NODE,0.758893,999,35877.350000,6775966428,9198,57,0
NODE,0.758893,999,36977.350000,6567839656,9131,108,0
NODE,0.758893,999,37062.880000,7050825172,9207,78,0
NODE,0.758893,999,37084.450000,6793118418,9235,228,0
NODE,0.758893,999,37288.370000,6857847615,9201,69,0
NODE,0.758893,999,37622.620000,6645529147,9064,112,0
NODE,0.758893,999,37723.620000,7621533865,9060,190,0
NODE,0.758893,999,37739.950000,7359174422,9004,5,0
NODE,0.758893,999,37749.400000,6533913267,9158,165,0
NODE,0.758893,999,37918.140000,6483374790,9101,95,0
NODE,0.758893,999,37996.660000,7194516415,9200,66,0
NODE,0.758893,999,38041.500000,6797478582,9168,40,0
NODE,0.758893,999,38113.000000,7190365985,9196,48,0
NODE,0.758893,999,38181.320000,6888030314,9103,100,0
NODE,0.758893,999,38213.580000,6712540079,9218,211,0
NODE,0.758893,999,38258.620000,7395629463,9195,49,0
NODE,0.758893,999,38284.800000,6946185733,9065,81,0
NODE,0.758893,999,38289.170000,7102665181,9192,68,0
NODE,0.758893,999,38317.450000,6997495151,9194,41,0
NODE,0.758893,999,38324.390000,7042753830,9210,238,0
NODE,0.758893,999,38408.220000,6767083710,9156,197,0
NODE,0.758893,999,38604.030000,7515519225,9223,217,0
NODE,0.758893,999,38650.520000,6974659291,9102,168,0
NODE,0.758893,999,38741.400000,7246992223,9185,77,0
NODE,0.758893,999,38820.760000,7425832088,9199,64,0
NODE,0.758893,999,39059.270000,7186927656,9063,80,0
NODE,0.758893,999,39059.790000,7510203070,9159,225,0
NODE,0.758893,999,39073.760000,7495452082,9047,147,0
NODE,0.758893,999,39088.270000,6861714433,9152,191,0
NODE,0.758893,999,39163.830000,7461798744,9224,234,0
NODE,0.758893,999,39169.580000,7646201065,9036,16,0
NODE,0.758893,999,39184.090000,6977927618,9227,236,0
NODE,0.758893,999,39203.770000,6843423285,9178,56,0
NODE,0.758893,999,39245.180000,6835888445,9187,43,0
NODE,0.758893,999,39325.370000,7139644656,9191,67,0
NODE,0.758893,999,39344.830000,8068124900,9237,220,0
NODE,0.758893,999,39424.420000,8024864128,9010,11,0
NODE,0.758893,999,39433.420000,7394087279,9104,101,0
NODE,0.758893,999,39439.100000,7069074633,9099,139,0
NODE,0.758893,999,39480.400000,7623061621,9053,145,0
NODE,0.758893,999,39554.340000,6974467562,9177,52,0
NODE,0.758893,999,39642.170000,6788839971,9100,166,0
NODE,0.758893,999,39731.190000,7648687361,9188,46,0
NODE,0.758893,999,39788.530000,7648322731,9216,210,0
NODE,0.758893,999,39806.320000,7081556172,9132,110,0
NODE,0.758893,999,39816.220000,7360214665,9211,212,0
NODE,0.758893,999,39817.630000,7255027330,9179,58,0
NODE,0.758893,999,39818.420000,7040654386,9181,60,0
NODE,0.758893,999,39821.550000,7999826044,9206,63,0
NODE,0.758893,999,39819.270000,7506751397,9135,183,0
NODE,0.758893,999,39832.470000,7261636089,9009,10,0
NODE,0.758893,999,39837.990000,7425276134,9217,209,0
NODE,0.758893,999,39851.590000,7764381649,9233,223,0
NODE,0.758893,999,40025.970000,6690238438,9098,137,0
NODE,0.758893,999,40045.250000,7618553547,9222,206,0
NODE,0.758893,999,40064.180000,7201284484,9154,199,0
NODE,0.758893,999,40070.790000,7415706423,9183,74,0
NODE,0.758893,999,40096.930000,7243536263,9147,188,0
NODE,0.758893,999,40135.910000,7401033189,9136,156,0
NODE,0.758893,999,40204.740000,7440504417,9232,214,0
NODE,0.758893,999,40240.710000,7291761429,9087,132,0
NODE,0.758893,999,40275.630000,7658702812,9193,72,0
NODE,0.758893,999,40338.980000,7412012200,9155,196,0
NODE,0.758893,999,40391.220000,7404697804,9186,76,0
NODE,0.758893,999,40499.040000,7380038662,9077,84,0
NODE,0.758893,999,40500.260000,7609814690,9139,157,0
NODE,0.758893,999,40553.070000,7567476806,9073,82,0
NODE,0.758893,999,40605.750000,7136824324,9234,224,0
NODE,0.758893,999,40616.480000,7464628246,9153,128,0
NODE,0.758893,999,40679.380000,7453932368,9062,115,0
NODE,0.758893,999,40715.850000,7554029816,9228,235,0
NODE,0.758893,999,40773.700000,7632385540,9134,184,0
NODE,0.758893,999,40858.360000,7158763103,9174,51,0
NODE,0.758893,999,40859.610000,7617817480,9202,70,0
NODE,0.758893,999,40873.360000,7582853627,9226,219,0
NODE,0.758893,999,40949.140000,7530480788,9208,203,0
NODE,0.758893,999,40973.160000,7820601820,9042,122,0
NODE,0.758893,999,40977.740000,7364091045,9093,135,0
NODE,0.758893,999,40985.860000,7295719990,9088,131,0
NODE,0.758893,999,40992.860000,7758817883,9204,71,0
NODE,0.758893,999,41001.760000,7127846649,9172,47,0
NODE,0.758893,999,41048.950000,7600534098,9072,83,0
NODE,0.758893,999,41053.800000,7694835237,9221,216,0
NODE,0.758893,999,41065.470000,7948206621,9190,65,0
NODE,0.758893,999,41083.390000,7352530901,9175,55,0
NODE,0.758893,999,41093.420000,7418605887,9130,155,0
NODE,0.758893,999,41143.840000,7600334006,9167,202,0
NODE,0.758893,999,41182.730000,7309030795,9138,111,0
NODE,0.758893,999,41190.470000,7849206812,9215,208,0
NODE,0.758893,999,41202.280000,7471011977,9032,35,0
NODE,0.758893,999,41201.550000,7197683753,9170,44,0
NODE,0.758893,999,41215.860000,7320561765,9165,200,0
NODE,0.758893,999,41224.870000,7655936959,9056,119,0
NODE,0.758893,999,41249.880000,7315191210,9161,226,0
NODE,0.758893,999,41302.410000,7400852607,9212,229,0
NODE,0.758893,999,41366.340000,7095298645,9173,50,0
NODE,0.758893,999,41407.740000,8054326501,9214,227,0
NODE,0.758893,999,41490.990000,7555032708,9163,232,0
NODE,0.758893,999,41512.630000,7312524725,9148,189,0
NODE,0.758893,999,41522.490000,7749394113,9180,59,0
NODE,0.758893,999,41577.200000,7286022871,9109,97,0
NODE,0.758893,999,41679.610000,7643043303,9075,121,0
NODE,0.758893,999,41730.210000,8241595657,9184,75,0
NODE,0.758893,999,41839.070000,7074893598,9128,179,0
NODE,0.758893,999,41853.330000,7789909703,9141,159,0
NODE,0.758893,999,41984.920000,7243482696,9091,162,0
NODE,0.758893,999,41999.400000,7773181526,9129,154,0
NODE,0.758893,999,42018.110000,7761268519,9182,62,0
NODE,0.758893,999,42068.020000,7721978140,9067,180,0
NODE,0.758893,999,42099.380000,8018919995,9225,237,0
NODE,0.758893,999,42118.980000,8183982692,9071,195,0
NODE,0.758893,999,42131.810000,7951309370,9041,123,0
NODE,0.758893,999,42166.500000,8056255178,9023,25,0
NODE,0.758893,999,42217.750000,8215684910,9197,53,0
NODE,0.758893,999,42278.830000,7449218201,9085,89,0
NODE,0.758893,999,42305.300000,8033208892,9061,178,0
NODE,0.758893,999,42321.030000,7858058149,9030,33,0
NODE,0.758893,999,42330.600000,7941962149,9014,15,0
NODE,0.758893,999,42434.710000,8948215160,9000,1,0
NODE,0.758893,999,42450.710000,8240388012,9083,130,0
NODE,0.758893,999,42474.780000,7678773991,9078,86,0
NODE,0.758893,999,42481.550000,7911594517,9043,92,0
NODE,0.758893,999,42503.420000,8889284463,9005,6,0
NODE,0.758893,999,42548.060000,8223003073,9094,91,0
NODE,0.758893,999,42587.410000,8535736546,9011,12,0
NODE,0.758893,999,42588.410000,8474503808,9040,85,0
NODE,0.758893,999,42604.700000,8344145172,9015,17,0
NODE,0.758893,999,42629.550000,8300395658,9058,185,0
NODE,0.758893,999,42750.800000,8571108023,9033,36,0
NODE,0.758893,999,42784.820000,8603468086,9001,2,0
NODE,0.758893,999,42788.170000,7421609782,9157,102,0
NODE,0.758893,999,42798.410000,7555684519,9144,187,0
NODE,0.758893,999,42799.310000,7956022340,9096,138,0
NODE,0.758893,999,42818.690000,8483401685,9231,213,0
NODE,0.758893,999,42828.440000,8510780243,9034,38,0
NODE,0.758893,999,42836.070000,7051485136,9112,105,0
NODE,0.758893,999,42869.980000,8281466376,9022,24,0
NODE,0.758893,999,42879.960000,8975864199,9002,3,0
NODE,0.758893,999,42937.160000,8103500190,9162,230,0
NODE,0.758893,999,43053.560000,7663427949,9080,129,0
NODE,0.758893,999,43063.970000,8166697931,9076,124,0
NODE,0.758893,999,43125.310000,7689197711,9140,114,0
NODE,0.758893,999,43136.800000,7939677687,9145,186,0
NODE,0.758893,999,43157.910000,7569641121,9166,201,0
NODE,0.758893,999,43217.990000,8085146192,9044,93,0
NODE,0.758893,999,43279.020000,8045309248,9052,175,0
NODE,0.758893,999,43284.530000,8127767055,9048,164,0
NODE,0.758893,999,43283.530000,8179542900,9027,30,0
NODE,0.758893,999,43297.590000,7810590407,9189,61,0
NODE,0.758893,999,43313.850000,7888223282,9149,118,0
NODE,0.758893,999,43314.290000,8623510826,9095,163,0
NODE,0.758893,999,43316.880000,8188628239,9236,222,0
NODE,0.758893,999,43406.000000,7644084000,9049,96,0
NODE,0.758893,999,43438.230000,7978000276,9086,161,0
NODE,0.758893,999,43449.040000,8156119700,9137,113,0
NODE,0.758893,999,43468.960000,8215214937,9074,198,0
NODE,0.758893,999,43485.700000,8246855928,9029,32,0
NODE,0.758893,999,43515.560000,7759567477,9017,19,0
NODE,0.758893,999,43518.310000,7556282774,9097,167,0
NODE,0.758893,999,43533.570000,8350740114,9055,151,0
NODE,0.758893,999,43537.020000,8169155171,9070,193,0
NODE,0.758893,999,43548.670000,8753482680,9035,39,0
NODE,0.758893,999,43574.380000,8353939951,9108,141,0
NODE,0.758893,999,43592.840000,9558430283,9037,27,0
NODE,0.758893,999,43593.070000,8950180963,9039,90,0
NODE,0.758893,999,43634.100000,8090350877,9106,142,0
NODE,0.758893,999,43654.330000,7923583681,9089,133,0
NODE,0.758893,999,43702.500000,9006075423,9038,37,0
NODE,0.758893,999,43713.880000,8232152517,9016,18,0
NODE,0.758893,999,43743.660000,8380124601,9068,182,0
NODE,0.758893,999,43762.200000,8193010002,9142,116,0
NODE,0.758893,999,43822.080000,8345305218,9025,28,0
NODE,0.758893,999,43988.020000,8375822874,9133,177,0
NODE,0.758893,999,44022.950000,8843666143,9003,4,0
NODE,0.758893,999,44032.740000,7979519987,9124,149,0
NODE,0.758893,999,44053.760000,8546843812,9020,22,0
NODE,0.758893,999,44095.680000,8039880210,9050,148,0
NODE,0.758893,999,44178.060000,8520722109,9018,20,0
NODE,0.758893,999,44192.430000,7635630145,9113,143,0
NODE,0.758893,999,44193.910000,8137365386,9012,13,0
NODE,0.758893,999,44202.030000,8075951201,9125,152,0
NODE,0.758893,999,44251.560000,8642469617,9059,106,0
NODE,0.758893,999,44294.620000,8659199700,9019,21,0
NODE,0.758893,999,44379.840000,8211325218,9057,104,0
NODE,0.758893,999,44417.680000,8139601290,9081,87,0
NODE,0.758893,999,44414.360000,8488745603,9045,136,0
NODE,0.758893,999,44419.780000,8578464422,9118,173,0
NODE,0.758893,999,44498.310000,8389521923,9169,42,0
NODE,0.758893,999,44670.840000,8297888329,9213,231,0
NODE,0.758893,999,44781.080000,7701702761,9116,103,0
NODE,0.758893,999,44783.050000,7954083072,9123,176,0
NODE,0.758893,999,44819.620000,8249483035,9082,160,0
NODE,0.758893,999,44863.110000,8393814361,9013,14,0
NODE,0.758893,999,44895.510000,8998762566,9031,34,0
NODE,0.758893,999,44917.060000,8153243053,9092,134,0
NODE,0.758893,999,44934.400000,9701081744,9008,9,0
NODE,0.758893,999,44982.200000,8581751984,9046,126,0
NODE,0.758893,999,45012.680000,9142496628,9006,7,0
NODE,0.758893,999,45043.850000,8436894530,9054,150,0
NODE,0.758893,999,45054.260000,8405497700,9079,127,0
NODE,0.758893,999,45116.220000,8329425061,9051,125,0
NODE,0.758893,999,45170.410000,8688381486,9026,29,0
NODE,0.758893,999,45274.990000,8148774474,9111,170,0
NODE,0.758893,999,45307.870000,9123172874,9069,120,0
NODE,0.758893,999,45427.030000,9508025449,9066,181,0
NODE,0.758893,999,45491.150000,8123857099,9114,172,0
NODE,0.758893,999,45526.380000,7924822013,9171,45,0
NODE,0.758893,999,45527.800000,8212211190,9143,158,0
NODE,0.758893,999,45551.980000,8313352671,9151,192,0
NODE,0.758893,999,45584.790000,8693267466,9107,98,0
NODE,0.758893,999,45601.260000,7915086338,9110,99,0
NODE,0.758893,999,45647.160000,9379610727,9105,140,0
NODE,0.758893,999,45821.180000,8799345503,9028,31,0
NODE,0.758893,999,45919.820000,8861456576,9230,221,0
NODE,0.758893,999,45922.180000,8308615622,9160,204,0
NODE,0.758893,999,46006.280000,8968277641,9021,23,0
NODE,0.758893,999,46061.500000,8403997149,9150,194,0
NODE,0.758893,999,46149.460000,8102480836,9090,94,0
NODE,0.758893,999,46186.480000,8657358643,9164,233,0
NODE,0.758893,999,46193.770000,7763879699,9229,215,0
NODE,0.758893,999,46219.580000,7967637995,9146,117,0
NODE,0.758893,999,46406.630000,8308231405,9024,26,0
NODE,0.758893,999,46453.470000,8453340770,9119,107,0
NODE,0.758893,999,47307.820000,8791508160,9120,144,0
NODE,0.758893,999,47473.580000,8414085742,9117,171,0
NODE,0.758893,999,47512.130000,9302656779,9122,146,0
NODE,0.758893,999,47835.480000,8531447426,9126,109,0
NODE,0.758893,999,47952.720000,9813579975,9007,8,0
NODE,0.758893,999,48075.420000,9046040118,9127,153,0
NODE,0.758893,999,48248.500000,8859528993,9084,88,0
NODE,0.758893,999,48467.670000,8269410814,9176,54,0
NODE,0.758893,999,48487.880000,8242922980,9115,169,0
NODE,0.758893,999,50595.890000,9683498268,9121,174,0
NODE,0.758893,999,36037.200000,6788710264,9240,79,0
NODE,0.758893,999,37112.100000,6046928301,9242,73,0
NODE,0.758893,999,38542.040000,7351044597,9239,207,0
NODE,0.758893,999,36921.960000,7264402292,9249,69,0
NODE,0.758893,999,38398.070000,7864521837,9244,205,0
NODE,0.758893,999,39430.330000,7721774515,9241,239,0
NODE,0.758893,999,39001.200000,7611686023,9245,57,0
NODE,0.758893,999,37157.260000,6571656464,9251,190,0
NODE,0.758893,999,36912.340000,6657624906,9256,40,0
NODE,0.758893,999,37048.440000,6514968642,9255,66,0
NODE,0.758893,999,39402.460000,7155018318,9243,218,0
NODE,0.758893,999,37608.860000,7361285514,9252,5,0
NODE,0.758893,999,38783.370000,6696219122,9246,108,0
NODE,0.758893,999,38832.450000,7113516611,9248,228,0
NODE,0.758893,999,37698.310000,7141312234,9262,68,0
NODE,0.758893,999,37408.310000,6805285272,9268,77,0
NODE,0.758893,999,38461.440000,7248020813,9257,48,0
NODE,0.758893,999,38666.890000,6959522864,9260,49,0
NODE,0.758893,999,40121.160000,6824000755,9247,78,0
NODE,0.758893,999,36576.010000,6709568207,9319,219,0
NODE,0.758893,999,39577.790000,7190615624,9254,95,0
NODE,0.758893,999,38733.390000,7488793663,9269,64,0
NODE,0.758893,999,39955.850000,7516223261,9250,112,0
NODE,0.758893,999,39304.410000,7148215364,9261,81,0
NODE,0.758893,999,40154.920000,7101104034,9253,165,0
NODE,0.758893,999,37407.400000,6841536430,9314,115,0
NODE,0.758893,999,39939.870000,7194126467,9258,100,0
NODE,0.758893,999,39858.350000,6902663114,9264,238,0
NODE,0.758893,999,39614.290000,7552114532,9284,145,0
NODE,0.758893,999,37966.270000,7376349234,9335,44,0
NODE,0.758893,999,38805.030000,7520688409,9308,76,0
NODE,0.758893,999,37481.270000,6986921378,9349,159,0
NODE,0.758893,999,38552.070000,7384465372,9323,131,0
NODE,0.758893,999,38641.100000,6828648066,9321,122,0
NODE,0.758893,999,41330.850000,7726252865,9265,197,0
NODE,0.758893,999,39493.670000,7720703481,9306,72,0
NODE,0.758893,999,38710.240000,7734490116,9329,55,0
NODE,0.758893,999,40636.880000,7315484685,9275,16,0
NODE,0.758893,999,40826.890000,7545378867,9276,236,0
NODE,0.758893,999,41998.480000,7956492937,9263,41,0
NODE,0.758893,999,41466.740000,7531868555,9277,56,0
NODE,0.758893,999,41332.700000,8337327098,9280,220,0
NODE,0.758893,999,39716.210000,7467519916,9325,47,0
NODE,0.758893,999,42118.900000,8241512611,9266,217,0
NODE,0.758893,999,41725.420000,7338014296,9271,225,0
NODE,0.758893,999,36417.860000,7170608952,9431,173,0
NODE,0.758893,999,39996.470000,8053023954,9337,119,0
NODE,0.758893,999,42185.390000,8028655723,9270,80,0
NODE,0.758893,999,41842.460000,8066509063,9281,11,0
NODE,0.758893,999,42207.280000,7693544989,9272,147,0
NODE,0.758893,999,41100.560000,8125437754,9307,196,0
NODE,0.758893,999,40366.480000,7438951728,9331,202,0
NODE,0.758893,999,41755.920000,7527654630,9290,212,0
NODE,0.758893,999,40384.430000,7031495203,9336,200,0
NODE,0.758893,999,40591.760000,8017066714,9328,65,0
NODE,0.758893,999,39981.480000,7094913288,9346,121,0
NODE,0.758893,999,42450.500000,7664474186,9278,43,0
NODE,0.758893,999,39002.810000,7700363921,9379,38,0
NODE,0.758893,999,41334.670000,7972057288,9311,82,0
NODE,0.758893,999,38842.470000,7209528756,9384,129,0
NODE,0.758893,999,39838.230000,7534092741,9355,195,0
NODE,0.758893,999,41823.910000,8285241621,9303,156,0
NODE,0.758893,999,41099.530000,8121077194,9327,216,0
NODE,0.758893,999,41933.610000,7950071273,9305,132,0
NODE,0.758893,999,41169.910000,7511973519,9326,83,0
NODE,0.758893,999,42582.550000,7651552808,9293,63,0
NODE,0.758893,999,42263.280000,8600920843,9304,214,0
NODE,0.758893,999,41637.790000,7807369005,9318,70,0
NODE,0.758893,999,37492.670000,7185627447,9443,150,0
NODE,0.758893,999,38254.450000,7566445796,9430,136,0
NODE,0.758893,999,43606.750000,7827863391,9273,191,0
NODE,0.758893,999,41433.650000,7563076571,9341,227,0
NODE,0.758893,999,42249.780000,8360085248,9312,224,0
NODE,0.758893,999,43195.630000,8018333571,9295,10,0
NODE,0.758893,999,39969.280000,7530380121,9385,124,0
NODE,0.758893,999,41766.750000,7789617518,9342,232,0
NODE,0.758893,999,45044.620000,8394978891,9259,211,0
NODE,0.758893,999,44103.710000,8327027594,9274,234,0
NODE,0.758893,999,42132.270000,8046798344,9334,35,0
NODE,0.758893,999,41992.250000,8726223252,9340,50,0
NODE,0.758893,999,40494.510000,7960980916,9382,3,0
NODE,0.758893,999,43348.150000,9009206460,9302,188,0
NODE,0.758893,999,44818.810000,8872676504,9267,168,0
NODE,0.758893,999,42491.030000,8215579020,9322,135,0
NODE,0.758893,999,42712.690000,8441708908,9320,203,0
NODE,0.758893,999,38737.230000,7665428130,9440,9,0
NODE,0.758893,999,42487.210000,8119938299,9333,208,0
NODE,0.758893,999,41516.290000,8148580565,9358,53,0
NODE,0.758893,999,43822.860000,9423101020,9298,137,0
NODE,0.758893,999,44307.260000,8985774808,9285,52,0
NODE,0.758893,999,44046.900000,8909085036,9296,209,0
NODE,0.758893,999,43141.820000,8637107017,9316,184,0
NODE,0.758893,999,43063.500000,8115226565,9317,51,0
NODE,0.758893,999,44110.490000,8601782035,9294,183,0
NODE,0.758893,999,41289.220000,7834950332,9380,105,0
NODE,0.758893,999,39187.080000,7526590994,9441,126,0
NODE,0.758893,999,39190.110000,7722096020,9442,7,0
NODE,0.758893,999,38146.760000,7367005787,9461,194,0
NODE,0.758893,999,41414.270000,7518018988,9376,187,0
NODE,0.758893,999,39983.110000,7789330162,9427,21,0
NODE,0.758893,999,44492.340000,7846107105,9289,110,0
NODE,0.758893,999,43151.390000,8019256854,9332,111,0
NODE,0.758893,999,44923.110000,9034682456,9282,101,0
NODE,0.758893,999,42403.090000,7819616618,9350,162,0
NODE,0.758893,999,43446.840000,7964649510,9324,71,0
NODE,0.758893,999,41612.460000,8407139509,9381,24,0
NODE,0.758893,999,43981.210000,8680285457,9310,157,0
NODE,0.758893,999,43271.490000,8401551834,9338,226,0
NODE,0.758893,999,39244.010000,7391700113,9448,120,0
NODE,0.758893,999,39038.070000,7209351284,9452,158,0
NODE,0.758893,999,42294.420000,7898718424,9359,89,0
NODE,0.758893,999,44935.920000,8439040142,9286,166,0
NODE,0.758893,999,43970.390000,8316664433,9313,128,0
NODE,0.758893,999,40114.460000,7829167583,9432,42,0
NODE,0.758893,999,44561.430000,9604756698,9299,206,0
NODE,0.758893,999,44802.010000,8412388567,9291,58,0
NODE,0.758893,999,41866.980000,8038374829,9377,138,0
NODE,0.758893,999,45249.960000,8677070563,9283,139,0
NODE,0.758893,999,40920.310000,7613875659,9416,28,0
NODE,0.758893,999,44325.790000,8624865082,9309,84,0
NODE,0.758893,999,43378.630000,8499707341,9344,59,0
NODE,0.758893,999,45644.050000,9147921017,9279,67,0
NODE,0.758893,999,42193.910000,8189861469,9375,102,0
NODE,0.758893,999,42398.840000,8276773983,9371,17,0
NODE,0.758893,999,38613.090000,7484544746,9467,107,0
NODE,0.758893,999,42651.240000,8267770947,9364,130,0
NODE,0.758893,999,39617.240000,7482614317,9450,172,0
NODE,0.758893,999,44046.830000,8562767221,9330,155,0
NODE,0.758893,999,45150.010000,8785102582,9300,199,0
NODE,0.758893,999,42196.630000,7969448906,9393,61,0
NODE,0.758893,999,42758.990000,8420894387,9378,213,0
NODE,0.758893,999,44280.670000,8714954128,9339,229,0
NODE,0.758893,999,43158.040000,8235149229,9365,86,0
NODE,0.758893,999,43474.370000,8420302609,9357,25,0
NODE,0.758893,999,44949.590000,8372428239,9315,235,0
NODE,0.758893,999,41565.620000,8611467994,9426,106,0
NODE,0.758893,999,41798.720000,8766944225,9420,22,0
NODE,0.758893,999,41702.500000,8158406903,9425,152,0
NODE,0.758893,999,39727.880000,8418588868,9463,233,0
NODE,0.758893,999,40441.460000,8076232886,9451,45,0
NODE,0.758893,999,41641.600000,8737890255,9428,104,0
NODE,0.758893,999,41194.600000,8493885470,9437,14,0
NODE,0.758893,999,42989.810000,7972255555,9386,114,0
NODE,0.758893,999,44097.860000,8364930724,9353,180,0
NODE,0.758893,999,46351.920000,9161829117,9292,60,0
NODE,0.758893,999,44056.430000,8878460731,9356,123,0
NODE,0.758893,999,43007.900000,7615624282,9394,118,0
NODE,0.758893,999,43525.370000,8502405968,9383,230,0
NODE,0.758893,999,44639.420000,8614527545,9348,179,0
NODE,0.758893,999,43225.660000,8473186266,9392,30,0
NODE,0.758893,999,42393.000000,8370009393,9422,20,0
NODE,0.758893,999,46904.090000,9349680488,9297,223,0
NODE,0.758893,999,43478.250000,8192461762,9390,175,0
NODE,0.758893,999,46765.300000,9193197621,9301,74,0
NODE,0.758893,999,44595.660000,8268436881,9361,33,0
NODE,0.758893,999,41811.940000,8000002602,9445,125,0
NODE,0.758893,999,47194.310000,9453452038,9288,210,0
NODE,0.758893,999,43392.330000,7985459375,9413,18,0
NODE,0.758893,999,42193.190000,8515510654,9439,134,0
NODE,0.758893,999,44901.820000,8453425090,9360,178,0
NODE,0.758893,999,40839.250000,7794499123,9466,26,0
NODE,0.758893,999,44206.790000,8198065451,9387,186,0
NODE,0.758893,999,41796.390000,8323046647,9455,99,0
NODE,0.758893,999,42997.870000,8494923332,9429,87,0
NODE,0.758893,999,44982.670000,8800518984,9363,1,0
NODE,0.758893,999,45416.120000,8317351118,9354,237,0
NODE,0.758893,999,41356.480000,7781893386,9465,117,0
NODE,0.758893,999,42472.470000,8772875033,9446,29,0
NODE,0.758893,999,43623.290000,8187136188,9418,4,0
NODE,0.758893,999,42737.480000,7831837685,9444,127,0
NODE,0.758893,999,45254.590000,9065939864,9372,185,0
NODE,0.758893,999,44179.660000,8231890672,9415,116,0
NODE,0.758893,999,45635.200000,8826733338,9362,15,0
NODE,0.758893,999,44009.710000,9009985469,9417,177,0
NODE,0.758893,999,41930.870000,9251141243,9462,94,0
NODE,0.758893,999,41892.570000,8443399987,9464,215,0
NODE,0.758893,999,46664.530000,8779919965,9343,189,0
NODE,0.758893,999,44815.900000,8199719874,9398,161,0
NODE,0.758893,999,40295.240000,8213533327,9473,153,0
NODE,0.758893,999,42818.800000,8466444051,9453,192,0
NODE,0.758893,999,45382.580000,8923194806,9388,201,0
NODE,0.758893,999,46565.000000,8443637592,9352,62,0
NODE,0.758893,999,40683.070000,8178181730,9472,8,0
NODE,0.758893,999,45278.800000,8327075113,9397,96,0
NODE,0.758893,999,43949.830000,8224443044,9434,103,0
NODE,0.758893,999,43485.190000,8772574603,9447,170,0
NODE,0.758893,999,44185.290000,8683177384,9433,231,0
NODE,0.758893,999,47284.880000,9379065049,9345,97,0
NODE,0.758893,999,42897.070000,9156488000,9460,23,0
NODE,0.758893,999,44939.500000,8850465641,9421,148,0
NODE,0.758893,999,45790.160000,8769272368,9396,222,0
NODE,0.758893,999,43250.590000,8118844812,9459,204,0
NODE,0.758893,999,46465.780000,9080550981,9373,36,0
NODE,0.758893,999,45781.680000,8831274097,9400,198,0
NODE,0.758893,999,43476.290000,9208349378,9457,31,0
NODE,0.758893,999,49560.210000,9799914823,9287,46,0
NODE,0.758893,999,47976.120000,9185897983,9347,75,0
NODE,0.758893,999,46554.310000,8707748154,9389,93,0
NODE,0.758893,999,46392.330000,9486667938,9399,113,0
NODE,0.758893,999,45018.940000,8657431383,9436,160,0
NODE,0.758893,999,44415.670000,8881342992,9449,181,0
NODE,0.758893,999,46244.340000,9266927443,9411,133,0
NODE,0.758893,999,45887.250000,8965605755,9419,149,0
NODE,0.758893,999,47485.960000,9481854554,9366,92,0
NODE,0.758893,999,46707.310000,9170955039,9395,163,0
NODE,0.758893,999,48039.210000,9320300680,9351,154,0
NODE,0.758893,999,45242.350000,9470334296,9438,34,0
NODE,0.758893,999,46438.120000,9280408430,9414,182,0
NODE,0.758893,999,46482.280000,9657139307,9412,37,0
NODE,0.758893,999,46071.670000,9413942514,9424,13,0
NODE,0.758893,999,46834.010000,9532342309,9402,19,0
NODE,0.758893,999,46920.150000,8718050083,9404,151,0
NODE,0.758893,999,42974.580000,8767495207,9470,146,0
NODE,0.758893,999,44953.050000,8743428935,9456,140,0
NODE,0.758893,999,45028.340000,8926827566,9454,98,0
NODE,0.758893,999,47107.730000,9829287105,9405,193,0
NODE,0.758893,999,46000.680000,8865980229,9435,176,0
NODE,0.758893,999,47198.220000,8655166852,9410,142,0
NODE,0.758893,999,43165.060000,8323605763,9471,109,0
NODE,0.758893,999,42604.040000,8942272694,9475,54,0
NODE,0.758893,999,48557.230000,9345857934,9374,2,0
NODE,0.758893,999,44022.810000,8667578935,9469,171,0
NODE,0.758893,999,49113.950000,9881386608,9367,6,0
NODE,0.758893,999,48398.300000,9176168347,9391,164,0
NODE,0.758893,999,48166.330000,9415700830,9409,90,0
NODE,0.758893,999,44468.100000,8511466463,9468,144,0
NODE,0.758893,999,48302.800000,9012922685,9401,32,0
NODE,0.758893,999,48298.020000,10221960808,9407,141,0
NODE,0.758893,999,48352.370000,10357131439,9406,39,0
NODE,0.758893,999,46368.640000,9570576808,9458,221,0
NODE,0.758893,999,44058.680000,9097033616,9476,169,0
NODE,0.758893,999,50063.260000,9689640095,9368,91,0
NODE,0.758893,999,44590.950000,9076355408,9474,88,0
NODE,0.758893,999,48995.320000,9689025296,9423,143,0
NODE,0.758893,999,49722.610000,9733746790,9403,167,0
NODE,0.758893,999,50849.470000,10021476486,9370,85,0
NODE,0.758893,999,50981.760000,10242880429,9408,27,0
NODE,0.758893,999,52487.180000,10240037877,9369,12,0
NODE,0.758893,999,45842.880000,9531448219,9477,174,0
NODE,0.758893,999,38203.660000,7624656858,9485,190,0
NODE,0.758893,999,39020.300000,7311155579,9486,40,0
NODE,0.758893,999,38435.060000,7638236731,9493,77,0
NODE,0.758893,999,39948.770000,8229112459,9484,57,0
NODE,0.758893,999,43901.160000,8846410204,9478,79,0
NODE,0.758893,999,41656.210000,8194781006,9480,207,0
NODE,0.758893,999,39778.970000,7612642252,9491,228,0
NODE,0.758893,999,39454.610000,7924325547,9494,48,0
NODE,0.758893,999,41324.910000,8113165477,9489,5,0
NODE,0.758893,999,41657.850000,8712215415,9487,66,0
NODE,0.758893,999,39304.830000,7629597460,9499,64,0
NODE,0.758893,999,41166.680000,8039912547,9492,68,0
NODE,0.758893,999,43041.370000,8864995605,9482,205,0
NODE,0.758893,999,42801.450000,8134496647,9483,239,0
NODE,0.758893,999,39763.760000,7725519224,9502,165,0
NODE,0.758893,999,40820.390000,8227293269,9496,78,0
NODE,0.758893,999,38893.050000,7969637601,9508,76,0
NODE,0.758893,999,41078.010000,7934927158,9503,115,0
NODE,0.758893,999,40107.610000,7498669844,9511,122,0
NODE,0.758893,999,39405.050000,7896890296,9517,41,0
NODE,0.758893,999,40312.100000,7630258303,9510,131,0
NODE,0.758893,999,43211.490000,8745366096,9495,49,0
NODE,0.758893,999,35738.610000,6721304591,9584,157,0
NODE,0.758893,999,44674.200000,9460001199,9490,108,0
NODE,0.758893,999,39437.040000,7839615120,9528,196,0
NODE,0.758893,999,45866.290000,9608984742,9488,218,0
NODE,0.758893,999,40248.010000,8251267939,9522,225,0
NODE,0.758893,999,43596.510000,8568218500,9497,219,0
NODE,0.758893,999,39950.550000,7883013690,9527,147,0
NODE,0.758893,999,42138.870000,8191324618,9507,44,0
NODE,0.758893,999,43825.140000,8335734460,9501,81,0
NODE,0.758893,999,43303.440000,8393340156,9504,100,0
NODE,0.758893,999,37265.350000,7444982119,9576,187,0
NODE,0.758893,999,41590.820000,7756091534,9516,236,0
NODE,0.758893,999,40905.400000,8049282999,9521,217,0
NODE,0.758893,999,44169.420000,8183627993,9498,95,0
NODE,0.758893,999,47555.990000,9768238637,9481,69,0
NODE,0.758893,999,41104.210000,8313286748,9520,47,0
NODE,0.758893,999,44265.180000,8370144456,9500,112,0
NODE,0.758893,999,49245.660000,10376560572,9479,73,0
NODE,0.758893,999,42523.180000,8357412142,9512,197,0
NODE,0.758893,999,41867.850000,8349224500,9518,56,0
NODE,0.758893,999,41361.440000,8721756259,9524,119,0
NODE,0.758893,999,43260.610000,8956323871,9509,159,0
NODE,0.758893,999,41408.280000,8307006942,9529,202,0
NODE,0.758893,999,44100.460000,8351272453,9506,145,0
NODE,0.758893,999,41291.320000,8176137982,9537,129,0
NODE,0.758893,999,38812.370000,7168563829,9582,71,0
NODE,0.758893,999,39140.180000,7106126888,9572,105,0
NODE,0.758893,999,37018.050000,6584303578,9625,230,0
NODE,0.758893,999,43718.410000,8799112411,9514,55,0
NODE,0.758893,999,42704.200000,9017488079,9523,173,0
NODE,0.758893,999,41489.310000,8171738026,9540,216,0
NODE,0.758893,999,41776.760000,7944799977,9536,82,0
NODE,0.758893,999,42139.460000,7854930335,9531,200,0
NODE,0.758893,999,41391.180000,8395057792,9544,214,0
NODE,0.758893,999,38223.210000,7221221829,9614,22,0
NODE,0.758893,999,42920.990000,8661009800,9526,11,0
NODE,0.758893,999,41578.190000,8167903744,9547,136,0
NODE,0.758893,999,42343.810000,8123756273,9538,195,0
NODE,0.758893,999,46130.410000,9445915378,9505,238,0
NODE,0.758893,999,43081.230000,8780143701,9525,80,0
NODE,0.758893,999,44590.060000,8823209110,9513,72,0
NODE,0.758893,999,39859.240000,7470920546,9587,158,0
NODE,0.758893,999,43828.180000,8462158949,9519,220,0
NODE,0.758893,999,42910.520000,8468872086,9532,65,0
NODE,0.758893,999,40312.390000,7601750276,9578,110,0
NODE,0.758893,999,40219.240000,8228114189,9591,42,0
NODE,0.758893,999,40968.170000,7714400076,9569,184,0
NODE,0.758893,999,41201.750000,7863510224,9571,183,0
NODE,0.758893,999,45390.050000,9327098001,9515,16,0
NODE,0.758893,999,42717.960000,8757379234,9545,70,0
NODE,0.758893,999,41636.700000,8147587594,9563,9,0
NODE,0.758893,999,41443.470000,7533406021,9568,209,0
NODE,0.758893,999,38663.380000,7053402588,9629,223,0
NODE,0.758893,999,41343.920000,8116432622,9573,126,0
NODE,0.758893,999,41021.540000,7453542680,9585,226,0
NODE,0.758893,999,39365.540000,6861972838,9623,123,0
NODE,0.758893,999,41334.480000,7989757926,9577,21,0
NODE,0.758893,999,41444.430000,7891099241,9574,7,0
NODE,0.758893,999,35652.670000,6581438156,9686,37,0
NODE,0.758893,999,43004.170000,8573947069,9549,227,0
NODE,0.758893,999,41330.790000,7802033903,9586,120,0
NODE,0.758893,999,40084.210000,7771602862,9615,152,0
NODE,0.758893,999,39986.390000,7401019161,9619,14,0
NODE,0.758893,999,41600.530000,7493476450,9589,166,0
NODE,0.758893,999,36122.110000,6999764268,9687,13,0
NODE,0.758893,999,39679.080000,7599731765,9630,175,0
NODE,0.758893,999,42074.310000,7942616090,9580,101,0
NODE,0.758893,999,41791.720000,7941539536,9594,138,0
NODE,0.758893,999,44789.360000,8244880304,9533,121,0
NODE,0.758893,999,40319.210000,7972435131,9622,60,0
NODE,0.758893,999,45003.870000,9020015358,9530,212,0
NODE,0.758893,999,41545.910000,7031600167,9602,107,0
NODE,0.758893,999,41552.640000,7804446454,9603,130,0
NODE,0.758893,999,42381.230000,8087447531,9579,111,0
NODE,0.758893,999,40954.650000,7428182002,9613,106,0
NODE,0.758893,999,43040.520000,7681631653,9567,52,0
NODE,0.758893,999,37840.620000,7276649943,9668,222,0
NODE,0.758893,999,41488.020000,7704698552,9609,229,0
NODE,0.758893,999,43967.740000,8936417364,9556,35,0
NODE,0.758893,999,41639.690000,7963498946,9612,235,0
NODE,0.758893,999,43419.470000,8447338767,9570,51,0
NODE,0.758893,999,35637.010000,6523426317,9704,32,0
NODE,0.758893,999,45752.390000,9208486522,9534,43,0
NODE,0.758893,999,41028.880000,7496669233,9626,179,0
NODE,0.758893,999,44346.270000,8674076509,9555,234,0
NODE,0.758893,999,38534.450000,7335683890,9669,204,0
NODE,0.758893,999,45590.630000,9521583577,9543,63,0
NODE,0.758893,999,42943.920000,7967244250,9604,172,0
NODE,0.758893,999,43537.370000,8150611910,9590,128,0
NODE,0.758893,999,43517.140000,8381774460,9593,58,0
NODE,0.758893,999,42043.750000,8208556776,9621,180,0
NODE,0.758893,999,44071.700000,8213252369,9575,194,0
NODE,0.758893,999,46520.750000,9349173768,9535,38,0
NODE,0.758893,999,43973.970000,7996364597,9581,162,0
NODE,0.758893,999,36677.970000,6986353754,9703,144,0
NODE,0.758893,999,38133.600000,7171176656,9688,19,0
NODE,0.758893,999,45031.950000,8304010868,9560,168,0
NODE,0.758893,999,41104.990000,7576209609,9641,87,0
NODE,0.758893,999,44868.620000,8658617331,9562,203,0
NODE,0.758893,999,41779.210000,7452924574,9631,74,0
NODE,0.758893,999,45255.810000,8813672465,9558,3,0
NODE,0.758893,999,46109.440000,9584894259,9546,150,0
NODE,0.758893,999,39362.560000,7165054976,9672,31,0
NODE,0.758893,999,43050.080000,8173430780,9610,86,0
NODE,0.758893,999,46860.440000,10467597373,9539,156,0
NODE,0.758893,999,42516.030000,7841220570,9624,118,0
NODE,0.758893,999,43138.490000,8521718417,9616,233,0
NODE,0.758893,999,40516.830000,8613450463,9659,62,0
NODE,0.758893,999,45390.400000,8573803794,9565,53,0
NODE,0.758893,999,45778.290000,9396084970,9557,50,0
NODE,0.758893,999,46991.180000,9714978769,9541,132,0
NODE,0.758893,999,43713.450000,8332248928,9607,61,0
NODE,0.758893,999,47092.250000,9100783627,9542,83,0
NODE,0.758893,999,39419.160000,7916064968,9683,154,0
NODE,0.758893,999,42257.400000,7603225314,9637,178,0
NODE,0.758893,999,41183.850000,7939909349,9656,153,0
NODE,0.758893,999,44598.320000,9132298929,9599,67,0
NODE,0.758893,999,38296.210000,7314192266,9698,2,0
NODE,0.758893,999,46382.830000,8975040919,9561,135,0
NODE,0.758893,999,41697.270000,8103490811,9655,161,0
NODE,0.758893,999,44027.050000,8784118794,9617,45,0
NODE,0.758893,999,46192.760000,9322421236,9566,137,0
NODE,0.758893,999,39326.570000,7726862435,9694,176,0
NODE,0.758893,999,46863.810000,9360245639,9553,232,0
NODE,0.758893,999,46459.310000,9433859664,9564,208,0
NODE,0.758893,999,43170.130000,7811040035,9634,210,0
NODE,0.758893,999,38559.300000,7284351401,9701,164,0
NODE,0.758893,999,39827.090000,8005446762,9690,146,0
NODE,0.758893,999,44221.150000,8233337684,9620,114,0
NODE,0.758893,999,38598.160000,7516238119,9702,90,0
NODE,0.758893,999,45728.000000,9590248339,9595,139,0
NODE,0.758893,999,47387.140000,9554138542,9552,124,0
NODE,0.758893,999,47187.100000,9876375148,9554,211,0
NODE,0.758893,999,46075.060000,9290962058,9583,24,0
NODE,0.758893,999,42907.540000,8653101846,9646,4,0
NODE,0.758893,999,45999.470000,9561409567,9592,206,0
NODE,0.758893,999,45903.760000,9035898159,9597,84,0
NODE,0.758893,999,43633.710000,7507571151,9636,134,0
NODE,0.758893,999,44288.980000,7952659682,9627,30,0
NODE,0.758893,999,39222.000000,7906605275,9700,6,0
NODE,0.758893,999,44317.420000,8050664538,9628,20,0
NODE,0.758893,999,43002.340000,8535338909,9648,185,0
NODE,0.758893,999,38289.310000,7187509189,9709,91,0
NODE,0.758893,999,40967.700000,7823254986,9681,92,0
NODE,0.758893,999,43396.690000,8896650949,9644,117,0
NODE,0.758893,999,41754.690000,7712732294,9671,198,0
NODE,0.758893,999,47566.440000,9955557023,9559,188,0
NODE,0.758893,999,40370.040000,7802214248,9693,193,0
NODE,0.758893,999,40999.840000,8690306840,9682,163,0
NODE,0.758893,999,41804.290000,8042059350,9670,36,0
NODE,0.758893,999,46287.560000,9162620195,9596,28,0
NODE,0.758893,999,37903.770000,7347911873,9711,143,0
NODE,0.758893,999,41486.710000,7390682514,9674,75,0
NODE,0.758893,999,48174.290000,10122511774,9551,10,0
NODE,0.758893,999,39320.660000,7452793008,9706,39,0
NODE,0.758893,999,41344.100000,8074028670,9679,133,0
NODE,0.758893,999,44161.200000,8753699532,9635,18,0
NODE,0.758893,999,41120.800000,8440305999,9685,182,0
NODE,0.758893,999,43976.740000,8326009381,9642,1,0
NODE,0.758893,999,46531.780000,8978153419,9601,17,0
NODE,0.758893,999,43459.530000,8451829443,9654,189,0
NODE,0.758893,999,46042.460000,8948353505,9611,25,0
NODE,0.758893,999,46110.910000,8351144313,9608,213,0
NODE,0.758893,999,46597.580000,8173347636,9605,155,0
NODE,0.758893,999,43974.390000,8801563281,9650,15,0
NODE,0.758893,999,43912.510000,9005339632,9653,215,0
NODE,0.758893,999,44021.410000,9008216674,9651,177,0
NODE,0.758893,999,46028.150000,8571198437,9618,104,0
NODE,0.758893,999,42227.450000,7778828048,9678,181,0
NODE,0.758893,999,42850.410000,7836331201,9673,46,0
NODE,0.758893,999,47618.210000,8962359943,9588,89,0
NODE,0.758893,999,43729.880000,9198422426,9658,201,0
NODE,0.758893,999,45045.530000,8507375691,9638,26,0
NODE,0.758893,999,43537.050000,8652987713,9663,170,0
NODE,0.758893,999,47403.270000,9879270617,9598,59,0
NODE,0.758893,999,49640.010000,10555103587,9548,191,0
NODE,0.758893,999,47409.060000,9021122503,9600,102,0
NODE,0.758893,999,47366.110000,9120956004,9606,199,0
NODE,0.758893,999,43978.010000,8482880365,9660,8,0
NODE,0.758893,999,45108.580000,8827231166,9645,29,0
NODE,0.758893,999,43896.000000,9384682320,9666,23,0
NODE,0.758893,999,42922.350000,8708734868,9680,149,0
NODE,0.758893,999,43105.430000,7993267658,9675,93,0
NODE,0.758893,999,42328.990000,8332420703,9691,140,0
NODE,0.758893,999,44199.050000,9104838298,9665,97,0
NODE,0.758893,999,42943.250000,9871891727,9684,34,0
NODE,0.758893,999,45685.980000,8810586036,9640,99,0
NODE,0.758893,999,42566.050000,8423980723,9692,98,0
NODE,0.758893,999,39997.300000,7570968552,9712,167,0
NODE,0.758893,999,42189.200000,8984530196,9697,54,0
NODE,0.758893,999,45960.020000,8567363289,9639,186,0
NODE,0.758893,999,44679.890000,8954054640,9661,96,0
NODE,0.758893,999,43533.890000,7734664724,9677,160,0
NODE,0.758893,999,43641.830000,8006389431,9676,113,0
NODE,0.758893,999,45109.300000,9080674781,9657,192,0
NODE,0.758893,999,42054.010000,8598998798,9699,171,0
NODE,0.758893,999,44536.010000,9228432766,9667,148,0
NODE,0.758893,999,41385.340000,7963254334,9707,221,0
NODE,0.758893,999,42897.560000,9037374778,9695,142,0
NODE,0.758893,999,51202.120000,10675547029,9550,224,0
NODE,0.758893,999,43686.370000,8334038648,9689,151,0
NODE,0.758893,999,47340.580000,9290827989,9632,33,0
NODE,0.758893,999,42496.440000,8424100189,9705,141,0
NODE,0.758893,999,46980.200000,9987855898,9643,237,0
NODE,0.758893,999,45824.250000,9039404256,9662,103,0
NODE,0.758893,999,47677.670000,8488853837,9633,125,0
NODE,0.758893,999,42059.420000,8258361213,9708,169,0
NODE,0.758893,999,43851.580000,9184444923,9696,109,0
NODE,0.758893,999,46859.840000,9476225007,9652,94,0
NODE,0.758893,999,47356.910000,9530229288,9647,127,0
NODE,0.758893,999,42937.400000,7892390883,9710,88,0
NODE,0.758893,999,47104.610000,9786149697,9664,231,0
NODE,0.758893,999,41690.700000,7762888647,9714,27,0
NODE,0.758893,999,44156.640000,8655199785,9713,85,0
NODE,0.758893,999,41803.190000,8083025301,9716,174,0
NODE,0.758893,999,43215.210000,8458862976,9715,12,0
NODE,0.758893,999,50781.150000,9779961756,9649,116,0
NODE,0.758893,999,39048.200000,7347353265,9720,57,0
NODE,0.758893,999,40804.010000,8362865897,9718,40,0
NODE,0.758893,999,40011.960000,7288711504,9721,79,0
NODE,0.758893,999,40987.880000,8084957096,9719,77,0
NODE,0.758893,999,41153.320000,8448529641,9722,207,0
NODE,0.758893,999,39484.160000,7685284695,9728,68,0
NODE,0.758893,999,39356.170000,7612667844,9730,239,0
NODE,0.758893,999,40326.140000,7772109834,9726,66,0
NODE,0.758893,999,40614.610000,7718906921,9727,64,0
NODE,0.758893,999,40774.360000,7840811998,9729,205,0
NODE,0.758893,999,40108.050000,8209598201,9732,78,0
NODE,0.758893,999,45645.150000,9163250843,9717,190,0
NODE,0.758893,999,43902.080000,8411353134,9724,48,0
NODE,0.758893,999,43390.850000,8231432530,9725,5,0
NODE,0.758893,999,45115.400000,8877122113,9723,228,0
NODE,0.758893,999,43184.340000,8545318103,9731,165,0
NODE,0.758893,999,41276.110000,8296426395,9736,41,0
NODE,0.758893,999,40988.330000,8263302297,9741,196,0
NODE,0.758893,999,42121.010000,9269095032,9739,157,0
NODE,0.758893,999,41906.420000,8545641175,9740,108,0
NODE,0.758893,999,42669.400000,8614430957,9737,131,0
NODE,0.758893,999,40101.400000,7115807302,9764,71,0
NODE,0.758893,999,40076.040000,7688128564,9770,82,0
NODE,0.758893,999,41345.100000,7793906821,9761,202,0
NODE,0.758893,999,46485.530000,9740417733,9733,76,0
NODE,0.758893,999,43589.530000,8994011902,9743,225,0
NODE,0.758893,999,44511.770000,9308849056,9738,49,0
NODE,0.758893,999,41629.050000,7181568730,9762,145,0
NODE,0.758893,999,40537.810000,8179593476,9777,238,0
NODE,0.758893,999,41747.120000,7431406918,9763,129,0
NODE,0.758893,999,38474.760000,7986932331,9808,60,0
NODE,0.758893,999,40679.910000,8601740786,9779,72,0
NODE,0.758893,999,45383.780000,9518014573,9735,122,0
NODE,0.758893,999,40694.720000,7959502910,9780,158,0
NODE,0.758893,999,42648.790000,8665936940,9759,119,0
NODE,0.758893,999,43016.720000,8287757794,9757,197,0
NODE,0.758893,999,44515.430000,8422226466,9742,218,0
NODE,0.758893,999,41338.400000,8204278915,9775,136,0
NODE,0.758893,999,41526.510000,8242663388,9773,22,0
NODE,0.758893,999,41047.860000,8472514059,9782,65,0
NODE,0.758893,999,44139.790000,8692438353,9750,236,0
NODE,0.758893,999,41603.320000,7976823532,9776,195,0
NODE,0.758893,999,40448.220000,8234683617,9793,226,0
NODE,0.758893,999,42130.400000,8069997986,9772,214,0
NODE,0.758893,999,40813.550000,7688350148,9787,16,0
NODE,0.758893,999,41771.690000,8185799141,9781,220,0
NODE,0.758893,999,35884.220000,6852621021,9869,139,0
NODE,0.758893,999,42109.230000,8573192028,9774,11,0
NODE,0.758893,999,41239.400000,8160669626,9788,70,0
NODE,0.758893,999,44020.720000,9008590246,9758,56,0
NODE,0.758893,999,39295.480000,7987207457,9820,32,0
NODE,0.758893,999,40935.890000,7446550344,9799,120,0
NODE,0.758893,999,41412.080000,8558717193,9791,223,0
NODE,0.758893,999,38878.410000,7057904940,9826,172,0
NODE,0.758893,999,41620.430000,8069452296,9789,9,0
NODE,0.758893,999,38440.760000,7460803591,9835,168,0
NODE,0.758893,999,41338.760000,8296038082,9798,227,0
NODE,0.758893,999,41089.740000,8228716563,9802,166,0
NODE,0.758893,999,40287.000000,8006844403,9816,229,0
NODE,0.758893,999,43718.410000,8513652520,9769,216,0
NODE,0.758893,999,40933.310000,8094219590,9806,138,0
NODE,0.758893,999,45748.320000,9404637663,9752,95,0
NODE,0.758893,999,41771.300000,8680169872,9796,7,0
NODE,0.758893,999,43710.690000,8402743089,9771,200,0
NODE,0.758893,999,48288.540000,9990663266,9734,115,0
NODE,0.758893,999,46247.860000,8427166664,9746,44,0
NODE,0.758893,999,44304.840000,8344082696,9765,105,0
NODE,0.758893,999,40995.770000,7827115541,9809,212,0
NODE,0.758893,999,45950.250000,8977944744,9751,217,0
NODE,0.758893,999,42016.830000,8229652158,9795,21,0
NODE,0.758893,999,42910.430000,8485780744,9784,42,0
NODE,0.758893,999,45908.820000,9003831727,9755,112,0
NODE,0.758893,999,40832.050000,8337704015,9815,222,0
NODE,0.758893,999,46344.650000,9301411600,9749,187,0
NODE,0.758893,999,41606.170000,7908975612,9807,121,0
NODE,0.758893,999,40478.630000,7506049547,9824,204,0
NODE,0.758893,999,46835.770000,8548021097,9747,81,0
NODE,0.758893,999,38130.430000,7810659206,9867,114,0
NODE,0.758893,999,44947.480000,8857482356,9768,173,0
NODE,0.758893,999,45918.620000,9187740702,9760,159,0
NODE,0.758893,999,41211.250000,7902964512,9817,35,0
NODE,0.758893,999,42090.790000,8214440320,9804,175,0
NODE,0.758893,999,39152.240000,7222874580,9852,154,0
NODE,0.758893,999,40278.280000,7830983011,9831,38,0
NODE,0.758893,999,40420.600000,7428747264,9832,162,0
NODE,0.758893,999,41380.210000,8106800079,9821,43,0
NODE,0.758893,999,43003.610000,8510036995,9797,37,0
NODE,0.758893,999,44026.330000,9066646573,9785,184,0
NODE,0.758893,999,42919.340000,8212359074,9800,152,0
NODE,0.758893,999,47547.780000,9715076611,9748,100,0
NODE,0.758893,999,42415.250000,8321227677,9810,107,0
NODE,0.758893,999,40508.680000,7928327406,9837,203,0
NODE,0.758893,999,39475.690000,7342756604,9855,67,0
NODE,0.758893,999,38622.420000,7215782220,9871,211,0
NODE,0.758893,999,40881.770000,8125414467,9829,180,0
NODE,0.758893,999,40467.270000,7854532113,9839,3,0
NODE,0.758893,999,42714.920000,8170735207,9805,101,0
NODE,0.758893,999,44576.000000,9109240353,9783,110,0
NODE,0.758893,999,41070.670000,7970061645,9828,58,0
NODE,0.758893,999,40130.710000,7993253016,9847,53,0
NODE,0.758893,999,44141.800000,8763787704,9786,183,0
NODE,0.758893,999,41334.690000,7763439135,9825,63,0
NODE,0.758893,999,42736.010000,8482170241,9811,130,0
NODE,0.758893,999,42070.780000,7852178655,9819,51,0
NODE,0.758893,999,45113.590000,9617729060,9778,80,0
NODE,0.758893,999,43466.810000,8358121100,9801,14,0
NODE,0.758893,999,44017.210000,8298082643,9792,126,0
NODE,0.758893,999,42068.450000,8257701706,9823,234,0
NODE,0.758893,999,42998.300000,8982303505,9814,52,0
NODE,0.758893,999,48135.900000,10454307774,9754,47,0
NODE,0.758893,999,39917.650000,7824148595,9863,208,0
NODE,0.758893,999,40820.580000,8501715281,9853,178,0
NODE,0.758893,999,45066.350000,8488034538,9790,209,0
NODE,0.758893,999,42367.490000,8417708109,9827,128,0
NODE,0.758893,999,40613.070000,8036392495,9862,232,0
NODE,0.758893,999,40401.100000,8030767340,9870,124,0
NODE,0.758893,999,49787.980000,9946805898,9744,219,0
NODE,0.758893,999,41405.300000,8204398042,9854,153,0
NODE,0.758893,999,49277.200000,10734206667,9753,69,0
NODE,0.758893,999,45477.930000,8157567394,9794,123,0
NODE,0.758893,999,42230.940000,8182501008,9843,156,0
NODE,0.758893,999,40992.280000,8701940114,9861,176,0
NODE,0.758893,999,42016.440000,9010312951,9846,62,0
NODE,0.758893,999,40916.730000,7700238010,9865,164,0
NODE,0.758893,999,43880.220000,8537925704,9818,235,0
NODE,0.758893,999,40382.190000,7456043520,9877,30,0
NODE,0.758893,999,41043.310000,8220452394,9868,90,0
NODE,0.758893,999,39865.150000,7890409377,9898,17,0
NODE,0.758893,999,45012.380000,8556415553,9803,13,0
NODE,0.758893,999,43997.080000,8761866864,9822,179,0
NODE,0.758893,999,40376.190000,7307633022,9894,133,0
NODE,0.758893,999,48253.970000,8313587868,9766,230,0
NODE,0.758893,999,40968.280000,7711196082,9880,185,0
NODE,0.758893,999,48394.920000,9582544247,9767,55,0
NODE,0.758893,999,43137.270000,8750477064,9844,118,0
NODE,0.758893,999,50793.590000,10807908350,9745,147,0
NODE,0.758893,999,50159.960000,10717892357,9756,73,0
NODE,0.758893,999,42934.740000,8927760940,9849,132,0
NODE,0.758893,999,41647.570000,8384641611,9872,24,0
NODE,0.758893,999,43224.860000,8192075847,9845,233,0
