NODE,0.758893,999,37396.960000,7034524481,5072,64,0
NODE,0.758893,999,37561.180000,7119928339,5077,73,0
NODE,0.758893,999,37693.050000,7347178484,5068,51,0
NODE,0.758893,999,37836.960000,7087202502,5066,44,0
NODE,0.758893,999,38950.060000,7623962365,5076,72,0
NODE,0.758893,999,39175.690000,7736798843,5074,66,0
NODE,0.758893,999,39735.300000,8334790327,5051,56,0
NODE,0.758893,999,39795.040000,7517820581,5015,15,0
NODE,0.758893,999,40244.540000,7567256387,5037,39,0
NODE,0.758893,999,40309.270000,7957451026,5014,14,0
NODE,0.758893,999,40603.200000,8193525849,5050,53,0
NODE,0.758893,999,40805.170000,7709510330,5049,54,0
NODE,0.758893,999,40844.110000,7794982169,5019,19,0
NODE,0.758893,999,40942.170000,8451951494,5075,74,0
NODE,0.758893,999,40978.160000,8135336891,5062,76,0
NODE,0.758893,999,41025.870000,8199722932,5053,59,0
NODE,0.758893,999,41202.670000,8576513314,5070,60,0
NODE,0.758893,999,41297.730000,8087536299,5058,68,0
NODE,0.758893,999,41368.550000,7522626866,5073,61,0
NODE,0.758893,999,41472.230000,8094105086,5039,30,0
NODE,0.758893,999,41496.920000,8446991300,5059,70,0
NODE,0.758893,999,41749.950000,8304132503,5069,52,0
NODE,0.758893,999,41807.890000,7660563215,5025,25,0
NODE,0.758893,999,41888.440000,8055645997,5041,40,0
NODE,0.758893,999,42258.800000,8880527963,5020,20,0
NODE,0.758893,999,42312.850000,8407422084,5042,45,0
NODE,0.758893,999,42363.450000,8361106779,5013,13,0
NODE,0.758893,999,42453.100000,8645394820,5012,12,0
NODE,0.758893,999,42503.830000,8048048025,5035,36,0
NODE,0.758893,999,42515.880000,8242169050,5036,37,0
NODE,0.758893,999,42602.740000,8279260237,5044,42,0
NODE,0.758893,999,42659.570000,9139999605,5043,43,0
NODE,0.758893,999,42932.430000,9006126520,5010,10,0
NODE,0.758893,999,42936.040000,8388864240,5067,57,0
NODE,0.758893,999,42943.150000,8406098996,5047,50,0
NODE,0.758893,999,43117.520000,8360345663,5011,11,0
NODE,0.758893,999,43137.310000,8119005728,5071,58,0
NODE,0.758893,999,43148.030000,8606115322,5024,24,0
NODE,0.758893,999,43188.850000,8616251329,5008,8,0
NODE,0.758893,999,43321.730000,8533496348,5021,21,0
NODE,0.758893,999,43338.390000,8511411603,5003,3,0
NODE,0.758893,999,43338.940000,9025314272,5057,69,0
NODE,0.758893,999,43367.210000,9208380803,5052,65,0
NODE,0.758893,999,43412.670000,8343632520,5018,18,0
NODE,0.758893,999,43565.010000,8200399486,5065,48,0
NODE,0.758893,999,43707.960000,8727184754,5045,49,0
NODE,0.758893,999,43731.030000,9119442439,5026,26,0
NODE,0.758893,999,43985.650000,8697191727,5022,22,0
NODE,0.758893,999,44166.240000,8467645352,5063,47,0
NODE,0.758893,999,44315.900000,9751449183,5038,38,0
NODE,0.758893,999,44465.680000,8701377166,5030,31,0
NODE,0.758893,999,44502.350000,8800654665,5048,55,0
NODE,0.758893,999,44527.270000,9414034693,5054,62,0
NODE,0.758893,999,44748.440000,8242495864,5060,78,0
NODE,0.758893,999,44937.240000,9032638773,5001,1,0
NODE,0.758893,999,44950.970000,9284190833,5079,77,0
NODE,0.758893,999,45000.630000,9459233744,5028,28,0
NODE,0.758893,999,45240.330000,8785463827,5005,5,0
NODE,0.758893,999,45293.000000,9471856059,5056,67,0
NODE,0.758893,999,45299.440000,8704505402,5031,32,0
NODE,0.758893,999,45506.710000,9335422687,5017,17,0
NODE,0.758893,999,45767.930000,10073777412,5055,63,0
NODE,0.758893,999,45872.600000,9726243511,5040,79,0
NODE,0.758893,999,45988.480000,8725127182,5061,71,0
NODE,0.758893,999,46606.770000,9243708515,5016,16,0
NODE,0.758893,999,46653.780000,9796381650,5032,33,0
NODE,0.758893,999,46799.050000,10253763289,5023,23,0
NODE,0.758893,999,46825.190000,9078699823,5064,41,0
NODE,0.758893,999,46898.250000,9505307591,5002,2,0
NODE,0.758893,999,46985.530000,9760746121,5033,34,0
NODE,0.758893,999,47078.820000,9857782757,5009,9,0
NODE,0.758893,999,47204.780000,9198871673,5078,75,0
NODE,0.758893,999,47592.970000,9798340773,5034,35,0
NODE,0.758893,999,47677.810000,9436315319,5027,27,0
NODE,0.758893,999,47704.090000,9616580806,5004,4,0
NODE,0.758893,999,47926.280000,9574914370,5046,46,0
NODE,0.758893,999,48970.750000,10165287512,5029,29,0
NODE,0.758893,999,49185.400000,9805811985,5006,6,0
NODE,0.758893,999,50717.440000,9740849211,5007,7,0
NODE,0.758893,999,38422.330000,7109935966,5083,44,0
NODE,0.758893,999,40561.670000,7864279440,5081,73,0
NODE,0.758893,999,39405.950000,8233134970,5087,15,0
NODE,0.758893,999,38159.380000,8156937081,5102,25,0
NODE,0.758893,999,37316.900000,7599530110,5121,69,0
NODE,0.758893,999,40069.390000,8223173777,5090,53,0
NODE,0.758893,999,40122.220000,7813607222,5091,54,0
NODE,0.758893,999,38051.330000,7792935588,5113,57,0
NODE,0.758893,999,43661.130000,8641226158,5080,64,0
NODE,0.758893,999,40543.830000,7931087726,5092,19,0
NODE,0.758893,999,43805.700000,9010296533,5082,51,0
NODE,0.758893,999,38285.480000,7155041097,5122,65,0
NODE,0.758893,999,40746.440000,8191899793,5094,76,0
NODE,0.758893,999,40515.330000,8428110044,5099,30,0
NODE,0.758893,999,40815.840000,8264195806,5096,60,0
NODE,0.758893,999,40219.350000,8442497188,5103,40,0
NODE,0.758893,999,40378.430000,8300263076,5101,52,0
NODE,0.758893,999,39332.080000,8476466889,5117,24,0
NODE,0.758893,999,43328.640000,9009904880,5085,66,0
NODE,0.758893,999,41593.540000,8129066018,5093,74,0
NODE,0.758893,999,43313.120000,9362242542,5086,56,0
NODE,0.758893,999,39858.190000,7804468112,5119,21,0
NODE,0.758893,999,39033.090000,7609033482,5128,47,0
NODE,0.758893,999,38484.080000,7612279185,5133,78,0
NODE,0.758893,999,42143.350000,9194977731,5097,68,0
NODE,0.758893,999,43213.280000,9013362984,5088,39,0
NODE,0.758893,999,40306.280000,7932558249,5120,3,0
NODE,0.758893,999,40084.400000,8225383325,5125,49,0
NODE,0.758893,999,43744.030000,8922910712,5089,14,0
NODE,0.758893,999,45273.000000,9008988887,5084,72,0
NODE,0.758893,999,38943.780000,8074895177,5139,32,0
NODE,0.758893,999,39865.290000,7541439269,5130,31,0
NODE,0.758893,999,41898.970000,8274038132,5112,10,0
NODE,0.758893,999,42494.130000,9199038455,5106,13,0
NODE,0.758893,999,42028.880000,9070226679,5114,50,0
NODE,0.758893,999,43684.700000,8509043510,5098,61,0
NODE,0.758893,999,38533.690000,8040617583,5144,16,0
NODE,0.758893,999,41734.040000,8029978967,5124,48,0
NODE,0.758893,999,43180.310000,9294862531,5104,20,0
NODE,0.758893,999,42023.090000,8577950166,5123,18,0
NODE,0.758893,999,43188.380000,8838425599,5105,45,0
NODE,0.758893,999,41263.580000,8166107694,5129,38,0
NODE,0.758893,999,41637.570000,7967871329,5127,22,0
NODE,0.758893,999,42586.240000,8336743900,5116,58,0
NODE,0.758893,999,41094.490000,8318205306,5136,28,0
NODE,0.758893,999,40805.410000,8541976161,5138,67,0
NODE,0.758893,999,42965.130000,8643860638,5118,8,0
NODE,0.758893,999,43730.950000,9280060636,5108,36,0
NODE,0.758893,999,41768.160000,8632366671,5131,55,0
NODE,0.758893,999,41355.460000,7948473359,5134,1,0
NODE,0.758893,999,41768.790000,8555417363,5132,62,0
NODE,0.758893,999,45310.540000,9207367327,5095,59,0
NODE,0.758893,999,40881.870000,8333427569,5141,63,0
NODE,0.758893,999,45202.670000,8902817171,5100,70,0
NODE,0.758893,999,42973.470000,8520024415,5126,26,0
NODE,0.758893,999,40147.970000,8066530545,5145,33,0
NODE,0.758893,999,41191.100000,8480157745,5142,79,0
NODE,0.758893,999,42232.330000,8685954764,5135,77,0
NODE,0.758893,999,44533.200000,9207832349,5115,11,0
NODE,0.758893,999,41172.070000,7910855424,5147,41,0
NODE,0.758893,999,45580.370000,9205019455,5109,37,0
NODE,0.758893,999,45812.850000,10306239227,5107,12,0
NODE,0.758893,999,42360.590000,8513298677,5143,71,0
NODE,0.758893,999,45709.090000,9806515438,5111,43,0
NODE,0.758893,999,42370.680000,8581266421,5146,23,0
NODE,0.758893,999,42218.060000,8161158807,5152,35,0
NODE,0.758893,999,47542.900000,10282841938,5110,42,0
NODE,0.758893,999,44919.450000,9199031048,5140,17,0
NODE,0.758893,999,43301.210000,8946851975,5151,75,0
NODE,0.758893,999,42611.750000,8471581343,5155,46,0
NODE,0.758893,999,44618.980000,8578503481,5149,34,0
NODE,0.758893,999,44601.450000,8684443204,5150,9,0
NODE,0.758893,999,47424.560000,9954203709,5137,5,0
NODE,0.758893,999,45889.710000,9527944055,5148,2,0
NODE,0.758893,999,42502.240000,8159884164,5158,7,0
NODE,0.758893,999,44554.810000,8957858132,5157,6,0
NODE,0.758893,999,47641.590000,10197690657,5154,4,0
NODE,0.758893,999,46931.970000,9041730297,5156,29,0
NODE,0.758893,999,49357.600000,9579885824,5153,27,0
NODE,0.758893,999,35528.260000,6500154429,5186,49,0
NODE,0.758893,999,39550.870000,8068477093,5171,76,0
NODE,0.758893,999,36452.300000,7411534821,5193,50,0
NODE,0.758893,999,40809.650000,8436672447,5164,53,0
NODE,0.758893,999,45318.330000,9059926776,5159,44,0
NODE,0.758893,999,39880.740000,7546312726,5174,40,0
NODE,0.758893,999,40052.490000,8307461295,5173,60,0
NODE,0.758893,999,41297.260000,8076701947,5165,54,0
NODE,0.758893,999,40003.030000,8049601859,5176,24,0
NODE,0.758893,999,43429.090000,8604420840,5161,15,0
NODE,0.758893,999,41767.570000,8623897356,5167,64,0
NODE,0.758893,999,41524.210000,8538403348,5169,51,0
NODE,0.758893,999,41509.700000,8388040403,5172,30,0
NODE,0.758893,999,41539.710000,8393401675,5175,52,0
NODE,0.758893,999,43016.350000,7951734712,5163,69,0
NODE,0.758893,999,42477.210000,8147470592,5170,65,0
NODE,0.758893,999,42831.200000,7881490798,5168,19,0
NODE,0.758893,999,46352.480000,9261476704,5160,73,0
NODE,0.758893,999,40317.580000,7729987543,5189,32,0
NODE,0.758893,999,39867.380000,7556592050,5191,10,0
NODE,0.758893,999,44878.210000,8722375492,5162,25,0
NODE,0.758893,999,40698.750000,7587960543,5190,31,0
NODE,0.758893,999,42534.030000,9014565048,5177,66,0
NODE,0.758893,999,40136.050000,7921366000,5194,61,0
NODE,0.758893,999,41754.850000,7757909181,5185,3,0
NODE,0.758893,999,42094.240000,7820347403,5184,39,0
NODE,0.758893,999,43227.050000,8510704783,5178,74,0
NODE,0.758893,999,41719.310000,7543191109,5187,14,0
NODE,0.758893,999,41108.290000,8238346048,5192,13,0
NODE,0.758893,999,42547.700000,8615875698,5183,68,0
NODE,0.758893,999,40382.350000,8101672554,5202,58,0
NODE,0.758893,999,39848.960000,8075219262,5213,26,0
NODE,0.758893,999,40321.400000,7920065100,5207,55,0
NODE,0.758893,999,42506.030000,8581306385,5188,72,0
NODE,0.758893,999,45930.240000,9427326069,5166,57,0
NODE,0.758893,999,41592.120000,9318932370,5198,18,0
NODE,0.758893,999,44140.850000,8913948643,5179,56,0
NODE,0.758893,999,41108.100000,8161503092,5210,59,0
NODE,0.758893,999,41566.670000,8199833796,5205,8,0
NODE,0.758893,999,40460.170000,8229684512,5217,11,0
NODE,0.758893,999,42075.360000,9019094976,5203,28,0
NODE,0.758893,999,42992.480000,8934133070,5196,48,0
NODE,0.758893,999,43352.770000,8687601639,5199,45,0
NODE,0.758893,999,40602.390000,8072289157,5222,43,0
NODE,0.758893,999,40933.700000,8203349397,5221,71,0
NODE,0.758893,999,43547.860000,8773937697,5206,36,0
NODE,0.758893,999,41542.770000,8228464828,5220,12,0
NODE,0.758893,999,43040.150000,8890129809,5215,79,0
NODE,0.758893,999,43405.800000,8420420229,5214,33,0
NODE,0.758893,999,45057.750000,8956609030,5195,16,0
NODE,0.758893,999,44864.930000,9102280167,5197,20,0
NODE,0.758893,999,38787.530000,7009761929,5229,34,0
NODE,0.758893,999,44308.520000,9293902350,5204,67,0
NODE,0.758893,999,42346.750000,8504325220,5219,37,0
NODE,0.758893,999,47535.550000,10493747994,5180,21,0
NODE,0.758893,999,43651.700000,8737699521,5216,77,0
NODE,0.758893,999,43175.020000,8185371349,5218,41,0
NODE,0.758893,999,44747.680000,9388845615,5211,63,0
NODE,0.758893,999,45192.700000,9334751371,5209,62,0
NODE,0.758893,999,45929.010000,9694545032,5200,38,0
NODE,0.758893,999,41168.480000,8408752875,5227,75,0
NODE,0.758893,999,49028.660000,10532149635,5181,47,0
NODE,0.758893,999,46636.650000,9893436249,5201,22,0
NODE,0.758893,999,46421.130000,8910063023,5208,1,0
NODE,0.758893,999,43047.050000,8785462504,5225,42,0
NODE,0.758893,999,50457.100000,10841944804,5182,78,0
NODE,0.758893,999,47190.670000,9379277491,5212,70,0
NODE,0.758893,999,43385.450000,9080925608,5228,46,0
NODE,0.758893,999,42937.830000,8459865689,5230,9,0
NODE,0.758893,999,45466.910000,8779942059,5223,23,0
NODE,0.758893,999,45189.730000,9328797670,5226,17,0
NODE,0.758893,999,42623.250000,8367820080,5233,7,0
NODE,0.758893,999,43931.120000,8686650949,5232,2,0
NODE,0.758893,999,43543.120000,8438819873,5234,6,0
NODE,0.758893,999,40350.670000,7585207090,5237,27,0
NODE,0.758893,999,47583.980000,9714052630,5224,35,0
NODE,0.758893,999,42405.820000,7954100787,5235,4,0
NODE,0.758893,999,46086.550000,8956413495,5231,5,0
NODE,0.758893,999,43344.320000,8187622862,5236,29,0
NODE,0.758893,999,40907.290000,7765906159,5238,49,0
NODE,0.758893,999,38026.720000,7159250138,5245,54,0
NODE,0.758893,999,39122.650000,7358739316,5243,40,0
NODE,0.758893,999,38753.740000,7500531607,5246,24,0
NODE,0.758893,999,40926.280000,7927942704,5239,76,0
NODE,0.758893,999,39032.270000,7782606546,5259,31,0
NODE,0.758893,999,41976.640000,8232643737,5244,60,0
NODE,0.758893,999,41611.730000,8012868535,5248,64,0
NODE,0.758893,999,41086.040000,7995253760,5250,30,0
NODE,0.758893,999,41657.270000,8174480930,5249,51,0
NODE,0.758893,999,43385.150000,8332868655,5241,53,0
NODE,0.758893,999,44067.530000,8122516244,5240,50,0
NODE,0.758893,999,39649.240000,7433300887,5267,68,0
NODE,0.758893,999,43045.470000,8376955099,5247,15,0
NODE,0.758893,999,41380.060000,7795656857,5257,10,0
NODE,0.758893,999,41609.520000,8637319533,5256,32,0
NODE,0.758893,999,40669.230000,7472182092,5264,74,0
NODE,0.758893,999,45345.930000,9001680302,5242,44,0
NODE,0.758893,999,42312.830000,8728919625,5261,61,0
NODE,0.758893,999,43387.030000,8548064335,5254,19,0
NODE,0.758893,999,42286.660000,8124142233,5262,3,0
NODE,0.758893,999,42906.430000,8408494561,5260,66,0
NODE,0.758893,999,43126.030000,8733803045,5258,25,0
NODE,0.758893,999,41479.940000,8114701593,5269,26,0
NODE,0.758893,999,38025.280000,7202416099,5285,79,0
NODE,0.758893,999,42272.940000,7792951502,5266,13,0
NODE,0.758893,999,40826.570000,7554525565,5275,59,0
NODE,0.758893,999,39452.170000,7419146874,5280,45,0
NODE,0.758893,999,40061.560000,8198638837,5279,48,0
NODE,0.758893,999,38247.010000,7491845076,5286,33,0
NODE,0.758893,999,44985.630000,9488596677,5252,69,0
NODE,0.758893,999,42556.140000,8443292219,5268,58,0
NODE,0.758893,999,44358.840000,8486973971,5255,73,0
NODE,0.758893,999,43563.860000,9089895739,5263,39,0
NODE,0.758893,999,45335.530000,9306763101,5253,65,0
NODE,0.758893,999,43181.270000,8453839351,5271,72,0
NODE,0.758893,999,39839.570000,7729637418,5287,16,0
NODE,0.758893,999,44834.970000,9104247606,5265,14,0
NODE,0.758893,999,41218.310000,8307890408,5283,36,0
NODE,0.758893,999,39449.610000,7667592623,5298,75,0
NODE,0.758893,999,40997.300000,8055558459,5288,20,0
NODE,0.758893,999,42372.800000,8409878721,5281,43,0
NODE,0.758893,999,41937.830000,8343210135,5284,12,0
NODE,0.758893,999,42504.520000,8346860088,5282,71,0
NODE,0.758893,999,41453.520000,8264634548,5289,34,0
NODE,0.758893,999,44781.660000,9272997750,5274,56,0
NODE,0.758893,999,48411.630000,9474722544,5251,52,0
NODE,0.758893,999,41442.340000,8411688614,5292,21,0
NODE,0.758893,999,45088.210000,9158924721,5276,8,0
NODE,0.758893,999,45893.190000,9440603834,5272,57,0
NODE,0.758893,999,44820.850000,9282529209,5278,28,0
NODE,0.758893,999,41913.410000,8190132560,5297,38,0
NODE,0.758893,999,43067.250000,8996946377,5290,67,0
NODE,0.758893,999,42338.780000,9153075528,5294,41,0
NODE,0.758893,999,46957.000000,9609275380,5270,55,0
NODE,0.758893,999,45649.700000,9312006404,5277,11,0
NODE,0.758893,999,43654.620000,8541579555,5291,37,0
NODE,0.758893,999,40211.940000,7454747980,5305,46,0
NODE,0.758893,999,43199.840000,8541502544,5296,62,0
NODE,0.758893,999,42756.490000,8328746400,5301,1,0
NODE,0.758893,999,43277.160000,9040012028,5299,47,0
NODE,0.758893,999,42433.630000,8610008656,5302,42,0
NODE,0.758893,999,48834.660000,10624257129,5273,18,0
NODE,0.758893,999,42472.080000,8159152562,5303,78,0
NODE,0.758893,999,45463.310000,9409357014,5293,77,0
NODE,0.758893,999,45610.350000,9160020491,5295,63,0
NODE,0.758893,999,42662.350000,7800841276,5307,23,0
NODE,0.758893,999,41950.870000,7611961189,5308,17,0
NODE,0.758893,999,45326.370000,9109555159,5300,22,0
NODE,0.758893,999,43930.890000,8121145073,5304,70,0
NODE,0.758893,999,43563.760000,8840657426,5306,9,0
NODE,0.758893,999,44419.470000,8272215764,5309,7,0
NODE,0.758893,999,43640.970000,8809807146,5312,27,0
NODE,0.758893,999,42518.220000,8199330874,5315,5,0
NODE,0.758893,999,45288.000000,9128043265,5310,2,0
NODE,0.758893,999,44991.010000,9188243539,5313,35,0
NODE,0.758893,999,43199.590000,8972523123,5316,29,0
NODE,0.758893,999,45204.970000,8752041255,5311,6,0
NODE,0.758893,999,45506.580000,9271655754,5314,4,0
NODE,0.758893,999,38182.930000,7210177698,5319,40,0
NODE,0.758893,999,41885.540000,8375325794,5317,49,0
NODE,0.758893,999,39548.380000,8143355038,5324,64,0
NODE,0.758893,999,42956.820000,8131097719,5320,24,0
NODE,0.758893,999,39817.880000,7437252542,5327,53,0
NODE,0.758893,999,42808.120000,8248746475,5321,76,0
NODE,0.758893,999,41212.560000,8611281319,5323,60,0
NODE,0.758893,999,41492.350000,8139971546,5325,30,0
NODE,0.758893,999,42405.840000,7989927030,5322,31,0
NODE,0.758893,999,38553.730000,7949588959,5341,79,0
NODE,0.758893,999,41964.680000,7946056213,5328,50,0
NODE,0.758893,999,47828.660000,9907791372,5318,54,0
NODE,0.758893,999,39962.520000,8043170658,5344,45,0
NODE,0.758893,999,41076.390000,8015350101,5336,19,0
NODE,0.758893,999,40297.660000,8077720769,5346,33,0
NODE,0.758893,999,43132.610000,8078875322,5331,10,0
NODE,0.758893,999,41430.830000,7734816736,5339,25,0
NODE,0.758893,999,39563.490000,7829594586,5352,72,0
NODE,0.758893,999,37429.130000,7366465271,5363,52,0
NODE,0.758893,999,41561.810000,7868531432,5338,66,0
NODE,0.758893,999,40568.810000,8280492941,5350,39,0
NODE,0.758893,999,41639.770000,8420636273,5342,13,0
NODE,0.758893,999,45466.010000,9385447072,5326,51,0
NODE,0.758893,999,41503.570000,7900664936,5349,73,0
NODE,0.758893,999,39236.200000,7625649752,5356,75,0
NODE,0.758893,999,44766.520000,8724744154,5330,15,0
NODE,0.758893,999,43584.510000,8580957447,5334,44,0
NODE,0.758893,999,42977.280000,8784361387,5337,3,0
NODE,0.758893,999,38886.580000,8215370665,5361,34,0
NODE,0.758893,999,42742.470000,8727279088,5340,26,0
NODE,0.758893,999,45305.130000,8583646413,5329,68,0
NODE,0.758893,999,43587.630000,8764396683,5335,61,0
NODE,0.758893,999,40190.850000,8016188423,5355,36,0
NODE,0.758893,999,39535.200000,7372315572,5362,56,0
NODE,0.758893,999,42881.550000,8939572797,5348,58,0
NODE,0.758893,999,41498.350000,7877947353,5353,16,0
NODE,0.758893,999,43149.000000,9428456155,5347,69,0
NODE,0.758893,999,44077.300000,9051539906,5345,48,0
NODE,0.758893,999,39469.890000,8276810709,5370,41,0
NODE,0.758893,999,44990.210000,9899392522,5343,59,0
NODE,0.758893,999,47408.570000,9361122575,5332,32,0
NODE,0.758893,999,42251.890000,8555980134,5358,43,0
NODE,0.758893,999,43228.040000,8659247518,5354,14,0
NODE,0.758893,999,40003.480000,7924521017,5374,46,0
NODE,0.758893,999,42454.090000,9688916100,5360,71,0
NODE,0.758893,999,43135.360000,8985025793,5357,20,0
NODE,0.758893,999,48441.070000,9421791540,5333,74,0
NODE,0.758893,999,39296.710000,7561731564,5378,42,0
NODE,0.758893,999,40421.080000,7792007482,5375,62,0
NODE,0.758893,999,38973.550000,7196549384,5380,78,0
NODE,0.758893,999,42328.240000,7963781822,5365,8,0
NODE,0.758893,999,43645.370000,9095401460,5359,12,0
NODE,0.758893,999,45978.810000,8775457995,5351,65,0
NODE,0.758893,999,43289.950000,8622602632,5364,21,0
NODE,0.758893,999,40045.800000,7513882035,5376,1,0
NODE,0.758893,999,42011.090000,8225930460,5373,37,0
NODE,0.758893,999,44495.600000,8856196951,5366,57,0
NODE,0.758893,999,39799.870000,7567408730,5384,17,0
NODE,0.758893,999,40597.320000,7763954551,5382,63,0
NODE,0.758893,999,44059.940000,8925698813,5371,55,0
NODE,0.758893,999,44212.400000,9164332897,5369,67,0
NODE,0.758893,999,44449.000000,9438436690,5372,11,0
NODE,0.758893,999,42878.980000,9177148234,5377,47,0
NODE,0.758893,999,42643.340000,7994762142,5379,18,0
NODE,0.758893,999,41452.790000,7849257027,5386,70,0
NODE,0.758893,999,45906.350000,8875162210,5368,38,0
NODE,0.758893,999,42212.830000,8200271580,5383,23,0
NODE,0.758893,999,43283.390000,7925108877,5381,77,0
NODE,0.758893,999,46889.730000,9244160240,5367,28,0
NODE,0.758893,999,42333.780000,7987601584,5385,22,0
NODE,0.758893,999,37963.150000,7107620667,5394,6,0
NODE,0.758893,999,44284.670000,7620891090,5387,9,0
NODE,0.758893,999,40250.840000,7449457621,5393,29,0
NODE,0.758893,999,41044.810000,7465569375,5392,35,0
NODE,0.758893,999,42173.330000,7486185783,5391,2,0
NODE,0.758893,999,43307.720000,7871037485,5389,27,0
NODE,0.758893,999,45439.650000,9014013904,5388,7,0
NODE,0.758893,999,44822.220000,8389717604,5390,5,0
NODE,0.758893,999,46753.000000,8983028675,5395,4,0
NODE,0.758893,999,40093.350000,7546971377,5396,40,0
NODE,0.758893,999,39280.100000,7246391970,5397,49,0
NODE,0.758893,999,40687.950000,8075943447,5398,64,0
NODE,0.758893,999,40208.970000,7504027067,5401,76,0
NODE,0.758893,999,41421.770000,8308898768,5399,24,0
NODE,0.758893,999,36311.830000,7225685130,5425,26,0
NODE,0.758893,999,43429.050000,8065451161,5400,53,0
NODE,0.758893,999,40151.300000,7749091108,5407,54,0
NODE,0.758893,999,42271.560000,8326103577,5403,30,0
NODE,0.758893,999,42425.320000,9212697383,5406,50,0
NODE,0.758893,999,41654.950000,8710140296,5409,19,0
NODE,0.758893,999,45880.290000,8918162576,5402,60,0
NODE,0.758893,999,44756.890000,9073511425,5404,31,0
NODE,0.758893,999,41504.180000,8311422634,5417,13,0
NODE,0.758893,999,42061.840000,8603351038,5415,66,0
NODE,0.758893,999,40965.790000,8178134515,5426,68,0
NODE,0.758893,999,42717.260000,8741234483,5411,10,0
NODE,0.758893,999,41272.420000,7831157285,5423,3,0
NODE,0.758893,999,45411.980000,9500499480,5405,79,0
NODE,0.758893,999,42711.780000,8630803440,5414,52,0
NODE,0.758893,999,41724.480000,8137863301,5422,44,0
NODE,0.758893,999,41537.760000,8093041596,5424,34,0
NODE,0.758893,999,44689.470000,9255967987,5410,33,0
NODE,0.758893,999,41761.190000,8302728349,5432,69,0
NODE,0.758893,999,42080.670000,8014808130,5431,16,0
NODE,0.758893,999,45564.410000,9493591585,5408,45,0
NODE,0.758893,999,43844.200000,8669302603,5421,15,0
NODE,0.758893,999,43992.540000,8866131566,5420,75,0
NODE,0.758893,999,44755.280000,8998089726,5416,39,0
NODE,0.758893,999,40892.210000,8610102511,5436,32,0
NODE,0.758893,999,36908.800000,6742588512,5455,55,0
NODE,0.758893,999,44456.330000,8982592943,5418,51,0
NODE,0.758893,999,43237.860000,8782408893,5430,58,0
NODE,0.758893,999,45414.060000,9673689601,5413,72,0
NODE,0.758893,999,44052.130000,8591282485,5428,36,0
NODE,0.758893,999,44922.140000,9971451299,5419,73,0
NODE,0.758893,999,44181.860000,8706376130,5427,61,0
NODE,0.758893,999,42975.090000,8355164676,5433,48,0
NODE,0.758893,999,38104.850000,7098481548,5453,17,0
NODE,0.758893,999,40137.210000,7503345108,5447,12,0
NODE,0.758893,999,42994.870000,8364106307,5434,41,0
NODE,0.758893,999,46675.920000,9515120623,5412,25,0
NODE,0.758893,999,43316.780000,8654946438,5435,59,0
NODE,0.758893,999,37636.550000,7021019445,5462,23,0
NODE,0.758893,999,42967.470000,8549906160,5440,71,0
NODE,0.758893,999,39039.340000,7192417650,5457,11,0
NODE,0.758893,999,41854.350000,7947913610,5448,65,0
NODE,0.758893,999,39721.620000,7370244773,5456,67,0
NODE,0.758893,999,45907.610000,9435428468,5429,56,0
NODE,0.758893,999,40163.010000,7362320487,5454,63,0
NODE,0.758893,999,38569.620000,6764569635,5460,70,0
NODE,0.758893,999,38409.940000,6716889968,5463,77,0
NODE,0.758893,999,42716.970000,8390093536,5449,21,0
NODE,0.758893,999,39585.540000,7552102437,5461,38,0
NODE,0.758893,999,40542.000000,7249194148,5458,47,0
NODE,0.758893,999,40783.930000,7476752370,5459,18,0
NODE,0.758893,999,43182.080000,8153380403,5451,37,0
NODE,0.758893,999,43802.630000,8422796179,5450,1,0
NODE,0.758893,999,44478.170000,8870587802,5444,62,0
NODE,0.758893,999,42762.220000,7982599368,5452,57,0
NODE,0.758893,999,45146.350000,8942502309,5446,8,0
NODE,0.758893,999,40682.430000,7403144187,5464,28,0
NODE,0.758893,999,40218.550000,7497303136,5466,6,0
NODE,0.758893,999,46806.900000,10158933102,5443,42,0
NODE,0.758893,999,48424.950000,10047269979,5437,43,0
NODE,0.758893,999,48636.850000,9809556723,5439,46,0
NODE,0.758893,999,48176.360000,9751478935,5445,78,0
NODE,0.758893,999,39522.540000,7742591429,5470,2,0
NODE,0.758893,999,43797.890000,8315992967,5465,22,0
NODE,0.758893,999,50369.120000,9785344217,5438,14,0
NODE,0.758893,999,41788.570000,8070534454,5467,9,0
NODE,0.758893,999,50060.800000,10352245295,5441,20,0
NODE,0.758893,999,41966.830000,8474914704,5469,35,0
NODE,0.758893,999,50557.880000,10244652456,5442,74,0
NODE,0.758893,999,42928.060000,8300005885,5468,29,0
NODE,0.758893,999,42294.250000,7938788277,5471,27,0
NODE,0.758893,999,41511.100000,7905864738,5473,5,0
NODE,0.758893,999,42147.720000,8201015358,5472,7,0
NODE,0.758893,999,39397.580000,7510005511,5474,4,0
NODE,0.758893,999,38266.740000,7372681178,5475,40,0
NODE,0.758893,999,37947.120000,7314973326,5476,49,0
NODE,0.758893,999,35760.960000,6804954995,5478,76,0
NODE,0.758893,999,37358.920000,6817273839,5477,64,0
NODE,0.758893,999,38229.270000,7509896921,5479,24,0
NODE,0.758893,999,41535.740000,8502416023,5480,26,0
NODE,0.758893,999,40901.210000,7714636147,5481,53,0
NODE,0.758893,999,34684.340000,5324139398,5503,39,0
NODE,0.758893,999,37772.030000,7554845643,5488,13,0
NODE,0.758893,999,41332.770000,8231773224,5482,54,0
NODE,0.758893,999,38009.030000,7757276930,5489,66,0
NODE,0.758893,999,35349.720000,6301379110,5504,32,0
NODE,0.758893,999,39960.920000,7801740122,5484,50,0
NODE,0.758893,999,40042.390000,7779727906,5485,19,0
NODE,0.758893,999,42865.770000,8616237032,5483,30,0
NODE,0.758893,999,39299.150000,7512110376,5493,79,0
NODE,0.758893,999,37050.770000,7020324846,5505,55,0
NODE,0.758893,999,37314.130000,7025480699,5506,51,0
NODE,0.758893,999,39877.140000,7617002617,5496,34,0
NODE,0.758893,999,35220.760000,6244069671,5520,11,0
NODE,0.758893,999,41321.440000,8287175507,5486,60,0
NODE,0.758893,999,40685.440000,7762202633,5491,10,0
NODE,0.758893,999,37959.310000,6811300611,5509,36,0
NODE,0.758893,999,38974.050000,6655786956,5502,75,0
NODE,0.758893,999,37428.560000,7184764527,5516,25,0
NODE,0.758893,999,41396.160000,7933343640,5495,44,0
NODE,0.758893,999,41474.660000,7942382084,5494,52,0
NODE,0.758893,999,38914.530000,7115750440,5511,61,0
NODE,0.758893,999,42400.360000,8291853977,5490,68,0
NODE,0.758893,999,38923.350000,7281269128,5513,17,0
NODE,0.758893,999,40777.040000,7656959134,5499,16,0
NODE,0.758893,999,39446.660000,7034391955,5510,73,0
NODE,0.758893,999,38781.460000,7682695447,5515,41,0
NODE,0.758893,999,37549.390000,7317746240,5519,71,0
NODE,0.758893,999,41335.380000,7694161350,5498,69,0
NODE,0.758893,999,40760.200000,7097047158,5501,15,0
NODE,0.758893,999,43611.530000,8929448122,5492,3,0
NODE,0.758893,999,44334.470000,8784691257,5487,31,0
NODE,0.758893,999,38279.720000,7212773358,5522,67,0
NODE,0.758893,999,39200.610000,7557517052,5517,59,0
NODE,0.758893,999,40311.860000,7398667541,5514,12,0
NODE,0.758893,999,42439.030000,8012213500,5497,33,0
NODE,0.758893,999,38745.320000,7625238532,5518,23,0
NODE,0.758893,999,38345.480000,7217207210,5525,70,0
NODE,0.758893,999,41327.510000,7399865012,5508,72,0
NODE,0.758893,999,39319.140000,7801636222,5521,65,0
NODE,0.758893,999,41940.190000,7849868855,5507,58,0
NODE,0.758893,999,38580.740000,7297366186,5527,21,0
NODE,0.758893,999,43068.870000,8061347829,5500,45,0
NODE,0.758893,999,39635.400000,7487239767,5523,56,0
NODE,0.758893,999,38231.340000,7485413454,5529,47,0
NODE,0.758893,999,40166.120000,7850312065,5526,77,0
NODE,0.758893,999,39184.730000,6875140533,5532,1,0
NODE,0.758893,999,39261.470000,7225804711,5533,62,0
NODE,0.758893,999,41203.670000,7877244483,5524,63,0
NODE,0.758893,999,38942.880000,6940160211,5534,57,0
NODE,0.758893,999,43679.660000,8516295568,5512,48,0
NODE,0.758893,999,39948.200000,6998397824,5531,37,0
NODE,0.758893,999,41326.200000,7631453008,5528,38,0
NODE,0.758893,999,40843.420000,8092027339,5536,28,0
NODE,0.758893,999,41147.460000,7992763138,5535,8,0
NODE,0.758893,999,41101.720000,7539355081,5537,6,0
NODE,0.758893,999,43146.970000,8219102349,5530,18,0
NODE,0.758893,999,38890.600000,7243790364,5543,22,0
NODE,0.758893,999,40348.290000,7263335908,5540,46,0
NODE,0.758893,999,41753.070000,7977152604,5538,42,0
NODE,0.758893,999,40709.360000,7389128388,5541,78,0
NODE,0.758893,999,42296.530000,7323603682,5539,43,0
NODE,0.758893,999,41000.310000,7123770952,5544,14,0
NODE,0.758893,999,41808.860000,7284074264,5542,2,0
NODE,0.758893,999,41392.960000,7742989313,5545,9,0
NODE,0.758893,999,40503.950000,7891852699,5547,35,0
NODE,0.758893,999,42447.480000,7710395507,5546,20,0
NODE,0.758893,999,42588.860000,7668125219,5548,74,0
NODE,0.758893,999,43698.590000,8555876690,5549,29,0
NODE,0.758893,999,41609.360000,7841110545,5552,7,0
NODE,0.758893,999,43406.600000,8679904980,5550,27,0
NODE,0.758893,999,43651.720000,9062683915,5551,5,0
NODE,0.758893,999,43480.050000,8286318670,5553,4,0
NODE,0.758893,999,41126.090000,7917365458,5554,40,0
NODE,0.758893,999,39234.160000,7492540161,5558,24,0
NODE,0.758893,999,41478.660000,7897086230,5557,64,0
NODE,0.758893,999,42557.750000,8128770046,5556,76,0
NODE,0.758893,999,45280.540000,8870502091,5555,49,0
NODE,0.758893,999,35769.260000,6435468704,5564,66,0
NODE,0.758893,999,36946.980000,7042523549,5563,54,0
NODE,0.758893,999,35528.450000,6457902120,5570,55,0
NODE,0.758893,999,35705.690000,6961736715,5571,51,0
NODE,0.758893,999,37585.370000,6679606110,5567,19,0
NODE,0.758893,999,39627.690000,7479515045,5559,26,0
NODE,0.758893,999,39714.010000,8094349614,5560,53,0
NODE,0.758893,999,37770.680000,7042221166,5568,30,0
NODE,0.758893,999,40509.060000,7400737981,5562,13,0
NODE,0.758893,999,39917.130000,7435519864,5566,50,0
NODE,0.758893,999,38492.200000,7440158065,5569,79,0
NODE,0.758893,999,41375.720000,7760263560,5565,32,0
NODE,0.758893,999,42219.480000,8220811314,5561,39,0
NODE,0.758893,999,39327.130000,7214926158,5574,60,0
NODE,0.758893,999,39683.680000,7685070936,5573,11,0
NODE,0.758893,999,40361.470000,7917841379,5572,34,0
NODE,0.758893,999,37409.750000,7279120377,5590,3,0
NODE,0.758893,999,39782.130000,7409007682,5578,25,0
NODE,0.758893,999,40704.140000,7778500996,5575,10,0
NODE,0.758893,999,40374.050000,7887106307,5577,75,0
NODE,0.758893,999,39098.040000,7523530521,5587,71,0
NODE,0.758893,999,38040.200000,7373891283,5594,12,0
NODE,0.758893,999,40298.480000,7861039939,5584,16,0
NODE,0.758893,999,40766.080000,7633510226,5586,41,0
NODE,0.758893,999,39561.670000,8445454676,5597,70,0
NODE,0.758893,999,42947.850000,8403235138,5576,36,0
NODE,0.758893,999,40690.080000,7864228532,5596,23,0
NODE,0.758893,999,43210.220000,8910514895,5579,44,0
NODE,0.758893,999,42417.850000,8536649710,5585,73,0
NODE,0.758893,999,42397.420000,8027752511,5589,15,0
NODE,0.758893,999,43437.670000,8299736845,5583,17,0
NODE,0.758893,999,41766.560000,8559267025,5598,72,0
NODE,0.758893,999,41536.780000,8559059665,5599,65,0
NODE,0.758893,999,41510.100000,8120910205,5602,45,0
NODE,0.758893,999,43110.930000,8883167875,5591,31,0
NODE,0.758893,999,44367.390000,8653234986,5582,68,0
NODE,0.758893,999,43037.570000,8083548446,5592,67,0
NODE,0.758893,999,43603.070000,8989467415,5595,33,0
NODE,0.758893,999,45792.580000,8606305748,5580,52,0
NODE,0.758893,999,44785.240000,8930317265,5588,69,0
NODE,0.758893,999,45656.050000,8356861937,5581,61,0
NODE,0.758893,999,44237.970000,8778540737,5593,59,0
NODE,0.758893,999,44270.960000,8974970417,5600,58,0
NODE,0.758893,999,43984.920000,8708532137,5605,77,0
NODE,0.758893,999,42077.100000,8251267621,5612,38,0
NODE,0.758893,999,43561.220000,8329028451,5608,63,0
NODE,0.758893,999,44216.610000,8454564441,5606,1,0
NODE,0.758893,999,44079.640000,8495298024,5610,48,0
NODE,0.758893,999,46500.080000,9675218134,5601,21,0
NODE,0.758893,999,42243.900000,8865050695,5615,6,0
NODE,0.758893,999,41873.420000,8142939924,5617,22,0
NODE,0.758893,999,47540.120000,9744793556,5604,47,0
NODE,0.758893,999,41328.980000,8220213264,5619,42,0
NODE,0.758893,999,42488.420000,8925857147,5616,18,0
NODE,0.758893,999,47955.910000,10041880020,5603,56,0
NODE,0.758893,999,46045.610000,8776741694,5609,57,0
NODE,0.758893,999,46355.200000,8739930130,5611,37,0
NODE,0.758893,999,42597.850000,8701559774,5618,46,0
NODE,0.758893,999,47095.390000,9591946561,5607,62,0
NODE,0.758893,999,40526.420000,7702604504,5623,2,0
NODE,0.758893,999,44838.410000,9134726295,5613,28,0
NODE,0.758893,999,45344.340000,8040837280,5614,8,0
NODE,0.758893,999,41646.670000,8401276673,5622,14,0
NODE,0.758893,999,43077.660000,8415707092,5620,78,0
NODE,0.758893,999,37678.150000,6721336930,5630,27,0
NODE,0.758893,999,41895.010000,8211132948,5625,35,0
NODE,0.758893,999,43858.280000,8648586024,5621,43,0
NODE,0.758893,999,41768.490000,7769240401,5627,74,0
NODE,0.758893,999,44498.690000,9045114789,5626,20,0
NODE,0.758893,999,46304.800000,10030203993,5624,9,0
NODE,0.758893,999,45432.080000,8808989218,5628,29,0
NODE,0.758893,999,46203.700000,9255791634,5631,5,0
NODE,0.758893,999,48306.750000,9229969744,5629,7,0
NODE,0.758893,999,45358.250000,9321776924,5632,4,0
NODE,0.758893,999,43261.760000,8053735559,5633,40,0
NODE,0.758893,999,40841.080000,8336615428,5634,24,0
NODE,0.758893,999,41044.640000,7644063771,5637,49,0
NODE,0.758893,999,45431.300000,8614874195,5635,64,0
NODE,0.758893,999,47634.630000,9989600523,5636,76,0
NODE,0.758893,999,42020.300000,8412280116,5646,13,0
NODE,0.758893,999,40661.400000,7840323845,5649,32,0
NODE,0.758893,999,43126.560000,8344667480,5647,50,0
NODE,0.758893,999,44028.660000,9247421170,5645,30,0
NODE,0.758893,999,47772.710000,9203572906,5638,66,0
NODE,0.758893,999,41364.180000,7896474783,5651,60,0
NODE,0.758893,999,43318.220000,8564656803,5648,79,0
NODE,0.758893,999,45200.100000,8993580350,5644,53,0
NODE,0.758893,999,46341.580000,9253933343,5641,51,0
NODE,0.758893,999,41066.100000,8018675880,5654,3,0
NODE,0.758893,999,40557.820000,7886303818,5657,75,0
NODE,0.758893,999,42252.870000,7968669373,5653,34,0
NODE,0.758893,999,48517.080000,10866065853,5639,54,0
NODE,0.758893,999,41190.530000,8173722379,5659,12,0
NODE,0.758893,999,43969.460000,8184491110,5650,39,0
NODE,0.758893,999,43238.830000,8530373249,5652,11,0
NODE,0.758893,999,41946.960000,8098419030,5660,16,0
NODE,0.758893,999,49937.620000,10402142857,5640,55,0
NODE,0.758893,999,41551.960000,8537117139,5661,41,0
NODE,0.758893,999,37647.560000,6965748996,5679,59,0
NODE,0.758893,999,40325.280000,7970643451,5667,15,0
NODE,0.758893,999,49655.880000,9996928259,5643,26,0
NODE,0.758893,999,49960.800000,9952190716,5642,19,0
NODE,0.758893,999,40149.920000,7700151248,5668,17,0
NODE,0.758893,999,38879.540000,6860305027,5678,61,0
NODE,0.758893,999,41921.280000,8078481849,5665,44,0
NODE,0.758893,999,40231.630000,7275695914,5674,67,0
NODE,0.758893,999,39492.670000,7023756392,5677,69,0
NODE,0.758893,999,43825.190000,8902317279,5662,70,0
NODE,0.758893,999,46388.810000,9305513502,5656,10,0
NODE,0.758893,999,43321.570000,8727632868,5664,23,0
NODE,0.758893,999,40493.460000,7587824907,5675,33,0
NODE,0.758893,999,38061.390000,6877621175,5682,38,0
NODE,0.758893,999,42536.700000,8794487681,5669,72,0
NODE,0.758893,999,47688.430000,9187650644,5655,25,0
NODE,0.758893,999,41532.790000,7482049835,5676,52,0
NODE,0.758893,999,42447.330000,8643595055,5672,31,0
NODE,0.758893,999,40150.640000,6991481847,5680,58,0
NODE,0.758893,999,38789.660000,7185199359,5683,63,0
NODE,0.758893,999,45237.400000,8766712176,5663,36,0
NODE,0.758893,999,43516.110000,8536230366,5670,65,0
NODE,0.758893,999,44913.670000,8810694921,5666,73,0
NODE,0.758893,999,48631.100000,8620565396,5658,71,0
NODE,0.758893,999,36919.440000,6578918743,5696,62,0
NODE,0.758893,999,44678.580000,8369244683,5671,45,0
NODE,0.758893,999,41274.370000,7134169147,5681,77,0
NODE,0.758893,999,44770.570000,8567642122,5673,68,0
NODE,0.758893,999,39061.760000,7259300521,5690,42,0
NODE,0.758893,999,39432.620000,6708905982,5693,57,0
NODE,0.758893,999,39942.890000,6869659470,5689,47,0
NODE,0.758893,999,41141.830000,7834772606,5687,6,0
NODE,0.758893,999,41999.500000,7851403797,5686,21,0
NODE,0.758893,999,38430.000000,7089575828,5700,14,0
NODE,0.758893,999,40694.870000,7830959700,5691,18,0
NODE,0.758893,999,42850.440000,7924396619,5685,48,0
NODE,0.758893,999,43385.770000,8257564855,5684,1,0
NODE,0.758893,999,41951.350000,8087099551,5688,22,0
NODE,0.758893,999,42184.780000,8135734781,5695,46,0
NODE,0.758893,999,41995.480000,7696400439,5698,28,0
NODE,0.758893,999,43281.950000,7900906008,5692,56,0
NODE,0.758893,999,41526.660000,7611305177,5699,8,0
NODE,0.758893,999,42261.250000,7253798633,5697,2,0
NODE,0.758893,999,43070.880000,8266001102,5694,37,0
NODE,0.758893,999,41612.320000,7688782555,5701,78,0
NODE,0.758893,999,41064.960000,7325121031,5703,35,0
NODE,0.758893,999,41689.420000,8001154679,5702,27,0
NODE,0.758893,999,43896.430000,7969290500,5704,43,0
NODE,0.758893,999,41399.130000,7923502717,5707,9,0
NODE,0.758893,999,43748.960000,9001707723,5705,74,0
NODE,0.758893,999,43926.580000,9108833219,5706,20,0
NODE,0.758893,999,37589.800000,6548093005,5711,4,0
NODE,0.758893,999,40230.850000,7224436704,5710,7,0
NODE,0.758893,999,45639.340000,9173118837,5708,29,0
NODE,0.758893,999,38703.710000,6820233368,5712,40,0
NODE,0.758893,999,37598.880000,6957360071,5713,24,0
NODE,0.758893,999,45425.940000,8349250606,5709,5,0
NODE,0.758893,999,38979.420000,6827105126,5714,49,0
NODE,0.758893,999,35420.750000,6393191336,5723,79,0
NODE,0.758893,999,40442.630000,7477693250,5715,64,0
NODE,0.758893,999,37927.480000,6571330278,5720,30,0
NODE,0.758893,999,39595.440000,7195506834,5718,32,0
NODE,0.758893,999,39697.800000,7373765058,5722,60,0
NODE,0.758893,999,42198.120000,7265302239,5716,76,0
NODE,0.758893,999,42359.950000,8464544404,5717,13,0
NODE,0.758893,999,40993.760000,7503547265,5721,66,0
NODE,0.758893,999,37922.730000,6627669533,5733,16,0
NODE,0.758893,999,41287.370000,7774539146,5724,53,0
NODE,0.758893,999,40010.990000,7335125213,5731,39,0
NODE,0.758893,999,42899.160000,7848830012,5719,50,0
NODE,0.758893,999,41122.330000,7686402541,5730,12,0
NODE,0.758893,999,39463.990000,7730054689,5734,55,0
NODE,0.758893,999,41584.260000,7656271176,5729,54,0
NODE,0.758893,999,38834.500000,7442889470,5738,26,0
NODE,0.758893,999,42517.440000,8085937884,5727,75,0
NODE,0.758893,999,42788.710000,8153361419,5726,3,0
NODE,0.758893,999,38434.040000,7381492774,5742,44,0
NODE,0.758893,999,40216.800000,7780764834,5735,41,0
NODE,0.758893,999,42018.240000,7611745884,5732,11,0
NODE,0.758893,999,43727.310000,7852563532,5725,51,0
NODE,0.758893,999,43043.200000,8059956396,5728,34,0
NODE,0.758893,999,38224.060000,6929400129,5747,23,0
NODE,0.758893,999,40578.460000,8171110997,5736,59,0
NODE,0.758893,999,40731.880000,7543703994,5737,15,0
NODE,0.758893,999,40648.980000,7524901356,5739,19,0
NODE,0.758893,999,38306.410000,7219780328,5749,38,0
NODE,0.758893,999,38233.340000,7086441381,5750,72,0
NODE,0.758893,999,39897.100000,7230569963,5743,67,0
NODE,0.758893,999,40065.490000,7937401480,5751,25,0
NODE,0.758893,999,39672.220000,7694308367,5756,36,0
NODE,0.758893,999,43155.280000,9089676257,5740,17,0
NODE,0.758893,999,40274.370000,7298353782,5752,52,0
NODE,0.758893,999,42484.340000,7971157061,5744,69,0
NODE,0.758893,999,42233.600000,7821608485,5746,10,0
NODE,0.758893,999,42196.040000,8596355164,5748,33,0
NODE,0.758893,999,42623.110000,7832132504,5745,70,0
NODE,0.758893,999,40382.780000,8130003548,5758,73,0
NODE,0.758893,999,40848.140000,8146331763,5757,65,0
NODE,0.758893,999,41849.880000,7674234320,5753,31,0
NODE,0.758893,999,44438.020000,8314915472,5741,61,0
NODE,0.758893,999,41210.150000,7690755952,5760,62,0
NODE,0.758893,999,44270.790000,8184994356,5755,63,0
NODE,0.758893,999,42633.490000,8438678370,5761,45,0
NODE,0.758893,999,42372.110000,8167737568,5762,77,0
NODE,0.758893,999,39974.730000,7323493916,5772,1,0
NODE,0.758893,999,40698.890000,7609743808,5773,22,0
NODE,0.758893,999,42075.590000,8569832746,5770,18,0
NODE,0.758893,999,41726.290000,8020479692,5771,48,0
NODE,0.758893,999,43499.800000,8199245233,5765,57,0
NODE,0.758893,999,44561.090000,7911788464,5763,68,0
NODE,0.758893,999,39848.810000,7834899048,5778,2,0
NODE,0.758893,999,43266.120000,7456763966,5768,21,0
NODE,0.758893,999,47502.330000,9000495712,5754,58,0
NODE,0.758893,999,40603.070000,7829854578,5776,56,0
NODE,0.758893,999,43606.560000,8029035174,5769,14,0
NODE,0.758893,999,46632.180000,9154880098,5759,71,0
NODE,0.758893,999,44615.090000,8981569231,5767,6,0
NODE,0.758893,999,45938.590000,8503318869,5764,42,0
NODE,0.758893,999,42998.710000,8389563578,5777,8,0
NODE,0.758893,999,42457.920000,8558323697,5781,35,0
NODE,0.758893,999,46836.430000,9652986276,5766,47,0
NODE,0.758893,999,42769.740000,8706113474,5780,78,0
NODE,0.758893,999,44929.650000,8554611132,5779,37,0
NODE,0.758893,999,46349.860000,8775001573,5774,46,0
NODE,0.758893,999,46389.640000,8312149186,5775,28,0
NODE,0.758893,999,42329.840000,7960205054,5784,9,0
NODE,0.758893,999,44621.810000,8098058685,5783,43,0
NODE,0.758893,999,47499.120000,9337329191,5782,27,0
NODE,0.758893,999,41414.290000,7646737771,5787,4,0
NODE,0.758893,999,44477.820000,8277353951,5785,74,0
NODE,0.758893,999,41163.300000,7342670774,5788,7,0
NODE,0.758893,999,48526.810000,8939259770,5786,20,0
NODE,0.758893,999,45433.380000,8686503218,5789,29,0
NODE,0.758893,999,37432.650000,7168718487,5794,79,0
NODE,0.758893,999,45269.250000,8932210268,5792,5,0
NODE,0.758893,999,43992.170000,8541219117,5793,49,0
NODE,0.758893,999,40054.020000,7662182407,5795,64,0
NODE,0.758893,999,48740.030000,9137183537,5790,40,0
NODE,0.758893,999,39870.000000,7727816284,5796,30,0
NODE,0.758893,999,50409.320000,9840354069,5791,24,0
NODE,0.758893,999,40085.510000,6908227530,5801,66,0
NODE,0.758893,999,43334.520000,7809996662,5797,32,0
NODE,0.758893,999,44209.490000,8644000092,5799,76,0
NODE,0.758893,999,40891.220000,7327299594,5813,41,0
NODE,0.758893,999,45655.740000,8970606486,5798,60,0
NODE,0.758893,999,40467.600000,7890691674,5818,59,0
NODE,0.758893,999,43737.090000,8871732535,5803,53,0
NODE,0.758893,999,44456.040000,8836295745,5802,16,0
NODE,0.758893,999,44549.380000,8789778455,5804,39,0
NODE,0.758893,999,43355.060000,8613822578,5808,54,0
NODE,0.758893,999,42840.940000,7955459519,5815,51,0
NODE,0.758893,999,43371.110000,8417296030,5812,44,0
NODE,0.758893,999,43845.340000,8237379552,5809,26,0
NODE,0.758893,999,44201.970000,8509310576,5811,3,0
NODE,0.758893,999,44416.900000,8389163947,5810,75,0
NODE,0.758893,999,47272.370000,9070761517,5800,13,0
NODE,0.758893,999,42580.590000,7252475857,5822,72,0
NODE,0.758893,999,44072.540000,9034466879,5814,11,0
NODE,0.758893,999,45643.140000,8926965820,5806,12,0
NODE,0.758893,999,46055.200000,8540669993,5805,50,0
NODE,0.758893,999,43657.470000,8298392100,5819,15,0
NODE,0.758893,999,43998.280000,8201477805,5820,19,0
NODE,0.758893,999,45719.820000,8599777487,5816,34,0
NODE,0.758893,999,45312.260000,8392444710,5821,38,0
NODE,0.758893,999,47661.060000,8876704246,5807,55,0
NODE,0.758893,999,43319.500000,7904325739,5825,36,0
NODE,0.758893,999,43700.330000,8139455036,5824,25,0
NODE,0.758893,999,46733.620000,8856103795,5817,23,0
NODE,0.758893,999,39204.330000,7295748567,5838,45,0
NODE,0.758893,999,46328.630000,8578080948,5823,67,0
NODE,0.758893,999,44603.380000,8882909067,5826,17,0
NODE,0.758893,999,46239.550000,8267681960,5827,52,0
NODE,0.758893,999,45551.500000,8452789832,5832,73,0
NODE,0.758893,999,45829.660000,8992068500,5831,70,0
NODE,0.758893,999,42835.520000,8287632041,5839,77,0
NODE,0.758893,999,43395.750000,8310958747,5837,63,0
NODE,0.758893,999,45902.660000,8781611743,5835,61,0
NODE,0.758893,999,47481.260000,9406635370,5828,69,0
NODE,0.758893,999,41048.050000,8110081712,5847,21,0
NODE,0.758893,999,47688.010000,9272169197,5833,65,0
NODE,0.758893,999,42811.710000,9013537393,5842,18,0
NODE,0.758893,999,43729.220000,8958649099,5841,22,0
NODE,0.758893,999,46901.590000,9245960397,5836,62,0
NODE,0.758893,999,49736.000000,10197366335,5830,33,0
NODE,0.758893,999,43453.000000,8727544545,5848,58,0
NODE,0.758893,999,46201.180000,9112700484,5840,1,0
NODE,0.758893,999,40979.100000,7640167489,5857,78,0
NODE,0.758893,999,43346.860000,8500715446,5851,71,0
NODE,0.758893,999,49493.650000,9426765577,5834,31,0
NODE,0.758893,999,44667.210000,8584011613,5845,68,0
NODE,0.758893,999,40547.690000,7422473916,5858,37,0
NODE,0.758893,999,45041.730000,8779658856,5852,6,0
NODE,0.758893,999,53130.610000,10951271343,5829,10,0
NODE,0.758893,999,45584.910000,8717999887,5853,42,0
NODE,0.758893,999,44200.690000,8590101382,5854,8,0
NODE,0.758893,999,46818.250000,9243301541,5850,14,0
NODE,0.758893,999,47569.680000,10114153203,5846,2,0
NODE,0.758893,999,47962.340000,9997180528,5844,57,0
NODE,0.758893,999,44630.220000,8083577545,5856,47,0
NODE,0.758893,999,48526.110000,9202575297,5849,56,0
NODE,0.758893,999,46123.450000,8280032392,5855,35,0
NODE,0.758893,999,43271.090000,8164008204,5860,28,0
NODE,0.758893,999,50266.960000,9599880562,5843,48,0
NODE,0.758893,999,44686.110000,8730656171,5859,46,0
NODE,0.758893,999,42243.690000,8328494511,5863,27,0
NODE,0.758893,999,44258.930000,9063171509,5865,74,0
NODE,0.758893,999,46946.640000,9350262199,5861,9,0
NODE,0.758893,999,46849.460000,8990182251,5864,4,0
NODE,0.758893,999,47928.740000,9157940255,5862,43,0
NODE,0.758893,999,46338.190000,9232634898,5866,7,0
NODE,0.758893,999,43191.690000,8783615640,5867,20,0
NODE,0.758893,999,45578.810000,8715180221,5868,29,0
NODE,0.758893,999,41908.540000,7935745046,5875,24,0
NODE,0.758893,999,44984.870000,8467549177,5872,64,0
NODE,0.758893,999,48869.980000,9706738678,5869,79,0
NODE,0.758893,999,46425.630000,9160224857,5871,49,0
NODE,0.758893,999,38892.980000,7345288269,5878,76,0
NODE,0.758893,999,47345.360000,9810573139,5873,40,0
NODE,0.758893,999,49065.700000,9574716674,5870,5,0
NODE,0.758893,999,40331.210000,7427168144,5881,59,0
NODE,0.758893,999,48266.940000,9968237324,5874,30,0
NODE,0.758893,999,40317.980000,7297601209,5882,53,0
NODE,0.758893,999,41570.010000,7878211610,5880,60,0
NODE,0.758893,999,43039.990000,8043993640,5879,41,0
NODE,0.758893,999,47158.420000,9006842999,5876,66,0
NODE,0.758893,999,42415.900000,7437217900,5883,16,0
NODE,0.758893,999,41728.150000,8193925812,5885,54,0
NODE,0.758893,999,42289.770000,7987545529,5884,39,0
NODE,0.758893,999,41314.200000,8082097397,5893,11,0
NODE,0.758893,999,42258.120000,8182437802,5888,26,0
NODE,0.758893,999,42617.590000,8400713658,5887,44,0
NODE,0.758893,999,40679.930000,7756983185,5897,19,0
NODE,0.758893,999,43293.460000,8700171649,5886,51,0
NODE,0.758893,999,42958.120000,8573557129,5890,75,0
NODE,0.758893,999,42392.850000,8435238562,5895,50,0
NODE,0.758893,999,49678.960000,10045853083,5877,32,0
NODE,0.758893,999,43192.060000,7763908505,5892,72,0
NODE,0.758893,999,43858.550000,8235597972,5889,3,0
NODE,0.758893,999,42726.500000,7926455224,5896,15,0
NODE,0.758893,999,44599.730000,8797824473,5894,12,0
NODE,0.758893,999,40932.720000,7490663449,5906,17,0
NODE,0.758893,999,42879.030000,7882551093,5899,38,0
NODE,0.758893,999,42064.040000,8696814049,5903,23,0
NODE,0.758893,999,43445.240000,8998718525,5902,25,0
NODE,0.758893,999,43910.740000,9169289905,5904,45,0
NODE,0.758893,999,40178.150000,7952300741,5911,63,0
NODE,0.758893,999,44183.340000,8862364715,5905,67,0
NODE,0.758893,999,45232.810000,8979821617,5901,36,0
NODE,0.758893,999,45613.020000,8854621630,5900,55,0
NODE,0.758893,999,41175.160000,7884879841,5910,77,0
NODE,0.758893,999,48919.750000,9334223005,5891,13,0
NODE,0.758893,999,40587.410000,7707542026,5916,18,0
NODE,0.758893,999,43879.130000,8234709877,5909,70,0
NODE,0.758893,999,44117.190000,8835339431,5908,73,0
NODE,0.758893,999,41298.180000,8406235046,5918,62,0
NODE,0.758893,999,42342.020000,8294445653,5915,65,0
NODE,0.758893,999,45399.890000,9265889453,5907,52,0
NODE,0.758893,999,42242.700000,8011205100,5917,22,0
NODE,0.758893,999,49903.720000,9657483355,5898,34,0
NODE,0.758893,999,45147.820000,8377317156,5913,69,0
NODE,0.758893,999,43521.610000,9184818684,5923,71,0
NODE,0.758893,999,44219.030000,8579182084,5924,31,0
NODE,0.758893,999,44613.860000,9276327571,5925,68,0
NODE,0.758893,999,45559.760000,9155703257,5919,33,0
NODE,0.758893,999,47925.310000,8850744058,5914,21,0
NODE,0.758893,999,50241.990000,9854411697,5912,61,0
NODE,0.758893,999,43730.780000,8635021373,5932,2,0
NODE,0.758893,999,41758.410000,8267015632,5937,28,0
NODE,0.758893,999,48159.390000,9404963355,5920,58,0
NODE,0.758893,999,44662.420000,8897893920,5933,57,0
NODE,0.758893,999,45331.530000,8937928615,5929,42,0
NODE,0.758893,999,43674.190000,8671274553,5936,35,0
NODE,0.758893,999,49164.070000,9384289089,5921,1,0
NODE,0.758893,999,48993.310000,9641484145,5922,78,0
NODE,0.758893,999,44110.030000,8691389889,5935,56,0
NODE,0.758893,999,42523.780000,8828543027,5940,27,0
NODE,0.758893,999,48233.540000,9366112265,5926,37,0
NODE,0.758893,999,43511.700000,9230322799,5939,46,0
NODE,0.758893,999,47904.500000,9762195362,5927,6,0
NODE,0.758893,999,48138.360000,9380142369,5930,8,0
NODE,0.758893,999,45664.700000,9692107980,5938,48,0
NODE,0.758893,999,49053.680000,9475492686,5928,10,0
NODE,0.758893,999,42584.900000,8958585623,5941,74,0
NODE,0.758893,999,49276.990000,9465072816,5931,14,0
NODE,0.758893,999,48929.660000,9643660852,5934,47,0
NODE,0.758893,999,41438.990000,8750629110,5945,7,0
NODE,0.758893,999,43199.850000,8571742743,5943,4,0
NODE,0.758893,999,45682.890000,8819033276,5942,9,0
NODE,0.758893,999,41322.580000,8545994306,5946,20,0
NODE,0.758893,999,46726.570000,9375319000,5944,43,0
NODE,0.758893,999,43185.710000,8808125994,5947,29,0
NODE,0.758893,999,40000.500000,7971965081,5953,40,0
NODE,0.758893,999,41859.600000,8065571670,5952,76,0
NODE,0.758893,999,44908.840000,9272410287,5948,24,0
NODE,0.758893,999,44115.760000,9350302177,5950,79,0
NODE,0.758893,999,42380.940000,8619635295,5954,5,0
NODE,0.758893,999,45647.190000,9575805659,5949,64,0
NODE,0.758893,999,45538.900000,9292195783,5951,49,0
NODE,0.758893,999,42319.640000,8475599566,5957,53,0
NODE,0.758893,999,41456.040000,7664329590,5960,66,0
NODE,0.758893,999,40263.180000,7305815459,5964,11,0
NODE,0.758893,999,40612.970000,7357693645,5966,44,0
NODE,0.758893,999,44938.030000,9196383837,5955,59,0
NODE,0.758893,999,42739.010000,7961139827,5962,54,0
NODE,0.758893,999,45574.720000,8837723445,5956,30,0
NODE,0.758893,999,41767.740000,8280475134,5967,19,0
NODE,0.758893,999,44117.600000,8168510735,5959,41,0
NODE,0.758893,999,44613.380000,9039991583,5961,16,0
NODE,0.758893,999,46926.200000,8967727781,5958,60,0
NODE,0.758893,999,44430.280000,8375455388,5965,26,0
NODE,0.758893,999,45718.240000,9689361319,5963,39,0
NODE,0.758893,999,44107.590000,8661256709,5968,51,0
NODE,0.758893,999,44055.080000,8933372650,5971,32,0
NODE,0.758893,999,44460.610000,8851795854,5970,50,0
NODE,0.758893,999,45216.360000,8760570551,5972,72,0
NODE,0.758893,999,46419.180000,8986379047,5969,75,0
NODE,0.758893,999,45896.480000,8978778573,5973,3,0
NODE,0.758893,999,46247.770000,8825093063,5974,15,0
NODE,0.758893,999,44736.250000,9085997642,5976,17,0
NODE,0.758893,999,45950.470000,9396159080,5975,12,0
NODE,0.758893,999,43769.670000,9155363682,5984,55,0
NODE,0.758893,999,44506.690000,8769107379,5982,67,0
NODE,0.758893,999,44125.420000,8600065711,5985,77,0
NODE,0.758893,999,47184.680000,9543222433,5977,38,0
NODE,0.758893,999,45074.160000,8593161507,5981,63,0
NODE,0.758893,999,44468.580000,8858164827,5986,13,0
NODE,0.758893,999,45394.590000,9368502114,5983,36,0
NODE,0.758893,999,43394.050000,8741459541,5988,70,0
NODE,0.758893,999,45222.440000,8510069159,5987,18,0
NODE,0.758893,999,49914.040000,10218649808,5978,23,0
NODE,0.758893,999,49441.980000,10006404980,5979,25,0
NODE,0.758893,999,43353.070000,8488951329,5995,69,0
NODE,0.758893,999,46263.190000,8991040367,5989,73,0
NODE,0.758893,999,41342.630000,8443588076,5998,68,0
NODE,0.758893,999,46436.790000,9450273943,5990,62,0
NODE,0.758893,999,50488.510000,9905981610,5980,45,0
NODE,0.758893,999,42525.160000,8599578771,6000,21,0
NODE,0.758893,999,43474.910000,8250541545,5999,33,0
NODE,0.758893,999,48596.280000,9750760871,5991,65,0
NODE,0.758893,999,48193.560000,10335852847,5993,22,0
NODE,0.758893,999,48424.680000,9808480846,5992,52,0
NODE,0.758893,999,48995.850000,9975679358,5994,34,0
NODE,0.758893,999,44540.590000,9063370758,6002,2,0
NODE,0.758893,999,45128.640000,8808099382,6001,61,0
NODE,0.758893,999,48750.060000,10066241440,5996,71,0
NODE,0.758893,999,45074.290000,8654666405,6003,28,0
NODE,0.758893,999,48621.720000,9854981425,5997,31,0
NODE,0.758893,999,46450.630000,8729429669,6004,58,0
NODE,0.758893,999,46199.620000,8906920617,6006,42,0
NODE,0.758893,999,46925.560000,8902565830,6007,35,0
NODE,0.758893,999,48862.940000,9938616072,6005,57,0
NODE,0.758893,999,45489.700000,8222437298,6017,10,0
NODE,0.758893,999,48467.270000,9416505925,6009,78,0
NODE,0.758893,999,48648.380000,8678820101,6011,27,0
NODE,0.758893,999,49078.520000,9207891340,6010,56,0
NODE,0.758893,999,48356.180000,8636588553,6013,46,0
NODE,0.758893,999,47783.230000,9157654644,6015,8,0
NODE,0.758893,999,46946.370000,8485246930,6019,14,0
NODE,0.758893,999,49135.870000,9649663666,6016,48,0
NODE,0.758893,999,52044.110000,10253965774,6008,1,0
NODE,0.758893,999,48761.640000,9056170857,6018,74,0
NODE,0.758893,999,48849.520000,9347322512,6020,47,0
NODE,0.758893,999,51520.540000,9785224847,6012,37,0
NODE,0.758893,999,52006.670000,9739922666,6014,6,0
NODE,0.758893,999,47815.970000,9959721332,6022,4,0
NODE,0.758893,999,47605.940000,9144678270,6023,9,0
NODE,0.758893,999,48206.340000,8950058702,6024,20,0
NODE,0.758893,999,45274.740000,8270006279,6025,43,0
NODE,0.758893,999,50971.570000,9772807034,6021,7,0
NODE,0.758893,999,45299.080000,8694705823,6026,29,0
NODE,0.758893,999,44190.930000,8270796662,6030,79,0
NODE,0.758893,999,46807.220000,8647067833,6027,40,0
NODE,0.758893,999,45481.330000,8443106926,6031,5,0
NODE,0.758893,999,46779.000000,9596376478,6028,76,0
NODE,0.758893,999,46809.080000,9048033693,6029,24,0
NODE,0.758893,999,46074.890000,8834787905,6032,64,0
NODE,0.758893,999,43668.620000,7966337790,6036,11,0
NODE,0.758893,999,42773.380000,8300085088,6038,59,0
NODE,0.758893,999,42812.260000,8551999748,6039,54,0
NODE,0.758893,999,46234.170000,8438728450,6034,53,0
NODE,0.758893,999,39993.040000,7926346387,6048,32,0
NODE,0.758893,999,41263.330000,7697260998,6045,26,0
NODE,0.758893,999,44148.220000,8373033403,6041,19,0
NODE,0.758893,999,41670.990000,8020156836,6046,39,0
NODE,0.758893,999,45927.540000,9271286232,6037,44,0
NODE,0.758893,999,48045.120000,8851269251,6035,66,0
NODE,0.758893,999,44893.190000,9305486069,6043,16,0
NODE,0.758893,999,42758.790000,8481189609,6049,50,0
NODE,0.758893,999,51337.400000,10642679507,6033,49,0
NODE,0.758893,999,41194.160000,8716700943,6052,3,0
NODE,0.758893,999,41951.450000,8871067141,6051,75,0
NODE,0.758893,999,47994.830000,10399069429,6040,30,0
NODE,0.758893,999,47441.250000,9168138605,6042,41,0
NODE,0.758893,999,46582.720000,10110560763,6044,60,0
NODE,0.758893,999,42250.890000,8584625106,6054,17,0
NODE,0.758893,999,44105.420000,9048267540,6050,72,0
NODE,0.758893,999,40102.830000,6736830220,6059,38,0
NODE,0.758893,999,43494.640000,9164552330,6053,15,0
NODE,0.758893,999,39825.690000,7155681926,6062,36,0
NODE,0.758893,999,41338.020000,7601353653,6060,63,0
NODE,0.758893,999,48237.910000,9883714607,6047,51,0
NODE,0.758893,999,42790.910000,7933257104,6058,77,0
NODE,0.758893,999,43641.480000,8990525308,6056,55,0
NODE,0.758893,999,43498.160000,8066235365,6057,67,0
NODE,0.758893,999,42383.390000,7740373095,6063,70,0
NODE,0.758893,999,41417.610000,7198203928,6064,18,0
NODE,0.758893,999,45702.480000,9242982832,6055,12,0
NODE,0.758893,999,39708.710000,7558168759,6069,68,0
NODE,0.758893,999,43189.740000,7972360053,6066,25,0
NODE,0.758893,999,46395.220000,8653532734,6061,13,0
NODE,0.758893,999,44538.810000,8165539678,6065,23,0
NODE,0.758893,999,41347.510000,7984437284,6073,33,0
NODE,0.758893,999,45319.830000,8448786370,6067,69,0
