NODE,0.758893,999,39433.890000,7426843763,25,27,0
NODE,0.758893,999,39733.690000,6960775164,35,37,0
NODE,0.758893,999,40648.450000,7439400767,68,53,0
NODE,0.758893,999,40766.570000,6864861359,26,28,0
NODE,0.758893,999,41176.210000,7532289698,43,55,0
NODE,0.758893,999,41495.020000,7633672634,46,41,0
NODE,0.758893,999,41849.730000,7782594976,29,31,0
NODE,0.758893,999,42700.840000,7825126190,27,29,0
NODE,0.758893,999,42720.890000,8023735208,54,62,0
NODE,0.758893,999,42763.520000,8456148692,38,13,0
NODE,0.758893,999,42862.390000,8103984622,65,69,0
NODE,0.758893,999,42888.730000,8005629244,40,40,0
NODE,0.758893,999,42900.430000,8342203712,67,43,0
NODE,0.758893,999,42929.320000,7893405706,66,44,0
NODE,0.758893,999,42941.820000,8659932278,28,30,0
NODE,0.758893,999,43078.950000,8354442783,6,7,0
NODE,0.758893,999,43135.520000,8247127693,32,34,0
NODE,0.758893,999,43178.510000,8442171672,37,39,0
NODE,0.758893,999,43312.260000,8058864800,70,70,0
NODE,0.758893,999,43579.350000,8219503835,45,78,0
NODE,0.758893,999,43648.100000,8758963648,39,1,0
NODE,0.758893,999,43674.730000,7965523371,51,54,0
NODE,0.758893,999,43843.520000,8351420136,49,64,0
NODE,0.758893,999,43907.160000,8404122153,11,12,0
NODE,0.758893,999,44051.750000,7968794259,30,32,0
NODE,0.758893,999,44064.130000,8187973687,74,77,0
NODE,0.758893,999,44066.400000,8427330986,34,36,0
NODE,0.758893,999,44097.940000,8668274393,79,68,0
NODE,0.758893,999,44125.390000,8374924094,33,35,0
NODE,0.758893,999,44219.750000,8646760408,18,20,0
NODE,0.758893,999,44266.580000,8136882783,76,79,0
NODE,0.758893,999,44419.470000,7508192048,73,59,0
NODE,0.758893,999,44504.490000,8781818910,61,75,0
NODE,0.758893,999,44716.320000,8119058768,17,19,0
NODE,0.758893,999,44769.590000,8708612911,13,15,0
NODE,0.758893,999,44899.530000,8179204707,42,45,0
NODE,0.758893,999,44923.400000,9131215768,36,38,0
NODE,0.758893,999,45028.270000,8597443650,8,9,0
NODE,0.758893,999,45035.430000,8562035804,31,33,0
NODE,0.758893,999,45282.210000,8718476231,41,76,0
NODE,0.758893,999,45321.870000,9103070380,3,4,0
NODE,0.758893,999,45343.760000,8507992810,78,65,0
NODE,0.758893,999,45487.450000,8545045429,1,2,0
NODE,0.758893,999,45509.320000,8662928097,56,46,0
NODE,0.758893,999,45543.060000,8450639134,22,24,0
NODE,0.758893,999,45630.110000,8893193006,7,8,0
NODE,0.758893,999,45636.190000,8775769842,75,57,0
NODE,0.758893,999,45643.990000,8412293846,71,72,0
NODE,0.758893,999,45664.830000,9115363666,19,21,0
NODE,0.758893,999,45835.010000,9051108166,64,58,0
NODE,0.758893,999,45942.840000,9008108296,21,23,0
NODE,0.758893,999,45979.500000,8650553975,44,71,0
NODE,0.758893,999,45996.290000,8748299089,5,6,0
NODE,0.758893,999,46033.400000,8424638465,52,56,0
NODE,0.758893,999,46145.580000,9018405569,50,61,0
NODE,0.758893,999,46162.570000,8874130428,2,3,0
NODE,0.758893,999,46298.980000,8329312727,55,48,0
NODE,0.758893,999,46449.760000,8954559472,69,66,0
NODE,0.758893,999,46594.840000,9302836864,20,22,0
NODE,0.758893,999,46619.210000,9043239805,4,5,0
NODE,0.758893,999,46623.090000,8671926280,77,47,0
NODE,0.758893,999,47110.240000,8619138886,14,16,0
NODE,0.758893,999,47321.540000,9242252304,23,25,0
NODE,0.758893,999,47488.530000,8695893706,53,42,0
NODE,0.758893,999,47495.870000,8808112905,62,52,0
NODE,0.758893,999,47600.600000,8610387436,15,17,0
NODE,0.758893,999,47668.380000,8969655737,10,11,0
NODE,0.758893,999,48094.570000,8644513616,48,49,0
NODE,0.758893,999,48492.720000,9794815674,9,10,0
NODE,0.758893,999,48502.180000,9483465201,12,14,0
NODE,0.758893,999,48512.190000,9761837639,16,18,0
NODE,0.758893,999,49088.910000,9437892368,24,26,0
NODE,0.758893,999,49176.390000,9195401073,59,74,0
NODE,0.758893,999,49281.840000,8849871026,58,67,0
NODE,0.758893,999,49482.830000,9909632751,63,60,0
NODE,0.758893,999,49701.080000,9621756431,47,63,0
NODE,0.758893,999,49967.260000,9484892930,57,51,0
NODE,0.758893,999,50254.960000,9602934531,60,73,0
NODE,0.758893,999,51129.820000,9880894726,72,50,0
NODE,0.758893,999,42150.630000,7915257747,81,37,0
NODE,0.758893,999,41473.940000,7748386380,82,53,0
NODE,0.758893,999,43069.810000,8776343734,80,27,0
NODE,0.758893,999,44978.800000,8727915347,84,55,0
NODE,0.758893,999,46692.400000,9188186580,83,28,0
NODE,0.758893,999,46378.320000,9190949691,86,31,0
NODE,0.758893,999,45607.110000,8995044139,89,13,0
NODE,0.758893,999,46896.370000,9349882682,85,41,0
NODE,0.758893,999,44818.120000,8537916396,100,1,0
NODE,0.758893,999,41176.380000,7778351610,145,17,0
NODE,0.758893,999,43420.180000,7902096698,122,2,0
NODE,0.758893,999,46089.920000,8849802743,90,69,0
NODE,0.758893,999,46617.120000,9120645010,94,30,0
NODE,0.758893,999,46249.700000,8933997557,98,70,0
NODE,0.758893,999,45688.140000,9115046857,103,12,0
NODE,0.758893,999,44731.990000,8532916837,115,45,0
NODE,0.758893,999,45595.310000,8719473228,107,68,0
NODE,0.758893,999,47196.050000,9053984111,87,29,0
NODE,0.758893,999,45841.440000,8592786274,106,36,0
NODE,0.758893,999,44109.550000,8000201030,129,58,0
NODE,0.758893,999,44642.230000,8252156042,120,4,0
NODE,0.758893,999,43508.750000,8328498888,138,22,0
NODE,0.758893,999,47065.850000,8925107255,95,7,0
NODE,0.758893,999,46897.610000,9361414090,99,78,0
NODE,0.758893,999,46740.720000,8608163794,104,32,0
NODE,0.758893,999,44228.160000,8007256391,140,47,0
NODE,0.758893,999,48189.820000,9916858827,91,40,0
NODE,0.758893,999,48648.200000,9685803549,93,44,0
NODE,0.758893,999,46869.200000,8678106565,113,19,0
NODE,0.758893,999,48756.040000,9753742382,92,43,0
NODE,0.758893,999,46133.650000,7976110114,124,24,0
NODE,0.758893,999,49020.600000,9531633247,88,62,0
NODE,0.758893,999,47025.560000,9187661752,114,15,0
NODE,0.758893,999,47804.460000,9183626947,105,77,0
NODE,0.758893,999,48816.910000,9722797734,96,34,0
NODE,0.758893,999,47767.410000,9544660652,109,20,0
NODE,0.758893,999,44957.800000,8441051840,141,16,0
NODE,0.758893,999,47206.440000,8724047803,118,33,0
NODE,0.758893,999,46083.690000,8457913794,137,66,0
NODE,0.758893,999,48579.480000,10230171608,111,59,0
NODE,0.758893,999,48539.790000,10238442864,112,75,0
NODE,0.758893,999,48938.180000,9770594706,108,35,0
NODE,0.758893,999,47309.960000,8654881430,130,23,0
NODE,0.758893,999,48071.520000,8995187213,123,46,0
NODE,0.758893,999,48213.820000,9487057374,125,8,0
NODE,0.758893,999,43592.160000,7856530411,157,73,0
NODE,0.758893,999,48938.840000,9849724988,116,38,0
NODE,0.758893,999,45071.550000,8024987641,151,26,0
NODE,0.758893,999,48247.860000,8497578640,131,71,0
NODE,0.758893,999,45974.670000,8807457888,148,10,0
NODE,0.758893,999,45968.530000,8694501351,149,14,0
NODE,0.758893,999,47968.180000,9577569880,139,5,0
NODE,0.758893,999,49093.350000,8916481172,128,21,0
NODE,0.758893,999,45658.800000,8007105133,152,74,0
NODE,0.758893,999,51658.770000,10417641471,97,39,0
NODE,0.758893,999,50571.220000,10034826309,110,79,0
NODE,0.758893,999,49634.340000,9327965141,121,65,0
NODE,0.758893,999,48834.230000,9787291973,135,3,0
NODE,0.758893,999,47537.920000,9038267352,146,11,0
NODE,0.758893,999,50195.950000,9971633631,119,76,0
NODE,0.758893,999,45872.550000,8170602536,155,63,0
NODE,0.758893,999,49587.200000,8445894159,133,56,0
NODE,0.758893,999,48153.480000,9499081759,143,42,0
NODE,0.758893,999,52158.720000,9749321324,101,54,0
NODE,0.758893,999,49660.710000,9561771548,136,48,0
NODE,0.758893,999,48923.930000,9194525094,142,25,0
NODE,0.758893,999,48379.640000,9179402752,147,49,0
NODE,0.758893,999,51801.180000,10356613958,117,9,0
NODE,0.758893,999,51636.980000,10087543845,126,57,0
NODE,0.758893,999,49137.710000,9415005293,150,18,0
NODE,0.758893,999,53071.730000,9701625714,127,72,0
NODE,0.758893,999,49544.420000,8933008214,153,67,0
NODE,0.758893,999,53180.990000,9929704742,134,61,0
NODE,0.758893,999,53469.110000,9378624223,132,6,0
NODE,0.758893,999,56804.980000,10990952822,102,64,0
NODE,0.758893,999,53286.500000,9645919748,144,52,0
NODE,0.758893,999,51507.810000,9617444485,156,51,0
NODE,0.758893,999,51325.220000,9483502933,158,50,0
NODE,0.758893,999,53871.780000,10300673692,154,60,0
NODE,0.758893,999,46876.810000,8789702887,159,37,0
NODE,0.758893,999,48353.860000,9132353931,160,53,0
NODE,0.758893,999,42044.780000,8007937713,171,30,0
NODE,0.758893,999,43134.160000,8111251652,170,69,0
NODE,0.758893,999,43645.200000,8276953169,169,2,0
NODE,0.758893,999,45105.060000,8745728405,167,1,0
NODE,0.758893,999,51193.820000,9998695472,161,27,0
NODE,0.758893,999,46434.280000,8888031009,163,28,0
NODE,0.758893,999,48151.660000,8902780170,162,55,0
NODE,0.758893,999,44401.800000,8457359407,180,22,0
NODE,0.758893,999,44014.590000,8737157311,184,47,0
NODE,0.758893,999,46345.910000,8300304199,168,17,0
NODE,0.758893,999,47215.130000,9159518546,164,31,0
NODE,0.758893,999,45983.210000,9451422291,173,12,0
NODE,0.758893,999,46209.920000,9014724422,172,70,0
NODE,0.758893,999,46299.860000,8829205329,178,58,0
NODE,0.758893,999,47911.030000,9813330511,165,13,0
NODE,0.758893,999,42610.630000,7757563685,205,38,0
NODE,0.758893,999,45287.910000,8209895414,189,24,0
NODE,0.758893,999,43321.570000,8190655371,204,73,0
NODE,0.758893,999,45698.150000,7812979366,188,43,0
NODE,0.758893,999,48102.250000,8717948184,175,68,0
NODE,0.758893,999,47988.830000,9386208024,179,4,0
NODE,0.758893,999,49596.560000,9837774491,166,41,0
NODE,0.758893,999,48348.250000,9060735989,177,36,0
NODE,0.758893,999,47946.540000,9172163715,182,78,0
NODE,0.758893,999,47877.610000,9436647391,183,32,0
NODE,0.758893,999,44476.630000,7715283155,207,71,0
NODE,0.758893,999,48601.320000,8895490222,181,7,0
NODE,0.758893,999,46766.990000,8377243670,194,20,0
NODE,0.758893,999,44411.200000,8247650795,208,10,0
NODE,0.758893,999,49289.300000,9561470023,174,45,0
NODE,0.758893,999,46189.080000,8441290987,198,59,0
NODE,0.758893,999,47226.220000,8821994020,195,16,0
NODE,0.758893,999,47475.410000,8584393407,193,34,0
NODE,0.758893,999,48761.050000,8610705364,187,19,0
NODE,0.758893,999,48157.160000,8310686850,196,33,0
NODE,0.758893,999,46243.910000,8553017368,206,26,0
NODE,0.758893,999,45480.470000,7767093537,215,65,0
NODE,0.758893,999,47770.630000,8921520563,199,75,0
NODE,0.758893,999,44747.050000,8141754531,224,25,0
NODE,0.758893,999,46474.980000,9300358414,210,5,0
NODE,0.758893,999,46235.420000,8616392953,212,74,0
NODE,0.758893,999,51519.180000,9980760995,176,29,0
NODE,0.758893,999,49114.130000,8880169084,197,66,0
NODE,0.758893,999,47844.470000,8114165651,203,8,0
NODE,0.758893,999,50324.450000,9083517325,186,44,0
NODE,0.758893,999,47139.130000,8499890770,214,79,0
NODE,0.758893,999,48512.600000,9227871738,202,46,0
NODE,0.758893,999,46652.750000,8138947413,219,63,0
NODE,0.758893,999,47885.620000,8713485699,209,14,0
NODE,0.758893,999,47686.320000,8788975922,216,3,0
NODE,0.758893,999,47481.340000,8541518966,217,11,0
NODE,0.758893,999,46946.020000,8577776289,222,54,0
NODE,0.758893,999,50909.530000,9596863817,192,77,0
NODE,0.758893,999,47639.920000,8848194118,221,42,0
NODE,0.758893,999,52230.440000,9490917072,185,40,0
NODE,0.758893,999,48776.710000,8824995499,213,39,0
NODE,0.758893,999,51963.550000,9453503313,190,62,0
NODE,0.758893,999,52546.280000,9213858320,191,15,0
NODE,0.758893,999,51367.470000,9037968611,200,35,0
NODE,0.758893,999,47954.040000,8737628242,226,9,0
NODE,0.758893,999,50479.670000,9864074051,220,56,0
NODE,0.758893,999,45675.400000,7651755769,234,52,0
NODE,0.758893,999,53371.340000,9884628598,201,23,0
NODE,0.758893,999,48065.740000,8587866479,229,72,0
NODE,0.758893,999,49761.470000,9314137027,227,57,0
NODE,0.758893,999,52503.790000,9868455199,211,21,0
NODE,0.758893,999,52674.380000,9425897075,223,48,0
NODE,0.758893,999,53824.860000,9761325181,218,76,0
NODE,0.758893,999,50102.660000,9314668942,232,6,0
NODE,0.758893,999,52202.060000,9883543832,228,18,0
NODE,0.758893,999,49522.780000,9037946983,233,64,0
NODE,0.758893,999,47092.400000,8684984037,237,60,0
NODE,0.758893,999,48078.460000,8822447674,236,50,0
NODE,0.758893,999,54593.380000,9864323226,225,49,0
NODE,0.758893,999,50160.020000,9392320825,235,51,0
NODE,0.758893,999,53366.900000,9211114504,231,61,0
NODE,0.758893,999,55459.390000,10180782669,230,67,0
NODE,0.758893,999,36781.720000,6424813612,288,14,0
NODE,0.758893,999,46672.250000,7890383829,242,2,0
NODE,0.758893,999,46896.440000,8460922433,243,1,0
NODE,0.758893,999,37845.600000,6577520538,293,42,0
NODE,0.758893,999,39939.700000,6839189662,287,63,0
NODE,0.758893,999,41385.570000,7049687463,277,75,0
NODE,0.758893,999,42831.790000,7688399220,272,34,0
NODE,0.758893,999,41338.550000,7040525073,280,74,0
NODE,0.758893,999,46332.770000,8210961061,253,58,0
NODE,0.758893,999,53918.870000,10646192132,238,37,0
NODE,0.758893,999,40245.140000,7419751862,290,11,0
NODE,0.758893,999,45571.250000,8385976196,258,43,0
NODE,0.758893,999,49264.970000,9269408549,244,27,0
NODE,0.758893,999,42093.460000,7375598923,279,5,0
NODE,0.758893,999,51152.710000,9582214446,241,69,0
NODE,0.758893,999,43066.180000,8126089832,274,33,0
NODE,0.758893,999,51999.890000,10103494451,240,30,0
NODE,0.758893,999,41058.740000,7584045778,289,3,0
NODE,0.758893,999,39033.990000,6253322456,299,9,0
NODE,0.758893,999,53418.670000,10818212733,239,53,0
NODE,0.758893,999,43053.860000,7934709230,278,25,0
NODE,0.758893,999,43722.250000,8093322202,273,19,0
NODE,0.758893,999,45995.830000,8352299846,264,32,0
NODE,0.758893,999,47981.110000,8152588370,256,24,0
NODE,0.758893,999,41420.390000,7727047671,295,39,0
NODE,0.758893,999,47245.150000,9255303054,259,68,0
NODE,0.758893,999,51279.980000,9136646841,245,28,0
NODE,0.758893,999,46153.640000,8636173189,270,59,0
NODE,0.758893,999,44962.870000,7959470914,275,26,0
NODE,0.758893,999,42618.300000,7245074113,291,54,0
NODE,0.758893,999,46744.930000,8837153845,266,7,0
NODE,0.758893,999,42322.750000,7589568018,294,40,0
NODE,0.758893,999,46927.820000,8260540119,269,45,0
NODE,0.758893,999,43956.330000,8309910561,286,46,0
NODE,0.758893,999,50955.800000,8835762848,249,17,0
NODE,0.758893,999,45644.740000,8739796947,276,65,0
NODE,0.758893,999,47408.360000,8603687586,265,71,0
NODE,0.758893,999,43350.270000,7986362912,292,77,0
NODE,0.758893,999,41802.370000,7110482183,297,15,0
NODE,0.758893,999,44335.480000,7747182770,284,44,0
NODE,0.758893,999,47419.370000,8261561102,268,10,0
NODE,0.758893,999,48164.940000,8990766346,262,36,0
NODE,0.758893,999,52250.680000,9506621193,247,22,0
NODE,0.758893,999,47838.550000,9340523502,271,16,0
NODE,0.758893,999,41545.080000,6949574229,300,56,0
NODE,0.758893,999,51173.590000,9070146621,255,38,0
NODE,0.758893,999,46006.940000,9026780661,283,8,0
NODE,0.758893,999,43352.090000,7334335310,298,35,0
NODE,0.758893,999,44172.910000,7190624381,296,62,0
NODE,0.758893,999,52393.910000,9294698366,251,12,0
NODE,0.758893,999,52614.690000,9166957915,250,31,0
NODE,0.758893,999,50137.150000,8790635182,260,4,0
NODE,0.758893,999,47268.950000,8698404200,281,29,0
NODE,0.758893,999,50773.600000,9672100248,261,41,0
NODE,0.758893,999,52166.990000,9215689732,257,73,0
NODE,0.758893,999,54534.680000,9788576163,248,47,0
NODE,0.758893,999,43082.940000,7654563768,303,72,0
NODE,0.758893,999,43450.340000,7393113222,302,23,0
NODE,0.758893,999,53878.120000,9935476050,254,13,0
NODE,0.758893,999,48516.450000,8852050637,282,66,0
NODE,0.758893,999,51784.450000,10598047456,267,20,0
NODE,0.758893,999,56282.610000,10348231217,246,55,0
NODE,0.758893,999,45228.410000,8323518957,301,52,0
NODE,0.758893,999,44865.240000,8107665238,304,57,0
NODE,0.758893,999,56240.540000,9441706100,252,70,0
NODE,0.758893,999,44882.810000,8372494130,305,21,0
NODE,0.758893,999,43530.800000,8117699737,306,48,0
NODE,0.758893,999,41709.980000,7366103366,312,50,0
NODE,0.758893,999,53866.590000,9198316951,263,78,0
NODE,0.758893,999,50401.400000,9368068260,285,79,0
NODE,0.758893,999,43992.980000,8362634419,307,76,0
NODE,0.758893,999,42359.080000,7313839104,314,51,0
NODE,0.758893,999,43965.520000,8144309541,310,64,0
NODE,0.758893,999,44408.930000,7545765299,311,60,0
NODE,0.758893,999,42846.490000,7541027065,315,61,0
NODE,0.758893,999,45975.590000,8675091350,309,18,0
NODE,0.758893,999,45430.050000,8303874305,313,49,0
NODE,0.758893,999,47292.670000,9027660804,308,6,0
NODE,0.758893,999,46406.730000,7629391268,316,67,0
NODE,0.758893,999,41517.070000,7813050673,318,2,0
NODE,0.758893,999,38893.100000,6588951384,325,58,0
NODE,0.758893,999,44107.500000,7951055499,317,14,0
NODE,0.758893,999,40060.950000,7207730161,332,33,0
NODE,0.758893,999,40347.490000,7954389251,337,25,0
NODE,0.758893,999,42184.920000,7475781358,324,74,0
NODE,0.758893,999,39645.200000,7110553057,344,59,0
NODE,0.758893,999,45070.970000,8595145413,319,1,0
NODE,0.758893,999,42264.190000,7967781561,333,30,0
NODE,0.758893,999,40876.060000,8550962742,341,39,0
NODE,0.758893,999,40829.490000,7129697446,345,26,0
NODE,0.758893,999,43450.210000,7683828173,327,11,0
NODE,0.758893,999,42667.130000,7573286425,336,53,0
NODE,0.758893,999,43908.870000,8030620349,326,37,0
NODE,0.758893,999,43948.700000,8083243780,328,43,0
NODE,0.758893,999,41392.020000,7108489136,348,40,0
NODE,0.758893,999,44953.540000,7944644332,323,34,0
NODE,0.758893,999,45130.220000,8606141161,322,75,0
NODE,0.758893,999,41501.900000,7670354017,351,17,0
NODE,0.758893,999,46573.650000,8236168185,320,42,0
NODE,0.758893,999,43052.990000,8838927064,339,32,0
NODE,0.758893,999,43966.960000,9039111127,335,9,0
NODE,0.758893,999,43101.190000,8637296908,340,24,0
NODE,0.758893,999,44948.080000,7918045681,330,5,0
NODE,0.758893,999,42760.870000,7946084714,346,54,0
NODE,0.758893,999,42066.950000,7972694979,355,15,0
NODE,0.758893,999,46249.110000,9029193840,321,63,0
NODE,0.758893,999,45798.970000,8204882154,329,27,0
NODE,0.758893,999,45154.240000,8361976939,334,3,0
NODE,0.758893,999,44950.310000,8710504834,338,19,0
NODE,0.758893,999,43879.960000,7862820628,343,28,0
NODE,0.758893,999,43254.380000,7532677980,356,44,0
NODE,0.758893,999,43722.400000,8095587762,354,77,0
NODE,0.758893,999,44481.010000,7683980676,349,45,0
NODE,0.758893,999,44973.450000,8638007046,347,7,0
NODE,0.758893,999,45968.990000,9285059832,342,68,0
NODE,0.758893,999,47868.870000,9070173843,331,69,0
NODE,0.758893,999,44916.600000,8103792200,358,36,0
NODE,0.758893,999,46197.110000,8285133848,350,46,0
NODE,0.758893,999,44999.800000,7739966508,363,8,0
NODE,0.758893,999,47161.800000,8620669433,353,71,0
NODE,0.758893,999,47175.410000,8682348963,357,10,0
NODE,0.758893,999,42489.000000,7753291939,379,52,0
NODE,0.758893,999,48327.570000,8628063059,352,65,0
NODE,0.758893,999,48220.690000,8659610656,359,22,0
NODE,0.758893,999,47680.940000,8187002661,362,38,0
NODE,0.758893,999,45967.720000,8754905799,375,13,0
NODE,0.758893,999,47024.440000,8729221293,372,47,0
NODE,0.758893,999,48651.060000,9388460194,366,12,0
NODE,0.758893,999,47385.230000,8127880561,371,73,0
NODE,0.758893,999,49132.820000,8949537160,361,56,0
NODE,0.758893,999,49730.170000,9087740038,367,31,0
NODE,0.758893,999,45673.990000,8608232347,384,50,0
NODE,0.758893,999,48241.240000,8947228343,374,23,0
NODE,0.758893,999,49147.170000,9219191014,373,72,0
NODE,0.758893,999,51156.790000,9340910446,365,62,0
NODE,0.758893,999,51295.520000,9399006454,368,4,0
NODE,0.758893,999,47540.210000,8125451943,380,57,0
NODE,0.758893,999,45802.580000,7884082393,388,51,0
NODE,0.758893,999,50011.870000,9690234903,376,66,0
NODE,0.758893,999,47128.610000,8824232309,387,76,0
NODE,0.758893,999,53441.960000,10319548509,360,16,0
NODE,0.758893,999,50069.840000,9288037340,378,55,0
NODE,0.758893,999,52267.070000,10288487875,369,29,0
NODE,0.758893,999,49064.160000,8906196578,381,70,0
NODE,0.758893,999,50784.710000,10424176701,377,20,0
NODE,0.758893,999,49425.250000,9227265680,386,79,0
NODE,0.758893,999,54566.080000,9660128086,364,35,0
NODE,0.758893,999,50429.480000,9209541677,382,21,0
NODE,0.758893,999,48576.450000,8488189920,389,64,0
NODE,0.758893,999,47653.850000,8361430726,392,18,0
NODE,0.758893,999,46801.910000,9020946847,394,6,0
NODE,0.758893,999,48925.720000,9723179107,390,60,0
NODE,0.758893,999,51927.380000,9244234697,385,78,0
NODE,0.758893,999,48801.760000,8454440782,391,61,0
NODE,0.758893,999,55887.670000,10634678957,370,41,0
NODE,0.758893,999,44629.260000,8620661253,395,67,0
NODE,0.758893,999,54387.860000,10945334517,383,48,0
NODE,0.758893,999,50476.670000,9051936485,393,49,0
NODE,0.758893,999,44034.260000,7835481412,398,14,0
NODE,0.758893,999,46792.060000,8888202942,396,2,0
NODE,0.758893,999,44951.520000,8359736106,399,33,0
NODE,0.758893,999,49554.390000,8979132893,397,58,0
NODE,0.758893,999,45802.130000,8505783804,403,1,0
NODE,0.758893,999,46956.470000,9013068705,401,74,0
NODE,0.758893,999,47378.600000,7895288637,400,25,0
NODE,0.758893,999,48513.240000,8624138909,402,59,0
NODE,0.758893,999,47856.620000,8830088155,405,39,0
NODE,0.758893,999,47717.040000,8203676290,407,11,0
NODE,0.758893,999,47339.990000,8767004629,410,43,0
NODE,0.758893,999,48091.240000,8620529445,408,53,0
NODE,0.758893,999,47655.560000,9497999262,412,34,0
NODE,0.758893,999,47019.960000,8549425186,421,15,0
NODE,0.758893,999,42252.200000,7952047752,437,10,0
NODE,0.758893,999,49916.230000,8620448421,406,26,0
NODE,0.758893,999,48834.060000,9613645030,416,32,0
NODE,0.758893,999,48941.860000,9254259101,415,42,0
NODE,0.758893,999,48682.500000,9574819987,420,54,0
NODE,0.758893,999,47524.120000,8362051392,427,44,0
NODE,0.758893,999,49594.910000,9455422985,417,9,0
NODE,0.758893,999,48746.200000,9884112783,425,19,0
NODE,0.758893,999,51260.930000,8895476291,409,37,0
NODE,0.758893,999,49824.540000,9734918931,418,24,0
NODE,0.758893,999,45392.120000,8447688158,435,8,0
NODE,0.758893,999,43156.350000,7682662658,440,22,0
NODE,0.758893,999,47028.160000,8891393191,432,69,0
NODE,0.758893,999,52330.120000,8893857020,404,30,0
NODE,0.758893,999,48091.070000,9466224855,429,45,0
NODE,0.758893,999,47678.670000,9304201332,431,68,0
NODE,0.758893,999,48786.420000,8890750136,430,7,0
NODE,0.758893,999,41233.880000,7701773816,449,23,0
NODE,0.758893,999,52061.590000,9636031267,414,17,0
NODE,0.758893,999,51421.220000,9442206931,422,63,0
NODE,0.758893,999,44543.270000,8047211906,441,38,0
NODE,0.758893,999,43916.420000,8102904176,442,13,0
NODE,0.758893,999,44004.940000,7719245346,443,47,0
NODE,0.758893,999,49249.970000,9151794542,433,36,0
NODE,0.758893,999,46217.520000,8450090943,439,65,0
NODE,0.758893,999,44394.840000,8049117818,445,73,0
NODE,0.758893,999,53895.220000,10018203827,413,75,0
NODE,0.758893,999,49326.340000,9668760238,434,46,0
NODE,0.758893,999,51724.330000,9941925822,428,77,0
NODE,0.758893,999,53803.900000,10124433434,419,5,0
NODE,0.758893,999,45303.410000,8026713340,444,12,0
NODE,0.758893,999,41734.110000,7029094387,456,76,0
NODE,0.758893,999,55247.840000,9745769150,411,40,0
NODE,0.758893,999,53335.930000,10376122406,426,28,0
NODE,0.758893,999,53987.500000,9348570539,423,27,0
NODE,0.758893,999,48638.490000,8694796609,438,52,0
NODE,0.758893,999,46232.180000,8211523841,446,56,0
NODE,0.758893,999,49877.460000,9844275206,436,71,0
NODE,0.758893,999,54593.980000,10213308073,424,3,0
NODE,0.758893,999,44900.260000,7845984697,453,57,0
NODE,0.758893,999,46941.890000,8314131241,448,50,0
NODE,0.758893,999,45873.460000,8179465088,451,62,0
NODE,0.758893,999,47151.620000,8467412721,447,31,0
NODE,0.758893,999,47067.300000,8245592106,452,4,0
NODE,0.758893,999,45407.060000,8394124723,460,70,0
NODE,0.758893,999,47589.970000,9087945766,454,51,0
NODE,0.758893,999,47652.800000,8585046993,455,66,0
NODE,0.758893,999,44100.870000,7565852967,468,60,0
NODE,0.758893,999,45795.530000,7955992181,463,35,0
NODE,0.758893,999,50241.410000,9558044876,450,72,0
NODE,0.758893,999,47168.260000,8431335137,464,21,0
NODE,0.758893,999,46553.340000,7776018581,467,6,0
NODE,0.758893,999,50164.030000,9952090755,457,16,0
NODE,0.758893,999,50141.330000,9273135272,458,55,0
NODE,0.758893,999,50070.330000,9760263900,459,29,0
NODE,0.758893,999,48561.530000,8490156761,465,64,0
NODE,0.758893,999,46970.440000,8336758730,470,61,0
NODE,0.758893,999,47096.430000,8109151296,471,41,0
NODE,0.758893,999,46713.840000,8644015575,472,67,0
NODE,0.758893,999,45967.000000,8198378666,473,48,0
NODE,0.758893,999,49082.700000,8772356414,466,18,0
NODE,0.758893,999,46062.320000,8611062207,474,49,0
NODE,0.758893,999,51278.660000,9316443101,462,79,0
NODE,0.758893,999,49653.090000,8649514295,469,78,0
NODE,0.758893,999,53034.740000,10510345411,461,20,0
NODE,0.758893,999,43946.870000,8352866959,476,2,0
NODE,0.758893,999,45175.470000,8408482664,477,33,0
NODE,0.758893,999,44070.320000,7828604440,481,25,0
NODE,0.758893,999,48794.190000,8972637453,475,14,0
NODE,0.758893,999,45093.120000,8139938293,479,1,0
NODE,0.758893,999,43422.650000,7834136629,482,59,0
NODE,0.758893,999,46538.660000,8377688042,480,74,0
NODE,0.758893,999,44114.820000,8008230767,484,11,0
NODE,0.758893,999,44067.000000,8260876555,488,15,0
NODE,0.758893,999,45564.280000,8370909108,483,39,0
NODE,0.758893,999,44282.240000,7882423661,489,10,0
NODE,0.758893,999,49580.140000,9426368743,478,58,0
NODE,0.758893,999,46518.990000,8916157674,485,43,0
NODE,0.758893,999,41346.300000,7100591960,506,23,0
NODE,0.758893,999,43079.890000,7595468321,503,45,0
NODE,0.758893,999,44233.600000,7418273490,497,37,0
NODE,0.758893,999,42359.090000,7237227600,508,63,0
NODE,0.758893,999,45756.430000,8393223439,491,32,0
NODE,0.758893,999,40940.660000,7121372661,517,77,0
NODE,0.758893,999,46705.580000,8747601959,490,26,0
NODE,0.758893,999,43123.250000,7704015232,509,38,0
NODE,0.758893,999,42903.060000,7651513668,511,47,0
NODE,0.758893,999,44312.340000,8264944603,505,7,0
NODE,0.758893,999,46301.980000,7935657285,495,9,0
NODE,0.758893,999,42711.100000,7479557927,515,75,0
NODE,0.758893,999,44390.020000,7925687971,507,17,0
NODE,0.758893,999,39125.730000,7284713039,531,31,0
NODE,0.758893,999,49482.540000,9191803225,486,53,0
NODE,0.758893,999,46226.240000,8001643118,502,30,0
NODE,0.758893,999,49824.350000,9506813425,487,34,0
NODE,0.758893,999,48143.500000,8860692579,492,42,0
NODE,0.758893,999,47100.640000,8283704817,498,24,0
NODE,0.758893,999,46937.470000,8053662467,500,22,0
NODE,0.758893,999,46598.230000,8149194868,504,68,0
NODE,0.758893,999,43551.640000,7371201057,518,5,0
NODE,0.758893,999,41074.490000,8027783445,530,62,0
NODE,0.758893,999,46153.690000,8318414049,510,13,0
NODE,0.758893,999,48269.850000,7892399545,499,8,0
NODE,0.758893,999,36734.250000,6520182050,539,21,0
NODE,0.758893,999,43439.200000,7597404507,526,71,0
NODE,0.758893,999,44060.990000,7609980392,525,56,0
NODE,0.758893,999,49309.020000,8141930655,496,19,0
NODE,0.758893,999,44520.590000,7669516110,524,52,0
NODE,0.758893,999,46740.400000,8132151091,512,36,0
NODE,0.758893,999,41039.190000,7871176156,532,4,0
NODE,0.758893,999,39729.810000,7613784182,537,35,0
NODE,0.758893,999,46784.060000,8355383119,514,73,0
NODE,0.758893,999,45529.730000,8085080439,522,28,0
NODE,0.758893,999,51194.250000,9165036148,493,54,0
NODE,0.758893,999,45892.340000,8133874723,521,40,0
NODE,0.758893,999,44779.320000,8297408159,527,3,0
NODE,0.758893,999,37781.930000,6507381452,541,16,0
NODE,0.758893,999,46653.640000,8630965640,519,12,0
NODE,0.758893,999,48096.530000,8063577527,513,65,0
NODE,0.758893,999,53171.600000,10160481216,494,44,0
NODE,0.758893,999,52107.910000,8931287537,501,69,0
NODE,0.758893,999,43855.680000,7872189924,533,70,0
NODE,0.758893,999,42565.690000,7733977641,535,66,0
NODE,0.758893,999,47910.760000,8368730426,523,27,0
NODE,0.758893,999,43611.580000,8549122083,536,60,0
NODE,0.758893,999,47283.930000,8669034605,528,57,0
NODE,0.758893,999,42460.170000,7967917767,538,72,0
NODE,0.758893,999,44340.520000,8876091970,534,51,0
NODE,0.758893,999,40832.110000,7148924462,544,64,0
NODE,0.758893,999,47758.880000,8602995739,529,50,0
NODE,0.758893,999,42595.880000,7031480160,540,6,0
NODE,0.758893,999,51254.550000,9496400800,516,46,0
NODE,0.758893,999,41260.200000,7499549928,548,48,0
NODE,0.758893,999,41075.600000,7117306510,550,49,0
NODE,0.758893,999,42323.420000,8285152714,547,67,0
NODE,0.758893,999,52193.870000,9663205445,520,76,0
NODE,0.758893,999,43682.320000,7810521021,542,55,0
NODE,0.758893,999,45362.950000,8765987499,543,29,0
NODE,0.758893,999,44072.610000,7736318431,549,18,0
NODE,0.758893,999,43886.490000,7645090420,552,78,0
NODE,0.758893,999,46877.400000,8240497589,545,61,0
NODE,0.758893,999,45361.780000,7863213248,551,79,0
NODE,0.758893,999,47540.330000,8609743124,546,41,0
NODE,0.758893,999,46263.540000,8300827797,553,20,0
NODE,0.758893,999,40270.980000,7022038289,561,11,0
NODE,0.758893,999,42969.750000,7406116441,556,25,0
NODE,0.758893,999,47566.120000,8550080727,554,2,0
NODE,0.758893,999,42158.840000,6812706418,559,59,0
NODE,0.758893,999,45766.670000,7564275714,555,33,0
NODE,0.758893,999,43013.520000,7567405784,560,74,0
NODE,0.758893,999,43223.320000,8020442593,563,39,0
NODE,0.758893,999,43072.560000,7822123147,564,10,0
NODE,0.758893,999,47441.790000,8797243392,557,14,0
NODE,0.758893,999,38249.340000,7015352386,588,5,0
NODE,0.758893,999,48056.200000,8600968845,558,1,0
NODE,0.758893,999,45578.020000,8115261555,562,15,0
NODE,0.758893,999,44187.350000,7759379688,568,45,0
NODE,0.758893,999,43600.860000,8036377486,574,38,0
NODE,0.758893,999,43369.270000,7700035618,575,47,0
NODE,0.758893,999,41770.590000,7695861986,585,24,0
NODE,0.758893,999,44662.650000,8606299212,570,63,0
NODE,0.758893,999,42876.900000,7408699784,581,53,0
NODE,0.758893,999,45716.220000,8141712244,569,37,0
NODE,0.758893,999,43627.050000,8030082182,582,30,0
NODE,0.758893,999,40479.470000,7093386414,601,28,0
NODE,0.758893,999,45400.330000,8911404128,577,9,0
NODE,0.758893,999,42856.750000,7205327175,591,8,0
NODE,0.758893,999,48510.040000,8771131110,566,43,0
NODE,0.758893,999,42703.980000,7580132978,593,71,0
NODE,0.758893,999,48708.600000,9157443915,565,58,0
NODE,0.758893,999,46915.940000,8498368129,572,77,0
NODE,0.758893,999,47238.010000,9177756272,571,32,0
NODE,0.758893,999,44746.800000,8891810612,586,22,0
NODE,0.758893,999,49080.130000,8700298687,567,23,0
NODE,0.758893,999,48007.160000,8822977301,573,26,0
NODE,0.758893,999,46811.690000,8989866781,579,17,0
NODE,0.758893,999,47188.250000,8678496305,580,31,0
NODE,0.758893,999,44839.050000,8321668235,592,21,0
NODE,0.758893,999,43294.660000,7402311201,602,54,0
NODE,0.758893,999,47746.340000,8548391861,578,75,0
NODE,0.758893,999,47157.950000,8953045999,583,34,0
NODE,0.758893,999,48627.890000,8994209124,576,7,0
NODE,0.758893,999,46243.210000,8583333813,589,62,0
NODE,0.758893,999,45741.030000,7958578247,595,19,0
NODE,0.758893,999,46963.740000,8070159144,590,13,0
NODE,0.758893,999,45411.710000,7959295288,599,35,0
NODE,0.758893,999,48124.640000,9336332044,587,68,0
NODE,0.758893,999,45758.880000,7416412838,600,73,0
NODE,0.758893,999,49372.020000,9130228926,584,42,0
NODE,0.758893,999,47245.240000,8190367445,597,36,0
NODE,0.758893,999,48185.490000,7518622434,594,56,0
NODE,0.758893,999,47069.730000,8807047965,604,3,0
NODE,0.758893,999,47186.520000,8870618565,603,40,0
NODE,0.758893,999,48179.340000,7812097362,596,52,0
NODE,0.758893,999,45743.230000,8870806226,608,44,0
NODE,0.758893,999,48106.720000,8518228129,605,16,0
NODE,0.758893,999,49580.570000,8344941063,598,4,0
NODE,0.758893,999,44808.290000,8349704389,618,50,0
NODE,0.758893,999,47538.570000,8550479370,609,69,0
NODE,0.758893,999,47480.950000,8865555648,610,70,0
NODE,0.758893,999,45349.790000,8076378010,619,6,0
NODE,0.758893,999,46509.440000,8928955935,617,64,0
NODE,0.758893,999,47507.810000,8923199296,616,51,0
NODE,0.758893,999,51095.020000,9566954326,606,12,0
NODE,0.758893,999,48758.710000,8940770704,614,57,0
NODE,0.758893,999,46377.360000,8848929435,624,76,0
NODE,0.758893,999,46980.870000,8110439026,621,48,0
NODE,0.758893,999,52404.890000,9889345326,607,65,0
NODE,0.758893,999,47021.030000,8926261821,625,55,0
NODE,0.758893,999,49991.000000,9257189437,615,72,0
NODE,0.758893,999,51200.170000,9508553569,612,27,0
NODE,0.758893,999,49047.000000,8877312050,620,46,0
NODE,0.758893,999,48076.600000,9278486379,623,67,0
NODE,0.758893,999,52576.900000,10082436123,611,66,0
NODE,0.758893,999,50488.800000,9584395214,622,49,0
NODE,0.758893,999,47057.190000,8053430064,628,78,0
NODE,0.758893,999,49359.020000,9116908194,627,18,0
NODE,0.758893,999,54513.540000,10273680784,613,60,0
NODE,0.758893,999,50167.640000,9124635423,626,29,0
NODE,0.758893,999,50013.950000,8803089027,630,79,0
NODE,0.758893,999,50342.780000,10152522380,631,41,0
NODE,0.758893,999,53056.820000,9558354242,629,61,0
NODE,0.758893,999,51502.810000,9625298155,632,20,0
NODE,0.758893,999,45276.640000,8229574797,633,11,0
NODE,0.758893,999,46603.500000,8215199717,637,33,0
NODE,0.758893,999,47916.460000,8387702736,635,2,0
NODE,0.758893,999,46679.500000,8811386861,638,74,0
NODE,0.758893,999,44287.800000,8033439954,644,15,0
NODE,0.758893,999,43081.580000,8022008590,649,63,0
NODE,0.758893,999,51263.680000,9562208347,634,25,0
NODE,0.758893,999,47602.410000,8436506591,640,10,0
NODE,0.758893,999,45474.910000,8820293162,645,45,0
NODE,0.758893,999,49420.470000,9752543716,639,39,0
NODE,0.758893,999,48343.960000,9121190294,642,5,0
NODE,0.758893,999,49154.690000,8981527085,641,14,0
NODE,0.758893,999,44963.390000,8706029902,651,37,0
NODE,0.758893,999,46408.380000,8774990939,650,53,0
NODE,0.758893,999,45716.480000,8728812805,653,28,0
NODE,0.758893,999,47645.540000,9010934769,646,38,0
NODE,0.758893,999,47518.350000,9503237229,648,24,0
NODE,0.758893,999,45189.560000,8369568138,654,9,0
NODE,0.758893,999,46345.380000,9337584683,652,30,0
NODE,0.758893,999,42916.320000,8759304662,668,75,0
NODE,0.758893,999,55686.580000,10782983942,636,59,0
NODE,0.758893,999,43494.620000,8436328384,666,21,0
NODE,0.758893,999,48235.220000,9624490528,647,47,0
NODE,0.758893,999,45809.070000,8794065884,656,43,0
NODE,0.758893,999,43967.750000,8398182390,667,54,0
NODE,0.758893,999,43179.880000,8745489983,672,19,0
NODE,0.758893,999,46632.260000,9311120389,662,23,0
NODE,0.758893,999,47176.800000,8838728462,660,32,0
NODE,0.758893,999,45099.860000,8795864363,669,34,0
NODE,0.758893,999,46585.100000,10102284549,664,17,0
NODE,0.758893,999,45509.320000,8505729079,670,7,0
NODE,0.758893,999,49169.240000,9124611728,657,71,0
NODE,0.758893,999,47721.970000,9605975426,663,26,0
NODE,0.758893,999,49357.940000,9994293015,655,8,0
NODE,0.758893,999,54100.920000,9885871172,643,1,0
NODE,0.758893,999,49523.970000,10473047969,659,77,0
NODE,0.758893,999,46833.610000,8761530294,671,62,0
NODE,0.758893,999,48188.170000,9244087338,665,31,0
NODE,0.758893,999,50088.790000,10357008483,661,22,0
NODE,0.758893,999,45162.330000,8766836712,681,40,0
NODE,0.758893,999,47848.240000,9602012089,673,13,0
NODE,0.758893,999,44440.640000,8842440142,684,16,0
NODE,0.758893,999,45937.630000,9425540701,680,3,0
NODE,0.758893,999,39183.840000,6835828269,701,67,0
NODE,0.758893,999,52975.530000,10768701772,658,58,0
NODE,0.758893,999,44922.690000,9556307620,686,50,0
NODE,0.758893,999,46875.340000,9253305830,682,52,0
NODE,0.758893,999,49488.330000,9759095794,674,35,0
NODE,0.758893,999,46962.500000,8592015836,683,44,0
NODE,0.758893,999,47882.650000,8713074617,679,56,0
NODE,0.758893,999,48901.830000,9572367017,678,36,0
NODE,0.758893,999,43227.140000,8081512278,693,57,0
NODE,0.758893,999,50877.000000,10357927963,676,73,0
NODE,0.758893,999,51555.370000,10755478840,675,68,0
NODE,0.758893,999,44639.830000,7821956045,696,65,0
NODE,0.758893,999,43305.210000,7446575035,702,66,0
NODE,0.758893,999,39942.830000,7301717083,707,29,0
NODE,0.758893,999,52373.880000,9985701120,677,42,0
NODE,0.758893,999,45247.630000,8378112698,697,55,0
NODE,0.758893,999,49033.860000,9676662473,688,70,0
NODE,0.758893,999,49851.430000,10097435667,685,4,0
NODE,0.758893,999,47308.460000,9174824472,692,12,0
NODE,0.758893,999,45324.920000,7947811104,700,46,0
NODE,0.758893,999,46525.750000,8597940980,695,48,0
NODE,0.758893,999,45469.390000,7834866851,699,27,0
NODE,0.758893,999,45790.460000,8334982776,698,72,0
NODE,0.758893,999,46834.420000,8837340277,694,76,0
NODE,0.758893,999,49629.400000,9083964595,689,6,0
NODE,0.758893,999,43773.930000,8091962561,703,49,0
NODE,0.758893,999,50637.680000,10307050060,687,69,0
NODE,0.758893,999,43701.340000,7866314353,704,78,0
NODE,0.758893,999,42804.270000,7887556646,705,18,0
NODE,0.758893,999,51076.030000,9687193688,690,64,0
NODE,0.758893,999,50601.050000,9412174890,691,51,0
NODE,0.758893,999,42377.650000,7802848093,708,79,0
NODE,0.758893,999,48329.320000,8215618875,706,60,0
NODE,0.758893,999,43779.430000,8077569382,711,20,0
NODE,0.758893,999,44761.910000,8069948377,710,61,0
NODE,0.758893,999,50740.090000,9745012623,709,41,0
NODE,0.758893,999,41298.830000,7420142483,714,2,0
NODE,0.758893,999,38578.190000,6834503213,718,25,0
NODE,0.758893,999,46134.740000,9016013990,712,11,0
NODE,0.758893,999,42950.740000,8147298545,715,74,0
NODE,0.758893,999,45386.640000,7995660652,713,33,0
NODE,0.758893,999,42654.320000,7477386724,717,63,0
NODE,0.758893,999,41824.810000,7621630287,720,45,0
NODE,0.758893,999,44327.270000,8438953470,716,15,0
NODE,0.758893,999,39802.910000,7566738858,733,21,0
NODE,0.758893,999,44135.970000,7860208963,719,10,0
NODE,0.758893,999,45203.920000,8618531395,721,39,0
NODE,0.758893,999,43994.760000,7691423978,728,24,0
NODE,0.758893,999,44115.510000,8328204266,729,9,0
NODE,0.758893,999,46471.080000,9070799141,723,14,0
NODE,0.758893,999,44376.960000,8398069178,732,59,0
NODE,0.758893,999,47190.780000,9403637162,722,5,0
NODE,0.758893,999,45610.810000,8674810973,731,75,0
NODE,0.758893,999,46058.980000,8555065942,727,38,0
NODE,0.758893,999,44379.240000,8731198053,737,19,0
NODE,0.758893,999,46113.520000,8233931923,730,30,0
NODE,0.758893,999,45622.150000,8251780102,735,43,0
NODE,0.758893,999,47770.090000,8303039646,725,53,0
NODE,0.758893,999,46343.130000,8845932124,736,54,0
NODE,0.758893,999,46762.450000,8977256577,734,47,0
NODE,0.758893,999,39909.340000,7394947147,758,52,0
NODE,0.758893,999,48386.390000,8945639520,726,28,0
NODE,0.758893,999,41622.650000,7718393896,753,16,0
NODE,0.758893,999,46127.870000,8736145472,739,32,0
NODE,0.758893,999,44499.860000,8338501468,745,8,0
NODE,0.758893,999,40338.490000,7221771242,760,44,0
NODE,0.758893,999,46066.980000,8183769662,742,7,0
NODE,0.758893,999,44119.380000,8193291900,750,22,0
NODE,0.758893,999,41496.310000,8051157768,759,35,0
NODE,0.758893,999,43460.000000,7821531606,755,67,0
NODE,0.758893,999,46610.750000,8970745904,744,26,0
NODE,0.758893,999,46177.590000,8602268175,748,62,0
NODE,0.758893,999,44076.280000,7918539746,754,3,0
NODE,0.758893,999,47221.640000,8903346660,746,1,0
NODE,0.758893,999,44005.610000,8361175290,756,58,0
NODE,0.758893,999,47908.730000,8402820841,743,71,0
NODE,0.758893,999,50219.050000,9500213953,738,23,0
NODE,0.758893,999,47890.160000,8693299159,749,31,0
NODE,0.758893,999,50842.410000,10026259671,740,34,0
NODE,0.758893,999,55041.260000,10469148776,724,37,0
NODE,0.758893,999,48438.700000,8852435272,751,40,0
NODE,0.758893,999,45748.990000,8918407510,762,36,0
NODE,0.758893,999,48266.050000,8777381564,752,13,0
NODE,0.758893,999,47923.230000,8950466867,757,50,0
NODE,0.758893,999,53438.960000,9765557298,741,17,0
NODE,0.758893,999,48048.600000,9064374112,761,56,0
NODE,0.758893,999,52963.520000,10205517649,747,77,0
NODE,0.758893,999,47474.670000,8803004826,764,73,0
NODE,0.758893,999,43778.090000,8010913598,780,49,0
NODE,0.758893,999,43854.350000,8498983480,782,78,0
NODE,0.758893,999,43575.860000,7516914906,783,18,0
NODE,0.758893,999,45934.150000,9074672534,768,29,0
NODE,0.758893,999,45903.070000,7868488286,777,72,0
NODE,0.758893,999,45878.190000,8620539668,779,6,0
NODE,0.758893,999,45351.690000,8412116961,781,69,0
NODE,0.758893,999,46487.490000,8315163685,776,27,0
NODE,0.758893,999,50700.260000,9438663308,763,57,0
NODE,0.758893,999,47437.070000,8340138503,772,4,0
NODE,0.758893,999,48719.960000,9368138460,766,65,0
NODE,0.758893,999,46970.460000,8598796333,778,76,0
NODE,0.758893,999,48067.500000,9040656016,769,42,0
NODE,0.758893,999,47559.980000,8378057126,775,48,0
NODE,0.758893,999,45099.790000,8150754446,785,51,0
NODE,0.758893,999,50079.850000,9813815950,765,68,0
NODE,0.758893,999,46113.530000,8076348721,784,64,0
NODE,0.758893,999,49159.480000,8937086537,771,70,0
NODE,0.758893,999,46000.350000,8735634238,786,79,0
NODE,0.758893,999,49845.560000,9495839107,774,46,0
NODE,0.758893,999,50960.840000,10130815540,767,66,0
NODE,0.758893,999,50569.610000,9065167118,773,12,0
NODE,0.758893,999,43500.350000,8236753808,787,60,0
NODE,0.758893,999,52998.180000,11018631450,770,55,0
NODE,0.758893,999,45541.610000,8524557124,789,61,0
NODE,0.758893,999,47650.720000,9435670537,788,20,0
NODE,0.758893,999,47469.870000,8310068819,790,41,0
NODE,0.758893,999,44404.000000,8313857105,791,2,0
NODE,0.758893,999,41458.800000,7852939031,796,63,0
NODE,0.758893,999,45706.980000,8098945197,792,25,0
NODE,0.758893,999,46711.470000,8390069961,793,11,0
NODE,0.758893,999,46393.690000,8657637908,795,33,0
NODE,0.758893,999,46585.110000,8515504310,797,45,0
NODE,0.758893,999,45649.860000,7964935041,800,10,0
NODE,0.758893,999,50192.060000,9610254426,794,74,0
NODE,0.758893,999,48517.490000,8387621849,798,15,0
NODE,0.758893,999,44102.490000,7692473226,805,59,0
NODE,0.758893,999,46889.140000,8638581428,801,39,0
NODE,0.758893,999,46267.840000,7933433896,803,9,0
NODE,0.758893,999,45611.390000,7795698440,806,5,0
NODE,0.758893,999,45755.880000,7839668808,807,75,0
NODE,0.758893,999,43709.580000,7772829056,815,52,0
NODE,0.758893,999,43919.030000,8105715587,816,28,0
NODE,0.758893,999,45177.650000,8250776573,814,47,0
NODE,0.758893,999,46037.820000,8012332469,812,53,0
NODE,0.758893,999,52656.880000,9469232027,799,21,0
NODE,0.758893,999,47085.640000,8779060071,809,19,0
NODE,0.758893,999,48653.420000,8979677187,804,14,0
NODE,0.758893,999,47931.520000,8620772686,808,38,0
NODE,0.758893,999,50240.810000,9028543390,802,24,0
NODE,0.758893,999,43416.040000,7513285071,825,26,0
NODE,0.758893,999,47177.260000,8282882911,813,54,0
NODE,0.758893,999,42746.250000,7077210463,830,71,0
NODE,0.758893,999,46446.700000,8308473293,817,16,0
NODE,0.758893,999,42379.580000,7027036896,831,23,0
NODE,0.758893,999,46911.250000,7886330822,818,32,0
NODE,0.758893,999,49379.760000,9259645913,810,30,0
NODE,0.758893,999,46607.680000,8177418370,821,7,0
NODE,0.758893,999,47462.820000,8230686069,819,8,0
NODE,0.758893,999,45286.780000,8325667289,827,3,0
NODE,0.758893,999,50521.530000,9827872603,811,43,0
NODE,0.758893,999,46173.040000,7958299303,826,62,0
NODE,0.758893,999,48314.230000,8545818603,820,44,0
NODE,0.758893,999,46587.890000,8141759722,824,67,0
NODE,0.758893,999,45532.210000,7650913016,829,58,0
NODE,0.758893,999,47752.050000,8533280606,823,35,0
NODE,0.758893,999,48563.250000,8351888179,822,22,0
NODE,0.758893,999,40860.750000,7943243334,846,29,0
NODE,0.758893,999,46087.020000,7984775327,832,31,0
NODE,0.758893,999,41781.220000,8303847954,845,18,0
NODE,0.758893,999,45246.320000,7854531715,837,13,0
NODE,0.758893,999,42646.980000,7704855179,841,77,0
NODE,0.758893,999,46820.230000,8374639650,833,34,0
NODE,0.758893,999,45713.680000,8312585639,835,40,0
NODE,0.758893,999,47234.020000,9383911436,834,37,0
NODE,0.758893,999,49891.240000,8868522710,828,1,0
NODE,0.758893,999,47296.690000,8821650938,836,36,0
NODE,0.758893,999,45888.590000,8210528432,839,17,0
NODE,0.758893,999,46157.050000,7979762163,840,56,0
NODE,0.758893,999,43259.910000,7654997277,852,4,0
NODE,0.758893,999,47405.620000,8461166521,838,50,0
NODE,0.758893,999,46126.920000,8925872914,843,49,0
NODE,0.758893,999,44879.800000,8244484490,857,51,0
NODE,0.758893,999,47930.360000,9508512687,842,73,0
NODE,0.758893,999,46705.130000,8517959047,847,72,0
NODE,0.758893,999,44415.590000,7312852731,860,70,0
NODE,0.758893,999,45780.270000,8216912940,859,64,0
NODE,0.758893,999,49550.620000,8817001466,844,78,0
NODE,0.758893,999,47450.360000,8716406535,854,76,0
NODE,0.758893,999,40965.510000,7297309095,867,61,0
NODE,0.758893,999,48120.030000,8757722621,853,65,0
NODE,0.758893,999,48978.870000,9672230163,849,69,0
NODE,0.758893,999,45781.000000,8585524924,864,12,0
NODE,0.758893,999,49853.290000,9169076672,850,27,0
NODE,0.758893,999,45912.060000,8933980909,865,60,0
NODE,0.758893,999,46755.730000,8170263928,862,46,0
NODE,0.758893,999,44203.980000,8018787104,866,55,0
NODE,0.758893,999,49015.380000,8871459401,858,68,0
NODE,0.758893,999,51189.250000,9975192086,848,6,0
NODE,0.758893,999,50986.230000,9469001757,855,42,0
NODE,0.758893,999,51231.330000,8822602993,856,48,0
NODE,0.758893,999,52281.750000,9502608839,851,57,0
NODE,0.758893,999,49619.160000,9042398031,863,66,0
NODE,0.758893,999,50906.590000,9452278012,861,79,0
NODE,0.758893,999,46321.530000,8784842793,868,20,0
NODE,0.758893,999,44260.690000,8364326468,869,41,0
NODE,0.758893,999,40133.030000,7957635528,870,2,0
NODE,0.758893,999,41992.710000,8523131803,871,63,0
NODE,0.758893,999,38787.070000,6940528754,875,45,0
NODE,0.758893,999,43388.850000,7986812298,873,11,0
NODE,0.758893,999,43845.850000,8027692948,874,33,0
NODE,0.758893,999,40880.250000,7671525831,877,74,0
NODE,0.758893,999,42389.000000,7915951184,876,10,0
NODE,0.758893,999,41347.280000,7816941065,878,15,0
NODE,0.758893,999,39303.180000,6497519034,883,75,0
NODE,0.758893,999,41337.370000,7717608906,881,9,0
NODE,0.758893,999,38809.170000,6470970412,887,53,0
NODE,0.758893,999,41339.200000,7539316284,882,5,0
NODE,0.758893,999,51941.660000,10328993941,872,25,0
NODE,0.758893,999,41116.010000,8075075386,885,28,0
NODE,0.758893,999,40377.170000,7296705085,888,21,0
NODE,0.758893,999,44947.010000,7982572514,879,59,0
NODE,0.758893,999,44690.580000,8470060582,880,39,0
NODE,0.758893,999,44071.680000,8423121736,884,52,0
NODE,0.758893,999,42461.700000,7536882083,890,14,0
NODE,0.758893,999,39741.510000,7210362202,902,3,0
NODE,0.758893,999,41910.780000,7219387359,893,26,0
NODE,0.758893,999,43838.540000,8095541955,886,47,0
NODE,0.758893,999,41787.250000,7915943580,895,71,0
NODE,0.758893,999,38962.010000,7111944599,908,35,0
NODE,0.758893,999,45005.810000,8007536179,889,19,0
NODE,0.758893,999,41541.290000,7371268375,906,67,0
NODE,0.758893,999,38926.970000,7702493378,918,1,0
NODE,0.758893,999,46501.240000,8459063621,891,38,0
NODE,0.758893,999,40613.520000,6956153047,912,18,0
NODE,0.758893,999,44474.800000,8735621194,900,7,0
NODE,0.758893,999,46275.810000,8113008197,894,54,0
NODE,0.758893,999,47258.230000,8086359343,892,24,0
NODE,0.758893,999,45929.590000,8205856843,899,30,0
NODE,0.758893,999,46739.770000,9483097740,896,16,0
NODE,0.758893,999,44772.070000,8596627998,903,43,0
NODE,0.758893,999,45471.380000,9183260913,901,8,0
NODE,0.758893,999,44622.840000,8240274633,904,62,0
NODE,0.758893,999,41629.520000,7210707684,913,13,0
NODE,0.758893,999,43627.010000,7857341815,909,22,0
NODE,0.758893,999,41965.090000,8071794569,916,40,0
NODE,0.758893,999,46959.430000,8536020669,898,32,0
NODE,0.758893,999,45445.390000,7749949154,905,44,0
NODE,0.758893,999,48250.210000,8601621011,897,23,0
NODE,0.758893,999,44042.190000,7450048481,911,31,0
NODE,0.758893,999,41222.940000,7253708435,919,36,0
NODE,0.758893,999,42895.860000,8143032394,917,37,0
NODE,0.758893,999,41702.720000,7538643676,921,56,0
NODE,0.758893,999,41747.570000,7495174064,923,50,0
NODE,0.758893,999,43388.100000,7528821164,920,17,0
NODE,0.758893,999,46167.220000,8235607630,915,34,0
NODE,0.758893,999,46932.410000,8678429573,914,77,0
NODE,0.758893,999,43261.400000,7887240163,924,49,0
NODE,0.758893,999,48536.280000,8803587900,910,29,0
NODE,0.758893,999,50028.070000,9026234854,907,58,0
NODE,0.758893,999,40328.110000,7437969826,930,78,0
NODE,0.758893,999,40542.020000,7894026727,934,69,0
NODE,0.758893,999,42993.900000,7791544143,928,70,0
NODE,0.758893,999,41018.950000,7368344900,932,61,0
NODE,0.758893,999,41641.660000,7266626544,931,76,0
NODE,0.758893,999,42592.740000,7788085788,929,64,0
NODE,0.758893,999,44402.800000,7879143738,926,73,0
NODE,0.758893,999,46786.980000,8754748439,922,4,0
NODE,0.758893,999,45835.770000,8518121484,925,51,0
NODE,0.758893,999,46027.650000,8299090023,927,72,0
NODE,0.758893,999,40827.550000,7630520372,944,57,0
NODE,0.758893,999,45073.540000,8092378325,933,65,0
NODE,0.758893,999,43971.170000,8363899558,941,6,0
NODE,0.758893,999,45331.560000,8717809948,936,27,0
NODE,0.758893,999,45079.810000,8256517155,939,55,0
NODE,0.758893,999,46117.000000,8875611760,937,60,0
NODE,0.758893,999,47325.990000,8938308460,935,12,0
NODE,0.758893,999,46845.350000,8737011606,940,68,0
NODE,0.758893,999,48306.440000,9358898698,938,46,0
NODE,0.758893,999,46861.610000,8651188794,943,48,0
NODE,0.758893,999,47171.910000,8700795488,945,66,0
NODE,0.758893,999,48448.720000,9202116211,942,42,0
NODE,0.758893,999,47744.510000,9402464685,946,79,0
NODE,0.758893,999,46003.180000,8802275354,947,20,0
NODE,0.758893,999,43275.520000,8492743289,949,2,0
NODE,0.758893,999,44092.210000,9209529155,948,41,0
NODE,0.758893,999,39690.730000,7596585798,953,33,0
NODE,0.758893,999,39239.640000,7177641225,956,15,0
NODE,0.758893,999,44597.890000,8908384514,951,45,0
NODE,0.758893,999,39712.040000,6822240554,957,75,0
NODE,0.758893,999,45411.140000,9456306224,952,11,0
NODE,0.758893,999,42728.960000,7896954095,955,10,0
NODE,0.758893,999,44293.320000,8411872995,954,74,0
NODE,0.758893,999,50146.330000,9858060510,950,63,0
NODE,0.758893,999,41348.050000,7165398259,961,25,0
NODE,0.758893,999,37653.510000,6353594977,969,26,0
NODE,0.758893,999,42182.210000,7973244576,960,5,0
NODE,0.758893,999,42477.150000,7764861029,958,9,0
NODE,0.758893,999,41421.880000,7233777749,962,28,0
NODE,0.758893,999,41420.840000,7206787076,963,21,0
NODE,0.758893,999,43234.590000,7642859184,959,53,0
NODE,0.758893,999,41896.450000,7344788256,964,59,0
NODE,0.758893,999,40413.120000,7335725742,967,14,0
NODE,0.758893,999,42485.750000,7516875788,965,39,0
NODE,0.758893,999,41539.060000,7868827524,968,3,0
NODE,0.758893,999,41435.140000,7025706729,971,71,0
NODE,0.758893,999,41663.540000,7330853462,970,47,0
NODE,0.758893,999,38014.170000,6700067562,979,54,0
NODE,0.758893,999,43146.010000,7874458593,966,52,0
NODE,0.758893,999,38417.860000,6539853414,980,24,0
NODE,0.758893,999,38290.050000,6735485667,983,43,0
NODE,0.758893,999,39772.870000,7189879097,977,18,0
NODE,0.758893,999,43797.470000,7344644780,972,35,0
NODE,0.758893,999,38774.180000,6997219258,990,44,0
NODE,0.758893,999,41166.960000,7215113281,975,1,0
NODE,0.758893,999,38826.960000,6556644964,991,23,0
NODE,0.758893,999,41863.890000,7145587988,976,38,0
NODE,0.758893,999,43567.980000,7738634889,974,67,0
NODE,0.758893,999,44415.570000,7354845044,973,19,0
NODE,0.758893,999,40460.270000,7067671874,988,40,0
NODE,0.758893,999,41357.960000,7580581911,985,62,0
NODE,0.758893,999,41977.200000,7457509045,984,8,0
NODE,0.758893,999,42640.600000,7833181496,982,16,0
NODE,0.758893,999,43151.700000,7791001842,981,30,0
NODE,0.758893,999,44345.080000,8168897583,978,7,0
NODE,0.758893,999,42645.270000,7918010968,989,32,0
NODE,0.758893,999,41438.320000,7133941064,994,37,0
NODE,0.758893,999,37774.600000,6694953618,1002,58,0
NODE,0.758893,999,41967.230000,7777627957,993,36,0
NODE,0.758893,999,40856.380000,7348914020,996,50,0
NODE,0.758893,999,44393.520000,8241737477,986,13,0
NODE,0.758893,999,44457.640000,8234984625,987,22,0
NODE,0.758893,999,39650.850000,6832538524,1001,29,0
NODE,0.758893,999,42868.180000,7893976057,995,56,0
NODE,0.758893,999,45296.910000,8642053936,992,31,0
