NODE,0.758893,999,35431.750000,7039780203,8192,91,0
NODE,0.758893,999,36890.460000,6426681330,8194,95,0
NODE,0.758893,999,37509.870000,7025381744,8191,229,0
NODE,0.758893,999,37589.420000,7683663491,8224,220,0
NODE,0.758893,999,37718.010000,7180125869,8138,138,0
NODE,0.758893,999,37859.850000,7178108581,8120,123,0
NODE,0.758893,999,37932.150000,6829946930,8147,150,0
NODE,0.758893,999,38128.800000,6915739407,8205,110,0
NODE,0.758893,999,38437.530000,7276693596,8222,217,0
NODE,0.758893,999,38751.550000,7199465328,8230,227,0
NODE,0.758893,999,38768.120000,7280299278,8206,109,0
NODE,0.758893,999,38926.660000,7349703225,8132,131,0
NODE,0.758893,999,38985.090000,7272331268,8137,137,0
NODE,0.758893,999,39033.250000,6729905486,8200,96,0
NODE,0.758893,999,39044.940000,7609486721,8121,130,0
NODE,0.758893,999,39105.070000,7529670471,8126,126,0
NODE,0.758893,999,39452.550000,7701135595,8175,111,0
NODE,0.758893,999,39472.760000,7278006869,8148,151,0
NODE,0.758893,999,39486.650000,7257451667,8195,237,0
NODE,0.758893,999,39577.580000,7506759702,8228,225,0
NODE,0.758893,999,39623.130000,7732736239,8082,68,0
NODE,0.758893,999,39644.330000,7183636072,8216,117,0
NODE,0.758893,999,39783.140000,7642796313,8142,144,0
NODE,0.758893,999,39936.380000,7627300642,8214,206,0
NODE,0.758893,999,39997.570000,7789608627,8140,141,0
NODE,0.758893,999,40073.570000,7324149705,8145,148,0
NODE,0.758893,999,40121.200000,7691226320,8196,87,0
NODE,0.758893,999,40131.270000,8149457747,8150,149,0
NODE,0.758893,999,40139.390000,7726256995,8143,147,0
NODE,0.758893,999,40178.410000,7241146712,8084,198,0
NODE,0.758893,999,40238.000000,7468537620,8048,44,0
NODE,0.758893,999,40289.060000,6887220441,8001,2,0
NODE,0.758893,999,40316.470000,7691139945,8219,209,0
NODE,0.758893,999,40337.660000,7651508046,8177,115,0
NODE,0.758893,999,40351.610000,7358593469,8237,230,0
NODE,0.758893,999,40391.940000,8142437631,8075,194,0
NODE,0.758893,999,40414.430000,8454872112,8184,215,0
NODE,0.758893,999,40471.900000,7573276419,8081,64,0
NODE,0.758893,999,40472.390000,7385046106,8199,238,0
NODE,0.758893,999,40540.660000,7850420559,8169,99,0
NODE,0.758893,999,40607.550000,7509213725,8117,199,0
NODE,0.758893,999,40759.010000,7736604732,8201,100,0
NODE,0.758893,999,40835.000000,7609849667,8110,188,0
NODE,0.758893,999,41003.500000,8118710006,8189,223,0
NODE,0.758893,999,41049.690000,7766313675,8122,132,0
NODE,0.758893,999,41121.860000,8071741630,8227,222,0
NODE,0.758893,999,41149.750000,7980307883,8152,153,0
NODE,0.758893,999,41226.600000,7685634480,8215,203,0
NODE,0.758893,999,41304.220000,7549745406,8236,236,0
NODE,0.758893,999,41310.760000,7509849059,8115,195,0
NODE,0.758893,999,41320.140000,8346925456,8231,228,0
NODE,0.758893,999,41329.810000,7694862350,8042,67,0
NODE,0.758893,999,41352.620000,7848744980,8203,105,0
NODE,0.758893,999,41453.360000,7317938353,8170,101,0
NODE,0.758893,999,41511.290000,8028487129,8232,234,0
NODE,0.758893,999,41517.010000,7894984359,8176,112,0
NODE,0.758893,999,41545.600000,8552398665,8123,140,0
NODE,0.758893,999,41616.000000,8259404653,8180,116,0
NODE,0.758893,999,41629.030000,8236966079,8197,94,0
NODE,0.758893,999,41682.570000,8025248414,8144,145,0
NODE,0.758893,999,41688.110000,7903961357,8146,146,0
NODE,0.758893,999,41800.220000,7340357629,8017,18,0
NODE,0.758893,999,41818.950000,7410343268,8018,19,0
NODE,0.758893,999,41843.810000,7537437783,8202,98,0
NODE,0.758893,999,41912.120000,7940853068,8217,205,0
NODE,0.758893,999,41944.480000,7995738320,8204,103,0
NODE,0.758893,999,42022.870000,7846699480,8225,221,0
NODE,0.758893,999,42089.140000,8016757818,8235,239,0
NODE,0.758893,999,42107.020000,7945851382,8131,128,0
NODE,0.758893,999,42113.750000,7860061292,8054,50,0
NODE,0.758893,999,42145.500000,7857819759,8198,97,0
NODE,0.758893,999,42221.830000,7583244095,8168,93,0
NODE,0.758893,999,42233.030000,7663319329,8047,42,0
NODE,0.758893,999,42285.380000,7825423961,8125,122,0
NODE,0.758893,999,42335.180000,8189743614,8212,200,0
NODE,0.758893,999,42348.950000,8455257379,8157,158,0
NODE,0.758893,999,42357.900000,8105507799,8124,120,0
NODE,0.758893,999,42426.910000,7959600630,8114,196,0
NODE,0.758893,999,42438.160000,8029937499,8050,45,0
NODE,0.758893,999,42452.840000,8186650004,8069,180,0
NODE,0.758893,999,42501.290000,8701082283,8190,81,0
NODE,0.758893,999,42547.160000,8046636358,8213,204,0
NODE,0.758893,999,42570.880000,8542468647,8186,216,0
NODE,0.758893,999,42642.880000,7942030715,8135,136,0
NODE,0.758893,999,42671.910000,8138111955,8183,212,0
NODE,0.758893,999,42670.230000,8310597220,8211,118,0
NODE,0.758893,999,42688.750000,7845501477,8032,33,0
NODE,0.758893,999,42697.320000,7980044847,8229,233,0
NODE,0.758893,999,42784.060000,8088407056,8064,179,0
NODE,0.758893,999,42824.210000,8383476562,8178,108,0
NODE,0.758893,999,42839.490000,7405953597,8023,24,0
NODE,0.758893,999,42850.060000,7505803845,8088,161,0
NODE,0.758893,999,42866.190000,8554405223,8173,106,0
NODE,0.758893,999,42867.260000,8173735015,8153,155,0
NODE,0.758893,999,42953.080000,7561260300,8076,186,0
NODE,0.758893,999,42963.980000,8102715807,8089,72,0
NODE,0.758893,999,42966.120000,8706546446,8141,143,0
NODE,0.758893,999,42981.410000,8124122500,8218,207,0
NODE,0.758893,999,43057.040000,7677738121,8000,1,0
NODE,0.758893,999,43120.120000,7758840311,8002,3,0
NODE,0.758893,999,43157.980000,8769793924,8226,224,0
NODE,0.758893,999,43204.410000,8385128002,8111,184,0
NODE,0.758893,999,43204.170000,8322287129,8166,89,0
NODE,0.758893,999,43230.430000,8296486973,8037,38,0
NODE,0.758893,999,43233.500000,8049154990,8128,125,0
NODE,0.758893,999,43300.600000,7941298142,8077,61,0
NODE,0.758893,999,43301.400000,8364696963,8164,88,0
NODE,0.758893,999,43346.160000,8311089462,8015,16,0
NODE,0.758893,999,43347.590000,7569449257,8013,14,0
NODE,0.758893,999,43368.110000,7959838327,8109,183,0
NODE,0.758893,999,43375.880000,9186376184,8223,219,0
NODE,0.758893,999,43419.420000,8568377100,8066,56,0
NODE,0.758893,999,43477.330000,8664624285,8070,60,0
NODE,0.758893,999,43500.770000,8358728965,8059,165,0
NODE,0.758893,999,43549.020000,8129965354,8171,104,0
NODE,0.758893,999,43555.510000,8253095254,8024,25,0
NODE,0.758893,999,43573.970000,8756563375,8163,86,0
NODE,0.758893,999,43598.090000,8152705629,8055,51,0
NODE,0.758893,999,43604.520000,8571983697,8127,124,0
NODE,0.758893,999,43628.700000,8412360093,8022,23,0
NODE,0.758893,999,43656.880000,8481000921,8035,36,0
NODE,0.758893,999,43690.020000,8603465445,8151,154,0
NODE,0.758893,999,43706.950000,8129526168,8193,232,0
NODE,0.758893,999,43718.750000,8075103487,8016,17,0
NODE,0.758893,999,43821.700000,8480610271,8162,84,0
NODE,0.758893,999,43866.600000,8736418240,8174,107,0
NODE,0.758893,999,43869.780000,8994701074,8210,202,0
NODE,0.758893,999,43875.290000,8898122710,8207,201,0
NODE,0.758893,999,43894.710000,8026046906,8238,231,0
NODE,0.758893,999,43944.230000,8336553491,8079,197,0
NODE,0.758893,999,43946.500000,7788312810,8080,63,0
NODE,0.758893,999,43964.540000,8309922334,8034,35,0
NODE,0.758893,999,44005.830000,8388526537,8060,54,0
NODE,0.758893,999,44048.860000,8561847905,8130,127,0
NODE,0.758893,999,44065.600000,8042202686,8014,15,0
NODE,0.758893,999,44086.540000,8853700617,8044,40,0
NODE,0.758893,999,44148.560000,8283423200,8129,129,0
NODE,0.758893,999,44157.480000,8993308924,8136,139,0
NODE,0.758893,999,44161.910000,8044149913,8086,74,0
NODE,0.758893,999,44182.010000,8286633438,8071,59,0
NODE,0.758893,999,44192.870000,8471234560,8233,235,0
NODE,0.758893,999,44215.050000,8278225728,8165,90,0
NODE,0.758893,999,44434.760000,8236559317,8161,85,0
NODE,0.758893,999,44430.970000,8235738896,8087,73,0
NODE,0.758893,999,44483.230000,9121974184,8067,170,0
NODE,0.758893,999,44534.330000,8771934356,8139,142,0
NODE,0.758893,999,44554.450000,8631824323,8045,41,0
NODE,0.758893,999,44560.110000,8956485919,8209,114,0
NODE,0.758893,999,44594.520000,7767050157,8091,75,0
NODE,0.758893,999,44677.640000,8022487384,8083,66,0
NODE,0.758893,999,44709.080000,9195697877,8188,82,0
NODE,0.758893,999,44708.730000,8816083440,8133,133,0
NODE,0.758893,999,44761.220000,8414487595,8149,152,0
NODE,0.758893,999,44761.900000,8591265497,8158,134,0
NODE,0.758893,999,44773.470000,7867641831,8011,12,0
NODE,0.758893,999,44779.910000,9205063800,8156,157,0
NODE,0.758893,999,44792.940000,7822314639,8012,13,0
NODE,0.758893,999,44791.540000,9023180064,8187,226,0
NODE,0.758893,999,44896.320000,8075153946,8029,30,0
NODE,0.758893,999,44923.550000,8902829786,8046,43,0
NODE,0.758893,999,44927.680000,8868996543,8074,189,0
NODE,0.758893,999,44980.700000,8556583038,8097,164,0
NODE,0.758893,999,44987.980000,8028571371,8113,192,0
NODE,0.758893,999,45010.130000,8926033347,8061,52,0
NODE,0.758893,999,45028.650000,8493391023,8049,46,0
NODE,0.758893,999,45071.170000,8256487674,8116,190,0
NODE,0.758893,999,45108.310000,8423365528,8025,26,0
NODE,0.758893,999,45103.150000,8355123157,8062,55,0
NODE,0.758893,999,45148.550000,8664060571,8033,34,0
NODE,0.758893,999,45172.360000,8849061823,8036,37,0
NODE,0.758893,999,45265.810000,8459901328,8179,208,0
NODE,0.758893,999,45270.360000,8492370288,8007,8,0
NODE,0.758893,999,45303.000000,8718588013,8167,92,0
NODE,0.758893,999,45303.050000,8315804030,8118,187,0
NODE,0.758893,999,45316.360000,8576353979,8099,171,0
NODE,0.758893,999,45327.020000,9179805867,8182,214,0
NODE,0.758893,999,45352.180000,8032837069,8098,172,0
NODE,0.758893,999,45348.990000,8296411401,8159,80,0
NODE,0.758893,999,45391.920000,8714791181,8085,69,0
NODE,0.758893,999,45435.360000,9513000546,8185,218,0
NODE,0.758893,999,45452.320000,8596844809,8095,168,0
NODE,0.758893,999,45488.810000,9293759090,8134,135,0
NODE,0.758893,999,45602.340000,8953580790,8155,156,0
NODE,0.758893,999,45694.040000,9108723423,8208,113,0
NODE,0.758893,999,45716.020000,8358720620,8090,160,0
NODE,0.758893,999,45731.460000,8896519924,8100,166,0
NODE,0.758893,999,45790.780000,9077097727,8058,53,0
NODE,0.758893,999,45867.760000,9252449481,8052,48,0
NODE,0.758893,999,45960.570000,8501335247,8043,77,0
NODE,0.758893,999,45991.790000,9968735757,8119,121,0
NODE,0.758893,999,46020.270000,8675601856,8078,62,0
NODE,0.758893,999,46033.480000,8460785223,8008,9,0
NODE,0.758893,999,46076.580000,9549227500,8220,213,0
NODE,0.758893,999,46090.790000,9297084110,8154,159,0
NODE,0.758893,999,46156.260000,7845133322,8004,5,0
NODE,0.758893,999,46261.840000,8487361175,8009,10,0
NODE,0.758893,999,46296.020000,9432698836,8112,182,0
NODE,0.758893,999,46302.310000,9122205655,8053,193,0
NODE,0.758893,999,46329.000000,8775570076,8065,167,0
NODE,0.758893,999,46326.890000,8195482205,8031,32,0
NODE,0.758893,999,46424.110000,8435755878,8096,79,0
NODE,0.758893,999,46583.210000,8335892890,8021,22,0
NODE,0.758893,999,46590.630000,9163651234,8103,49,0
NODE,0.758893,999,46602.800000,8341943829,8028,29,0
NODE,0.758893,999,46790.060000,9614152770,8041,71,0
NODE,0.758893,999,46794.640000,8817428238,8092,76,0
NODE,0.758893,999,46908.410000,8329450514,8030,31,0
NODE,0.758893,999,46939.590000,8358688137,8006,7,0
NODE,0.758893,999,47027.530000,10121865075,8181,211,0
NODE,0.758893,999,47105.170000,9663938340,8102,173,0
NODE,0.758893,999,47221.550000,9203668343,8221,210,0
NODE,0.758893,999,47225.240000,8213606120,8020,21,0
NODE,0.758893,999,47303.990000,9010818316,8106,176,0
NODE,0.758893,999,47481.170000,8879447346,8172,102,0
NODE,0.758893,999,47522.530000,8860367668,8104,175,0
NODE,0.758893,999,47596.690000,8799493892,8019,20,0
NODE,0.758893,999,47667.180000,8300540576,8093,78,0
NODE,0.758893,999,47671.190000,9019419181,8051,47,0
NODE,0.758893,999,47771.810000,9135431346,8003,4,0
NODE,0.758893,999,47832.940000,9908146239,8063,57,0
NODE,0.758893,999,47963.290000,9084443527,8234,119,0
NODE,0.758893,999,48118.710000,8842330701,8073,191,0
NODE,0.758893,999,48180.730000,9653153298,8039,65,0
NODE,0.758893,999,48474.530000,9067948442,8027,28,0
NODE,0.758893,999,48483.600000,9687817616,8038,39,0
NODE,0.758893,999,48759.650000,9293378828,8072,58,0
NODE,0.758893,999,48802.480000,9816125204,8160,83,0
NODE,0.758893,999,49005.250000,9528411123,8026,27,0
NODE,0.758893,999,49208.400000,8997459882,8094,169,0
NODE,0.758893,999,49260.130000,9794187672,8107,178,0
NODE,0.758893,999,49331.040000,10611032299,8057,163,0
NODE,0.758893,999,49411.280000,8770943103,8005,6,0
NODE,0.758893,999,49420.030000,9504627262,8056,162,0
NODE,0.758893,999,49522.470000,9803081525,8108,181,0
NODE,0.758893,999,49629.460000,9774476735,8068,185,0
NODE,0.758893,999,49634.890000,9202979419,8101,174,0
NODE,0.758893,999,49704.580000,10228855342,8040,70,0
NODE,0.758893,999,49989.530000,8385504308,8010,11,0
NODE,0.758893,999,53111.700000,10912625978,8105,177,0
NODE,0.758893,999,40602.790000,6836275731,8240,95,0
NODE,0.758893,999,38670.790000,6585158259,8253,130,0
NODE,0.758893,999,43173.740000,7980261163,8239,91,0
NODE,0.758893,999,41678.460000,7295388830,8241,229,0
NODE,0.758893,999,36102.460000,6490941501,8347,14,0
NODE,0.758893,999,41777.810000,7469572672,8243,138,0
NODE,0.758893,999,35956.390000,6984190931,8357,124,0
NODE,0.758893,999,40119.940000,7350727094,8255,111,0
NODE,0.758893,999,38749.000000,6841148605,8285,153,0
NODE,0.758893,999,38598.120000,6638524327,8290,67,0
NODE,0.758893,999,40402.140000,7054220937,8258,225,0
NODE,0.758893,999,38883.520000,7205109861,8286,203,0
NODE,0.758893,999,35592.530000,6539180347,8388,66,0
NODE,0.758893,999,39011.870000,6912953894,8293,234,0
NODE,0.758893,999,40268.040000,7698647512,8271,209,0
NODE,0.758893,999,42996.030000,7789530651,8242,220,0
NODE,0.758893,999,39837.530000,7672599321,8280,100,0
NODE,0.758893,999,42756.080000,7328445005,8244,123,0
NODE,0.758893,999,39828.000000,7993990818,8281,188,0
NODE,0.758893,999,39668.750000,7268007829,8282,223,0
NODE,0.758893,999,40124.050000,7215327552,8279,199,0
NODE,0.758893,999,42965.520000,7104794876,8246,110,0
NODE,0.758893,999,39518.490000,7521228663,8299,146,0
NODE,0.758893,999,40930.670000,8366955925,8270,2,0
NODE,0.758893,999,41760.170000,7733897139,8257,237,0
NODE,0.758893,999,40014.850000,7369486112,8288,195,0
NODE,0.758893,999,39602.880000,7353986170,8301,19,0
NODE,0.758893,999,37599.100000,6362778769,8366,201,0
NODE,0.758893,999,40606.690000,7377271280,8283,132,0
NODE,0.758893,999,37833.740000,6391358861,8365,202,0
NODE,0.758893,999,41631.540000,8087864410,8264,148,0
NODE,0.758893,999,43110.920000,7130203152,8249,109,0
NODE,0.758893,999,41377.570000,7738436001,8278,99,0
NODE,0.758893,999,37115.570000,6758181674,8401,192,0
NODE,0.758893,999,42088.990000,8266442019,8266,149,0
NODE,0.758893,999,39138.720000,6663589733,8338,3,0
NODE,0.758893,999,38781.430000,6295112453,8355,86,0
NODE,0.758893,999,39950.120000,6927390333,8318,180,0
NODE,0.758893,999,41246.670000,7725602309,8287,236,0
NODE,0.758893,999,42780.890000,8525252936,8261,144,0
NODE,0.758893,999,42367.870000,7971810009,8273,230,0
NODE,0.758893,999,42557.680000,8249269442,8269,44,0
NODE,0.758893,999,36744.990000,5979674360,8432,159,0
NODE,0.758893,999,38900.240000,7234557838,8370,35,0
NODE,0.758893,999,43890.140000,7188583118,8251,137,0
NODE,0.758893,999,40224.450000,7123584642,8325,33,0
NODE,0.758893,999,39733.020000,6693503298,8343,125,0
NODE,0.758893,999,37924.450000,6487920091,8404,190,0
NODE,0.758893,999,37824.220000,6618935091,8412,187,0
NODE,0.758893,999,40116.420000,6723066203,8341,89,0
NODE,0.758893,999,45402.500000,7805212335,8245,150,0
NODE,0.758893,999,41225.800000,7300081081,8310,93,0
NODE,0.758893,999,43955.350000,8806389422,8260,117,0
NODE,0.758893,999,44159.610000,8476520115,8256,151,0
NODE,0.758893,999,40684.680000,7443116390,8335,143,0
NODE,0.758893,999,37792.910000,6635775067,8426,48,0
NODE,0.758893,999,42554.220000,7572757790,8284,222,0
NODE,0.758893,999,40897.320000,7757538601,8330,161,0
NODE,0.758893,999,40081.060000,7453847495,8360,154,0
NODE,0.758893,999,43850.940000,8355401161,8262,206,0
NODE,0.758893,999,43450.430000,8423709587,8272,115,0
NODE,0.758893,999,39232.710000,7082306256,8386,114,0
NODE,0.758893,999,43353.050000,7921203199,8277,238,0
NODE,0.758893,999,40856.550000,7193801574,8336,207,0
NODE,0.758893,999,41411.500000,7445863562,8317,45,0
NODE,0.758893,999,39108.290000,7079977034,8395,13,0
NODE,0.758893,999,41283.970000,7351837983,8324,118,0
NODE,0.758893,999,37936.260000,6535028846,8430,9,0
NODE,0.758893,999,40152.010000,6897136098,8368,197,0
NODE,0.758893,999,38459.550000,7397905875,8424,166,0
NODE,0.758893,999,42712.820000,7976749241,8294,112,0
NODE,0.758893,999,45499.800000,7869432209,8248,227,0
NODE,0.758893,999,42867.360000,7611398530,8292,101,0
NODE,0.758893,999,41464.560000,7399583870,8331,106,0
NODE,0.758893,999,39007.850000,6686688936,8414,214,0
NODE,0.758893,999,42262.530000,7767404813,8309,97,0
NODE,0.758893,999,44097.150000,8054003407,8274,194,0
NODE,0.758893,999,41674.590000,7658062949,8328,108,0
NODE,0.758893,999,44370.410000,8421560068,8267,147,0
NODE,0.758893,999,39257.170000,7133510708,8409,208,0
NODE,0.758893,999,42737.480000,7996576550,8302,98,0
NODE,0.758893,999,44413.800000,8743064840,8268,198,0
NODE,0.758893,999,45570.020000,8093463925,8252,96,0
NODE,0.758893,999,41602.920000,7457478582,8337,1,0
NODE,0.758893,999,42759.410000,8264092279,8303,205,0
NODE,0.758893,999,43011.080000,8261949992,8298,145,0
NODE,0.758893,999,41509.880000,7120945093,8340,184,0
NODE,0.758893,999,42499.190000,7920226352,8312,122,0
NODE,0.758893,999,42766.520000,7914002239,8305,221,0
NODE,0.758893,999,41657.180000,7233364081,8339,224,0
NODE,0.758893,999,42737.320000,8617432261,8308,50,0
NODE,0.758893,999,42088.360000,7858290505,8332,155,0
NODE,0.758893,999,38890.450000,6854206913,8431,213,0
NODE,0.758893,999,43641.830000,7920688359,8291,105,0
NODE,0.758893,999,41769.530000,7656597769,8342,38,0
NODE,0.758893,999,41414.640000,7458924260,8358,23,0
NODE,0.758893,999,45412.130000,8948516470,8259,68,0
NODE,0.758893,999,39437.040000,6869409458,8421,156,0
NODE,0.758893,999,38446.450000,6620834893,8442,29,0
NODE,0.758893,999,45155.290000,8482142638,8263,141,0
NODE,0.758893,999,38865.320000,6448837115,8435,182,0
NODE,0.758893,999,39764.590000,6543720283,8418,218,0
NODE,0.758893,999,44821.490000,8191958341,8275,215,0
NODE,0.758893,999,39805.350000,7131819981,8419,168,0
NODE,0.758893,999,41614.610000,7739761527,8359,36,0
NODE,0.758893,999,40271.230000,6780985558,8402,52,0
NODE,0.758893,999,43689.680000,7840320074,8296,116,0
NODE,0.758893,999,40504.070000,7352297407,8399,189,0
NODE,0.758893,999,42118.120000,8050805423,8346,16,0
NODE,0.758893,999,40782.570000,7181422659,8390,133,0
NODE,0.758893,999,40901.020000,7444950187,8387,75,0
NODE,0.758893,999,46405.370000,8412885981,8254,126,0
NODE,0.758893,999,43430.330000,7755873402,8306,239,0
NODE,0.758893,999,44068.600000,8348961973,8295,140,0
NODE,0.758893,999,40336.920000,7285390280,8415,172,0
NODE,0.758893,999,45262.190000,8979947182,8276,64,0
NODE,0.758893,999,39716.010000,7107211784,8429,62,0
NODE,0.758893,999,41294.440000,7299410756,8382,73,0
NODE,0.758893,999,43387.180000,8102118201,8314,158,0
NODE,0.758893,999,41863.310000,7487134683,8367,231,0
NODE,0.758893,999,42003.640000,7820571647,8363,84,0
NODE,0.758893,999,42508.260000,7774137177,8348,183,0
NODE,0.758893,999,39927.390000,7133660082,8427,77,0
NODE,0.758893,999,42591.250000,7727144787,8344,61,0
NODE,0.758893,999,41286.750000,7682277532,8389,82,0
NODE,0.758893,999,43787.020000,8652170385,8311,42,0
NODE,0.758893,999,41984.330000,7409328996,8372,127,0
NODE,0.758893,999,46018.120000,8983008647,8265,87,0
NODE,0.758893,999,42591.980000,8146215146,8354,25,0
NODE,0.758893,999,44048.850000,8259995680,8307,128,0
NODE,0.758893,999,40887.850000,7057329431,8411,92,0
NODE,0.758893,999,41634.410000,8206985121,8385,41,0
NODE,0.758893,999,47774.560000,8471324288,8247,217,0
NODE,0.758893,999,43250.480000,8211604977,8334,72,0
NODE,0.758893,999,43873.490000,8603132297,8315,120,0
NODE,0.758893,999,44983.820000,8450641675,8289,228,0
NODE,0.758893,999,40522.450000,6905669065,8425,53,0
NODE,0.758893,999,41296.940000,7179347722,8408,37,0
NODE,0.758893,999,43935.060000,8189342255,8320,204,0
NODE,0.758893,999,41707.390000,7673238769,8394,157,0
NODE,0.758893,999,42515.460000,7536119454,8371,54,0
NODE,0.758893,999,44896.320000,8392287069,8297,94,0
NODE,0.758893,999,43859.230000,7851982573,8323,212,0
NODE,0.758893,999,41479.080000,8167812809,8407,34,0
NODE,0.758893,999,41313.740000,7009198973,8413,171,0
NODE,0.758893,999,38890.480000,7127154859,8457,4,0
NODE,0.758893,999,42512.490000,7361384143,8376,139,0
NODE,0.758893,999,39762.040000,7286030735,8445,31,0
NODE,0.758893,999,43199.850000,8470334139,8351,60,0
NODE,0.758893,999,43898.680000,7895494644,8327,179,0
NODE,0.758893,999,44984.170000,8728085341,8300,18,0
NODE,0.758893,999,41165.290000,7200328137,8423,160,0
NODE,0.758893,999,42950.240000,7671020892,8369,63,0
NODE,0.758893,999,42012.600000,7617093952,8397,30,0
NODE,0.758893,999,44343.680000,8109308155,8321,216,0
NODE,0.758893,999,44277.320000,8622875386,8322,136,0
NODE,0.758893,999,44426.980000,8030464806,8319,81,0
NODE,0.758893,999,42865.500000,7431691059,8374,40,0
NODE,0.758893,999,40015.240000,7744814913,8446,7,0
NODE,0.758893,999,42484.870000,7982357730,8384,142,0
NODE,0.758893,999,41728.750000,7282586690,8416,80,0
NODE,0.758893,999,42367.540000,7641372682,8396,226,0
NODE,0.758893,999,42416.880000,7875070003,8391,152,0
NODE,0.758893,999,42206.510000,8319025993,8400,164,0
NODE,0.758893,999,43517.450000,7676960356,8361,232,0
NODE,0.758893,999,43188.420000,8172931300,8375,129,0
NODE,0.758893,999,42077.550000,7441200203,8417,69,0
NODE,0.758893,999,43401.350000,7343159486,8377,74,0
NODE,0.758893,999,39964.230000,6956372286,8454,20,0
NODE,0.758893,999,42802.340000,7879288941,8392,134,0
NODE,0.758893,999,43705.060000,7713826685,8364,107,0
NODE,0.758893,999,44696.980000,8577656915,8333,186,0
NODE,0.758893,999,42397.160000,7455904408,8410,8,0
NODE,0.758893,999,44040.440000,7525519231,8362,17,0
NODE,0.758893,999,41178.740000,7529414615,8440,22,0
NODE,0.758893,999,40094.700000,7063283037,8456,47,0
NODE,0.758893,999,44363.700000,8312490730,8353,104,0
NODE,0.758893,999,41699.550000,7328124609,8434,10,0
NODE,0.758893,999,49106.290000,8738664299,8250,131,0
NODE,0.758893,999,41630.380000,7404258904,8439,79,0
NODE,0.758893,999,44566.070000,9113538989,8352,165,0
NODE,0.758893,999,42677.300000,7690100327,8420,135,0
NODE,0.758893,999,43457.260000,7778000781,8393,12,0
NODE,0.758893,999,40825.660000,7606529801,8453,175,0
NODE,0.758893,999,40535.320000,7549012374,8458,57,0
NODE,0.758893,999,42169.610000,7116943337,8437,167,0
NODE,0.758893,999,41492.840000,7442354247,8447,211,0
NODE,0.758893,999,43484.170000,7777161467,8405,26,0
NODE,0.758893,999,41500.720000,7361482012,8448,173,0
NODE,0.758893,999,41835.330000,7410432950,8443,71,0
NODE,0.758893,999,45211.210000,8127909262,8356,51,0
NODE,0.758893,999,42230.420000,7683137304,8441,49,0
NODE,0.758893,999,46887.080000,8579884968,8304,103,0
NODE,0.758893,999,41638.600000,8193996617,8449,210,0
NODE,0.758893,999,45009.850000,7881980299,8379,235,0
NODE,0.758893,999,43035.730000,7813835038,8436,193,0
NODE,0.758893,999,40899.660000,7491227471,8463,39,0
NODE,0.758893,999,44389.090000,8001255146,8406,55,0
NODE,0.758893,999,41854.410000,7977968321,8455,78,0
NODE,0.758893,999,44502.280000,8130404549,8403,46,0
NODE,0.758893,999,47128.900000,8792219249,8316,196,0
NODE,0.758893,999,45145.630000,8157673261,8381,85,0
NODE,0.758893,999,46921.240000,8353313975,8326,233,0
NODE,0.758893,999,43494.630000,8309997541,8433,5,0
NODE,0.758893,999,40887.800000,7662321320,8464,58,0
NODE,0.758893,999,46680.140000,8518512074,8345,88,0
NODE,0.758893,999,47809.510000,8583647230,8313,200,0
NODE,0.758893,999,45689.410000,8742268396,8383,170,0
NODE,0.758893,999,42957.980000,7772399564,8451,176,0
NODE,0.758893,999,42534.630000,7984709484,8460,191,0
NODE,0.758893,999,43943.090000,7996967538,8444,76,0
NODE,0.758893,999,43741.950000,8021678288,8450,21,0
NODE,0.758893,999,41346.850000,7155273569,8473,185,0
NODE,0.758893,999,45002.630000,9356058673,8428,121,0
NODE,0.758893,999,48183.220000,8778368444,8329,24,0
NODE,0.758893,999,46869.050000,8660780960,8380,90,0
NODE,0.758893,999,41879.840000,7745896590,8468,178,0
NODE,0.758893,999,47115.920000,8489701200,8373,15,0
NODE,0.758893,999,42645.800000,7985045885,8465,83,0
NODE,0.758893,999,48262.970000,9018246300,8349,219,0
NODE,0.758893,999,43212.940000,7789618804,8462,28,0
NODE,0.758893,999,41721.040000,7628128075,8476,11,0
NODE,0.758893,999,48492.200000,9053125454,8350,56,0
NODE,0.758893,999,44049.120000,7826111858,8459,119,0
NODE,0.758893,999,47169.240000,8441346736,8398,43,0
NODE,0.758893,999,46576.060000,8603653814,8422,113,0
NODE,0.758893,999,43101.250000,7978575894,8469,163,0
NODE,0.758893,999,46231.930000,8459978105,8438,32,0
NODE,0.758893,999,49157.660000,8701544861,8378,59,0
NODE,0.758893,999,43741.310000,7963983831,8475,70,0
NODE,0.758893,999,43821.070000,7677522806,8474,174,0
NODE,0.758893,999,44010.450000,7992882852,8472,181,0
NODE,0.758893,999,44683.160000,8532081758,8466,27,0
NODE,0.758893,999,44851.700000,8144020043,8467,169,0
NODE,0.758893,999,45925.140000,9197864380,8461,65,0
NODE,0.758893,999,44781.330000,9657065333,8471,162,0
NODE,0.758893,999,45912.450000,8383387138,8470,6,0
NODE,0.758893,999,48370.510000,8781629043,8452,102,0
NODE,0.758893,999,42737.720000,8430989496,8477,177,0
NODE,0.758893,999,35142.590000,6542520203,8484,124,0
NODE,0.758893,999,37009.290000,6903755707,8486,153,0
NODE,0.758893,999,38995.240000,6989871780,8480,91,0
NODE,0.758893,999,39182.340000,7499720073,8482,14,0
NODE,0.758893,999,36185.350000,6714632871,8519,44,0
NODE,0.758893,999,41711.940000,7881685008,8478,95,0
NODE,0.758893,999,37190.870000,6276665424,8511,192,0
NODE,0.758893,999,37679.730000,7019796242,8512,149,0
NODE,0.758893,999,37079.160000,6626222735,8521,35,0
NODE,0.758893,999,40065.760000,6708810898,8487,67,0
NODE,0.758893,999,39494.650000,7476906792,8498,199,0
NODE,0.758893,999,39162.570000,7613262044,8501,2,0
NODE,0.758893,999,42680.670000,8363721887,8479,130,0
NODE,0.758893,999,38538.850000,6649013209,8514,86,0
NODE,0.758893,999,41771.460000,8174735271,8481,229,0
NODE,0.758893,999,41650.690000,7965286131,8485,111,0
NODE,0.758893,999,36894.320000,6724309762,8563,145,0
NODE,0.758893,999,41433.010000,7321425770,8495,123,0
NODE,0.758893,999,38483.250000,6414285823,8533,48,0
NODE,0.758893,999,41032.280000,7773124599,8503,195,0
NODE,0.758893,999,39585.840000,7224003412,8522,137,0
NODE,0.758893,999,42001.380000,7911687824,8492,209,0
NODE,0.758893,999,39735.620000,6513992357,8523,33,0
NODE,0.758893,999,38184.200000,6867763093,8566,221,0
NODE,0.758893,999,42343.610000,8283278798,8497,223,0
NODE,0.758893,999,43564.770000,9634705038,8483,138,0
NODE,0.758893,999,41181.740000,7213822771,8510,99,0
NODE,0.758893,999,38290.710000,6971317346,8568,50,0
NODE,0.758893,999,42667.860000,8145263135,8494,100,0
NODE,0.758893,999,38461.290000,6997499093,8567,224,0
NODE,0.758893,999,42194.100000,7911397999,8499,110,0
NODE,0.758893,999,43179.550000,8511757488,8489,203,0
NODE,0.758893,999,42715.680000,7754442829,8493,220,0
NODE,0.758893,999,40583.740000,7139906141,8518,230,0
NODE,0.758893,999,41655.590000,7239728979,8508,148,0
NODE,0.758893,999,41246.360000,7430468488,8513,3,0
NODE,0.758893,999,39729.380000,7467879681,8542,45,0
NODE,0.758893,999,40428.310000,7480218198,8527,89,0
NODE,0.758893,999,40167.790000,6830085188,8534,222,0
NODE,0.758893,999,38832.860000,7261936508,8574,68,0
NODE,0.758893,999,40470.560000,7658346313,8530,117,0
NODE,0.758893,999,43799.950000,8109522357,8490,66,0
NODE,0.758893,999,39563.760000,6916552506,8558,98,0
NODE,0.758893,999,41811.730000,7446299602,8515,180,0
NODE,0.758893,999,36919.000000,6623832903,8643,129,0
NODE,0.758893,999,40468.230000,6984399742,8539,114,0
NODE,0.758893,999,42399.440000,7478610469,8509,109,0
NODE,0.758893,999,43088.690000,8057722138,8504,19,0
NODE,0.758893,999,42844.740000,7653192206,8507,202,0
NODE,0.758893,999,44660.720000,8036320464,8488,225,0
NODE,0.758893,999,40856.140000,7342536696,8537,206,0
NODE,0.758893,999,39054.030000,7275246060,8599,183,0
NODE,0.758893,999,44343.000000,8438289135,8496,188,0
NODE,0.758893,999,40428.340000,7161108784,8562,205,0
NODE,0.758893,999,41828.570000,7537898642,8528,150,0
NODE,0.758893,999,40589.280000,7458029248,8560,96,0
NODE,0.758893,999,42653.960000,8152608478,8517,144,0
NODE,0.758893,999,43575.000000,8226641854,8506,132,0
NODE,0.758893,999,43773.430000,8197748744,8505,201,0
NODE,0.758893,999,41028.870000,7549742048,8550,101,0
NODE,0.758893,999,41588.680000,6806971937,8536,154,0
NODE,0.758893,999,40304.480000,7503621007,8578,182,0
NODE,0.758893,999,42348.550000,7791516225,8526,187,0
NODE,0.758893,999,41666.860000,7529590833,8540,238,0
NODE,0.758893,999,39763.110000,7477865321,8595,73,0
NODE,0.758893,999,39914.310000,7828850553,8591,140,0
NODE,0.758893,999,41707.550000,7250646005,8541,207,0
NODE,0.758893,999,41989.350000,7035337256,8532,143,0
NODE,0.758893,999,41038.220000,7737897733,8564,184,0
NODE,0.758893,999,41341.360000,7727764553,8556,147,0
NODE,0.758893,999,40201.700000,7574388695,8592,172,0
NODE,0.758893,999,41254.020000,8225547776,8561,1,0
NODE,0.758893,999,40424.740000,7052128331,8587,133,0
NODE,0.758893,999,44759.960000,8245276742,8500,146,0
NODE,0.758893,999,40189.440000,7566405778,8598,84,0
NODE,0.758893,999,42097.490000,7783721865,8544,118,0
NODE,0.758893,999,38519.600000,6370849349,8647,134,0
NODE,0.758893,999,45620.530000,8953484347,8491,234,0
NODE,0.758893,999,42004.380000,7776423540,8547,166,0
NODE,0.758893,999,40138.110000,7428619993,8607,128,0
NODE,0.758893,999,41081.750000,7247284044,8582,36,0
NODE,0.758893,999,43536.930000,7838188309,8520,159,0
NODE,0.758893,999,42658.890000,7604508275,8535,161,0
NODE,0.758893,999,41311.040000,7392349549,8579,218,0
NODE,0.758893,999,43046.500000,7556356242,8531,151,0
NODE,0.758893,999,40250.580000,7538166613,8615,37,0
NODE,0.758893,999,40421.910000,7539128346,8614,53,0
NODE,0.758893,999,41460.490000,8060730469,8583,52,0
NODE,0.758893,999,42509.290000,8176159868,8549,227,0
NODE,0.758893,999,42126.140000,7771591632,8565,122,0
NODE,0.758893,999,42971.020000,8263697437,8545,9,0
NODE,0.758893,999,41792.420000,7797516976,8581,168,0
NODE,0.758893,999,40888.250000,7218240054,8609,41,0
NODE,0.758893,999,40598.440000,7437905809,8617,157,0
NODE,0.758893,999,41605.300000,7385174479,8589,126,0
NODE,0.758893,999,41071.380000,7480501750,8605,87,0
NODE,0.758893,999,42276.860000,8063431779,8569,155,0
NODE,0.758893,999,40599.230000,7530885152,8625,31,0
NODE,0.758893,999,42137.830000,8471803574,8580,215,0
NODE,0.758893,999,40761.560000,7526169230,8621,34,0
NODE,0.758893,999,42814.020000,8192880485,8559,198,0
NODE,0.758893,999,40497.910000,6848215687,8642,232,0
NODE,0.758893,999,42769.990000,8312738063,8570,213,0
NODE,0.758893,999,45232.910000,7937566601,8516,236,0
NODE,0.758893,999,40965.190000,7271492914,8633,136,0
NODE,0.758893,999,42990.720000,7687005142,8572,38,0
NODE,0.758893,999,41147.220000,7573333034,8632,216,0
NODE,0.758893,999,45111.360000,7216516300,8525,190,0
NODE,0.758893,999,42156.900000,7433761775,8602,82,0
NODE,0.758893,999,42462.200000,8410841293,8594,62,0
NODE,0.758893,999,42322.660000,7862972534,8601,61,0
NODE,0.758893,999,43900.680000,8077967969,8551,106,0
NODE,0.758893,999,40842.770000,6879963729,8644,69,0
NODE,0.758893,999,40780.010000,7291838564,8645,74,0
NODE,0.758893,999,44026.880000,7740573365,8552,214,0
NODE,0.758893,999,43889.440000,8090928219,8555,108,0
NODE,0.758893,999,44261.420000,8160008022,8548,112,0
NODE,0.758893,999,40996.350000,7211140742,8646,20,0
NODE,0.758893,999,43683.170000,7527774881,8571,105,0
NODE,0.758893,999,47520.940000,8616899976,8502,237,0
NODE,0.758893,999,42337.100000,7881453544,8618,54,0
NODE,0.758893,999,45469.800000,8793457034,8529,93,0
NODE,0.758893,999,42799.200000,7640444434,8606,25,0
NODE,0.758893,999,43558.040000,8396199750,8585,189,0
NODE,0.758893,999,42381.910000,8248788188,8628,18,0
NODE,0.758893,999,43732.620000,7564917735,8588,75,0
NODE,0.758893,999,40641.100000,7464861392,8667,71,0
NODE,0.758893,999,41651.410000,7366580271,8649,186,0
NODE,0.758893,999,44045.770000,8264604470,8584,116,0
NODE,0.758893,999,44308.510000,8263429555,8575,156,0
NODE,0.758893,999,42601.640000,8227177370,8637,142,0
NODE,0.758893,999,45870.010000,8148847976,8538,115,0
NODE,0.758893,999,42736.540000,7524137202,8635,40,0
NODE,0.758893,999,44196.770000,8261167893,8590,239,0
NODE,0.758893,999,46750.300000,8605963092,8524,125,0
NODE,0.758893,999,42690.670000,7657571791,8638,80,0
NODE,0.758893,999,41757.210000,7971523739,8657,79,0
NODE,0.758893,999,42286.720000,7653863198,8648,107,0
NODE,0.758893,999,42237.160000,7061701865,8650,8,0
NODE,0.758893,999,43508.180000,8761124800,8616,204,0
NODE,0.758893,999,45087.990000,8767457601,8573,23,0
NODE,0.758893,999,43204.850000,8323798066,8634,81,0
NODE,0.758893,999,46306.190000,8950743568,8546,197,0
NODE,0.758893,999,46017.240000,8668991509,8554,194,0
NODE,0.758893,999,45576.750000,8350805266,8576,29,0
NODE,0.758893,999,45185.710000,8564140833,8586,16,0
NODE,0.758893,999,44438.710000,7886460215,8612,120,0
NODE,0.758893,999,46785.900000,9256831687,8543,13,0
NODE,0.758893,999,43866.030000,8022874774,8631,30,0
NODE,0.758893,999,46359.340000,8748493764,8557,208,0
NODE,0.758893,999,43734.960000,8014082959,8639,226,0
NODE,0.758893,999,45022.170000,8152643994,8600,77,0
NODE,0.758893,999,44748.340000,8526015406,8611,72,0
NODE,0.758893,999,43165.610000,7923826156,8654,104,0
NODE,0.758893,999,45091.970000,7943669183,8610,217,0
NODE,0.758893,999,44795.280000,8484294389,8620,212,0
NODE,0.758893,999,45643.410000,8715029240,8593,64,0
NODE,0.758893,999,41813.810000,7660333849,8681,5,0
NODE,0.758893,999,43024.340000,7562089666,8663,167,0
NODE,0.758893,999,44387.800000,7768078422,8640,152,0
NODE,0.758893,999,45575.710000,8436976541,8603,42,0
NODE,0.758893,999,46461.020000,8786594837,8577,141,0
NODE,0.758893,999,39114.010000,7114757925,8705,32,0
NODE,0.758893,999,43913.870000,7540874625,8653,47,0
NODE,0.758893,999,42371.630000,7425843000,8674,39,0
NODE,0.758893,999,45090.300000,8351190790,8624,139,0
NODE,0.758893,999,46012.720000,8657081326,8597,231,0
NODE,0.758893,999,45704.780000,8203943586,8608,92,0
NODE,0.758893,999,43901.180000,8740953968,8656,131,0
NODE,0.758893,999,43132.870000,8140999995,8669,49,0
NODE,0.758893,999,45010.440000,8381203235,8636,7,0
NODE,0.758893,999,44351.520000,8133489515,8651,17,0
NODE,0.758893,999,46480.550000,8470063663,8596,158,0
NODE,0.758893,999,43861.600000,8358042013,8662,57,0
NODE,0.758893,999,42704.890000,7400455407,8678,196,0
NODE,0.758893,999,44360.260000,8341805188,8658,165,0
NODE,0.758893,999,43925.330000,7320913413,8664,211,0
NODE,0.758893,999,46044.370000,8299100181,8619,94,0
NODE,0.758893,999,45411.460000,7781621449,8641,164,0
NODE,0.758893,999,46614.560000,8791796795,8604,127,0
NODE,0.758893,999,41683.380000,7540600388,8689,21,0
NODE,0.758893,999,41766.820000,6824133054,8695,15,0
NODE,0.758893,999,46671.340000,8510926735,8613,228,0
NODE,0.758893,999,43375.090000,8029569033,8680,233,0
NODE,0.758893,999,46464.840000,8543536294,8623,4,0
NODE,0.758893,999,42300.430000,7763559646,8690,185,0
NODE,0.758893,999,46461.200000,9559156853,8629,160,0
NODE,0.758893,999,46696.910000,8354541258,8626,60,0
NODE,0.758893,999,46920.060000,8918890385,8622,171,0
NODE,0.758893,999,43086.960000,8020589779,8687,191,0
NODE,0.758893,999,44596.140000,8173830924,8672,235,0
NODE,0.758893,999,45834.900000,8617835237,8655,10,0
NODE,0.758893,999,46920.340000,8929392300,8630,63,0
NODE,0.758893,999,44582.380000,8520308557,8682,58,0
NODE,0.758893,999,46012.710000,8463096805,8660,12,0
NODE,0.758893,999,49962.780000,9959577661,8553,97,0
NODE,0.758893,999,44385.700000,8198417760,8684,200,0
NODE,0.758893,999,42608.420000,7413991180,8701,119,0
NODE,0.758893,999,43607.440000,8110058431,8693,90,0
NODE,0.758893,999,40696.600000,7480875948,8711,169,0
NODE,0.758893,999,46368.450000,8495790695,8665,26,0
NODE,0.758893,999,45400.910000,8652735231,8679,85,0
NODE,0.758893,999,43990.920000,8345888118,8691,121,0
NODE,0.758893,999,44908.400000,8366522585,8685,170,0
NODE,0.758893,999,45272.900000,8420163383,8683,88,0
NODE,0.758893,999,46727.500000,8510725704,8666,173,0
NODE,0.758893,999,46758.120000,8700566270,8670,103,0
NODE,0.758893,999,47374.830000,8525869028,8661,175,0
NODE,0.758893,999,46940.910000,8075776486,8668,51,0
NODE,0.758893,999,47596.860000,9004673054,8659,135,0
NODE,0.758893,999,45029.020000,8506074725,8688,76,0
NODE,0.758893,999,48275.610000,8756784685,8652,22,0
NODE,0.758893,999,41981.230000,7656652439,8712,65,0
NODE,0.758893,999,42765.660000,7672797565,8708,174,0
NODE,0.758893,999,44175.680000,8350249788,8702,43,0
NODE,0.758893,999,46170.180000,8282185604,8686,176,0
NODE,0.758893,999,45095.650000,8599373217,8696,83,0
NODE,0.758893,999,49895.810000,9646967906,8627,179,0
NODE,0.758893,999,43081.550000,8020581043,8709,181,0
NODE,0.758893,999,47230.810000,8444525587,8675,55,0
NODE,0.758893,999,44548.020000,8395988566,8703,113,0
NODE,0.758893,999,45178.060000,8385751001,8700,56,0
NODE,0.758893,999,43426.090000,7937921396,8710,27,0
NODE,0.758893,999,46245.830000,8555669545,8692,24,0
NODE,0.758893,999,45622.890000,8464561493,8698,28,0
NODE,0.758893,999,47799.220000,8574830893,8677,46,0
NODE,0.758893,999,46329.560000,8387334896,8694,178,0
NODE,0.758893,999,48747.320000,9122323807,8671,210,0
NODE,0.758893,999,44228.400000,7911007514,8707,70,0
NODE,0.758893,999,46010.310000,8243930606,8699,11,0
NODE,0.758893,999,44383.290000,8045201111,8706,59,0
NODE,0.758893,999,48432.700000,9457733146,8673,193,0
NODE,0.758893,999,48511.760000,8700241995,8676,78,0
NODE,0.758893,999,46144.200000,8620762952,8704,163,0
NODE,0.758893,999,47263.740000,8544432600,8697,219,0
NODE,0.758893,999,45929.460000,9362135810,8713,162,0
NODE,0.758893,999,46703.110000,8385335453,8715,102,0
NODE,0.758893,999,48058.220000,9353469048,8714,6,0
NODE,0.758893,999,49142.510000,9930031392,8716,177,0
NODE,0.758893,999,41645.730000,8031103666,8718,153,0
NODE,0.758893,999,44555.180000,8880531454,8717,124,0
NODE,0.758893,999,36828.590000,6574502766,8751,148,0
NODE,0.758893,999,38590.540000,7177532316,8737,137,0
NODE,0.758893,999,39599.090000,7230592660,8735,48,0
NODE,0.758893,999,43423.110000,8808944584,8720,14,0
NODE,0.758893,999,36938.310000,6343805165,8773,144,0
NODE,0.758893,999,38505.310000,7112199728,8756,68,0
NODE,0.758893,999,40119.140000,7728670843,8736,195,0
NODE,0.758893,999,39673.220000,7578484414,8740,221,0
NODE,0.758893,999,41342.280000,7624898009,8733,145,0
NODE,0.758893,999,43884.330000,8349012691,8723,192,0
NODE,0.758893,999,40134.000000,7753346127,8742,138,0
NODE,0.758893,999,40103.360000,7705407945,8749,220,0
NODE,0.758893,999,42386.110000,8161546708,8732,111,0
NODE,0.758893,999,43508.650000,8098454165,8728,2,0
NODE,0.758893,999,40364.050000,7483935251,8753,45,0
NODE,0.758893,999,40096.380000,7355304040,8763,109,0
NODE,0.758893,999,46870.460000,9387005363,8719,91,0
NODE,0.758893,999,44640.120000,8810862953,8724,149,0
NODE,0.758893,999,41708.020000,8035442237,8747,110,0
NODE,0.758893,999,44819.820000,8829229401,8727,199,0
NODE,0.758893,999,42226.670000,7945086755,8744,50,0
NODE,0.758893,999,40388.800000,7610217960,8771,150,0
NODE,0.758893,999,44834.580000,8970151376,8731,229,0
NODE,0.758893,999,46147.400000,8835206145,8726,67,0
NODE,0.758893,999,44203.790000,8262668119,8734,123,0
NODE,0.758893,999,42824.670000,7887555306,8752,3,0
NODE,0.758893,999,41353.090000,8073250617,8769,188,0
NODE,0.758893,999,41346.350000,7580591693,8770,205,0
NODE,0.758893,999,41932.870000,7805112314,8765,202,0
NODE,0.758893,999,43659.220000,8774093814,8741,223,0
NODE,0.758893,999,42664.460000,8095262056,8758,66,0
NODE,0.758893,999,41628.640000,7364688211,8772,96,0
NODE,0.758893,999,45936.600000,9164159904,8730,86,0
NODE,0.758893,999,48136.470000,9540820996,8721,44,0
NODE,0.758893,999,47300.320000,9431404825,8725,35,0
NODE,0.758893,999,41880.320000,7518906582,8778,182,0
NODE,0.758893,999,44064.030000,9391218095,8748,203,0
NODE,0.758893,999,43184.220000,7475608211,8762,114,0
NODE,0.758893,999,39751.630000,7484455806,8821,136,0
NODE,0.758893,999,42372.960000,7864395985,8777,154,0
NODE,0.758893,999,40801.120000,7299315402,8807,9,0
NODE,0.758893,999,43904.530000,8125715626,8755,222,0
NODE,0.758893,999,39513.330000,7650933917,8830,74,0
NODE,0.758893,999,44840.430000,8353797829,8743,99,0
NODE,0.758893,999,43413.930000,8522052804,8767,206,0
NODE,0.758893,999,44929.330000,8670373848,8746,224,0
NODE,0.758893,999,42089.310000,7130070410,8795,166,0
NODE,0.758893,999,42284.110000,8251624098,8791,84,0
NODE,0.758893,999,42817.050000,8193854321,8780,238,0
NODE,0.758893,999,39977.800000,7520330203,8832,108,0
NODE,0.758893,999,43445.940000,7914479816,8768,183,0
NODE,0.758893,999,43351.300000,8327468096,8774,132,0
NODE,0.758893,999,44091.070000,8351030262,8764,19,0
NODE,0.758893,999,42977.090000,8337410118,8784,143,0
NODE,0.758893,999,49485.970000,9889354830,8722,95,0
NODE,0.758893,999,45427.890000,8616892482,8750,230,0
NODE,0.758893,999,45653.380000,9098971759,8745,100,0
NODE,0.758893,999,41160.970000,7762318250,8820,236,0
NODE,0.758893,999,44839.520000,8694468751,8759,98,0
NODE,0.758893,999,44755.980000,8381697876,8761,129,0
NODE,0.758893,999,42739.130000,7817983177,8799,161,0
NODE,0.758893,999,48815.920000,9745329629,8729,130,0
NODE,0.758893,999,43803.200000,8319345086,8779,187,0
NODE,0.758893,999,42043.930000,7962135902,8814,31,0
NODE,0.758893,999,41320.720000,7400923893,8823,216,0
NODE,0.758893,999,43599.240000,8601600081,8786,147,0
NODE,0.758893,999,46868.400000,8652396252,8738,209,0
NODE,0.758893,999,41467.710000,7661830604,8822,38,0
NODE,0.758893,999,41290.810000,7941365155,8826,62,0
NODE,0.758893,999,43759.490000,8120023276,8785,184,0
NODE,0.758893,999,37667.610000,6819683659,8884,92,0
NODE,0.758893,999,41033.580000,8198444720,8834,20,0
NODE,0.758893,999,41974.110000,7491983226,8818,232,0
NODE,0.758893,999,41432.730000,7546998011,8831,214,0
NODE,0.758893,999,42396.230000,7727028312,8817,198,0
NODE,0.758893,999,45621.620000,8561670206,8760,180,0
NODE,0.758893,999,41078.960000,7507882101,8836,237,0
NODE,0.758893,999,42725.850000,8055958064,8815,215,0
NODE,0.758893,999,43340.410000,7360336530,8805,227,0
NODE,0.758893,999,43061.860000,7945211383,8810,157,0
NODE,0.758893,999,46096.620000,9274503892,8757,117,0
NODE,0.758893,999,45107.130000,8480013405,8775,201,0
NODE,0.758893,999,42646.780000,8384597736,8819,213,0
NODE,0.758893,999,47735.150000,8704280602,8739,33,0
NODE,0.758893,999,43666.680000,7308656179,8803,53,0
NODE,0.758893,999,41943.790000,8397131685,8833,112,0
NODE,0.758893,999,44881.780000,8579294532,8793,134,0
NODE,0.758893,999,45072.500000,8056106588,8792,118,0
NODE,0.758893,999,42972.740000,8042647245,8825,82,0
NODE,0.758893,999,44085.040000,8262813322,8808,168,0
NODE,0.758893,999,39213.220000,7005890294,8887,7,0
NODE,0.758893,999,45747.590000,9220493303,8781,73,0
NODE,0.758893,999,45346.420000,8642711959,8788,1,0
NODE,0.758893,999,42441.600000,8133427603,8837,54,0
NODE,0.758893,999,36977.250000,6771512291,8912,97,0
NODE,0.758893,999,41243.560000,8163859516,8859,197,0
NODE,0.758893,999,48117.540000,8892058809,8754,89,0
NODE,0.758893,999,39960.410000,7515874675,8885,131,0
NODE,0.758893,999,43850.850000,8172991400,8824,190,0
NODE,0.758893,999,44706.340000,9325908180,8816,34,0
NODE,0.758893,999,45760.590000,8557565624,8800,218,0
