NODE,0.758893,999,37083.090000,6541468969,41047,49,0
NODE,0.758893,999,37868.410000,7007540946,41063,66,0
NODE,0.758893,999,38256.040000,7237375087,41027,28,0
NODE,0.758893,999,38893.820000,7250787349,41028,29,0
NODE,0.758893,999,40038.120000,8032911713,41057,58,0
NODE,0.758893,999,40043.150000,8293655503,41046,46,0
NODE,0.758893,999,40257.690000,8087976834,41056,57,0
NODE,0.758893,999,40273.350000,7206057442,41026,27,0
NODE,0.758893,999,40344.880000,7372073132,41012,13,0
NODE,0.758893,999,40420.660000,7565636105,41015,16,0
NODE,0.758893,999,40836.740000,7754031534,41037,39,0
NODE,0.758893,999,40872.360000,7759982269,41000,1,0
NODE,0.758893,999,40908.030000,8151087285,41020,21,0
NODE,0.758893,999,41034.840000,7564863757,41030,31,0
NODE,0.758893,999,41083.990000,7822798129,41009,10,0
NODE,0.758893,999,41108.180000,7571064318,41042,41,0
NODE,0.758893,999,41187.110000,7968327211,41070,72,0
NODE,0.758893,999,41461.860000,8398279014,41041,40,0
NODE,0.758893,999,41516.610000,7791084107,41016,17,0
NODE,0.758893,999,41623.590000,8066439066,41064,64,0
NODE,0.758893,999,41651.110000,8163926130,41038,50,0
NODE,0.758893,999,41684.500000,8092707922,41011,12,0
NODE,0.758893,999,41718.390000,8185764346,41025,26,0
NODE,0.758893,999,41864.280000,7982984042,41008,9,0
NODE,0.758893,999,42037.940000,8062166769,41010,11,0
NODE,0.758893,999,42179.280000,8038072226,41014,15,0
NODE,0.758893,999,42179.730000,7780672020,41034,36,0
NODE,0.758893,999,42311.110000,7672762012,41052,53,0
NODE,0.758893,999,42660.680000,8064242587,41068,69,0
NODE,0.758893,999,42693.850000,8756575937,41040,55,0
NODE,0.758893,999,42902.760000,8314542206,41055,59,0
NODE,0.758893,999,43112.410000,8342944052,41058,60,0
NODE,0.758893,999,43220.860000,8161831139,41051,51,0
NODE,0.758893,999,43262.800000,8071867193,41049,48,0
NODE,0.758893,999,43270.430000,8529242123,41044,42,0
NODE,0.758893,999,43359.900000,8309465477,41035,37,0
NODE,0.758893,999,43480.570000,8934269419,41062,65,0
NODE,0.758893,999,43519.480000,9166801359,41045,45,0
NODE,0.758893,999,43792.060000,8996629803,41036,38,0
NODE,0.758893,999,43879.660000,8941201819,41054,54,0
NODE,0.758893,999,43899.700000,7997151525,41033,35,0
NODE,0.758893,999,43994.340000,9167463696,41021,22,0
NODE,0.758893,999,44061.770000,8536088686,41043,43,0
NODE,0.758893,999,44080.420000,8448405717,41065,68,0
NODE,0.758893,999,44081.490000,8412491541,41018,19,0
NODE,0.758893,999,44106.150000,8775504318,41019,20,0
NODE,0.758893,999,44181.930000,8172604699,41005,6,0
NODE,0.758893,999,44384.140000,8343484108,41053,56,0
NODE,0.758893,999,44399.890000,8643870213,41048,44,0
NODE,0.758893,999,44508.000000,8178092646,41050,52,0
NODE,0.758893,999,44542.920000,8241371377,41072,75,0
NODE,0.758893,999,44633.240000,8279214182,41077,47,0
NODE,0.758893,999,44664.650000,8871923550,41023,24,0
NODE,0.758893,999,44696.420000,8495125478,41031,32,0
NODE,0.758893,999,44919.190000,8326339551,41029,30,0
NODE,0.758893,999,44995.370000,8574276585,41001,2,0
NODE,0.758893,999,45134.890000,8854261510,41075,77,0
NODE,0.758893,999,45511.380000,9178159073,41061,62,0
NODE,0.758893,999,45642.390000,9435744849,41074,78,0
NODE,0.758893,999,45677.850000,9502694726,41060,61,0
NODE,0.758893,999,45748.120000,8678561992,41039,74,0
NODE,0.758893,999,45787.890000,8798720776,41013,14,0
NODE,0.758893,999,45797.280000,8995659017,41073,76,0
NODE,0.758893,999,45896.880000,8912023638,41059,63,0
NODE,0.758893,999,45932.590000,9188613223,41022,23,0
NODE,0.758893,999,46049.090000,9353612560,41076,79,0
NODE,0.758893,999,46252.470000,8680221902,41017,18,0
NODE,0.758893,999,46460.280000,9340339252,41007,8,0
NODE,0.758893,999,46582.040000,8642903206,41004,5,0
NODE,0.758893,999,46632.230000,9357621149,41024,25,0
NODE,0.758893,999,46814.400000,8911127708,41032,34,0
NODE,0.758893,999,46992.640000,9484727461,41071,73,0
NODE,0.758893,999,47007.730000,8774733022,41067,71,0
NODE,0.758893,999,47087.570000,9081102552,41003,4,0
NODE,0.758893,999,47230.500000,8839027323,41006,7,0
NODE,0.758893,999,47506.480000,8780419275,41078,33,0
NODE,0.758893,999,48245.480000,9025833185,41002,3,0
NODE,0.758893,999,48835.410000,9125309046,41069,70,0
NODE,0.758893,999,50057.260000,10075055627,41066,67,0
NODE,0.758893,999,40540.900000,7540096309,41082,29,0
NODE,0.758893,999,40401.620000,7565970179,41095,72,0
NODE,0.758893,999,44402.240000,7729311411,41080,66,0
NODE,0.758893,999,41464.580000,7466865056,41096,40,0
NODE,0.758893,999,43196.540000,7651487046,41088,16,0
NODE,0.758893,999,43628.330000,8142872095,41084,46,0
NODE,0.758893,999,47234.610000,9698558583,41079,49,0
NODE,0.758893,999,46467.340000,8143352968,41081,28,0
NODE,0.758893,999,44509.490000,8712961930,41086,27,0
NODE,0.758893,999,43614.690000,8422414203,41097,17,0
NODE,0.758893,999,43161.240000,7648801847,41104,15,0
NODE,0.758893,999,45328.390000,8936283932,41083,58,0
NODE,0.758893,999,42376.390000,8158309311,41112,48,0
NODE,0.758893,999,43457.200000,8254717491,41108,55,0
NODE,0.758893,999,44538.910000,8589202946,41098,64,0
NODE,0.758893,999,42983.490000,8258627847,41113,42,0
NODE,0.758893,999,45797.880000,9236703435,41090,1,0
NODE,0.758893,999,45132.440000,8218993816,41100,12,0
NODE,0.758893,999,43744.560000,8561403380,41111,51,0
NODE,0.758893,999,46916.170000,9123985061,41085,57,0
NODE,0.758893,999,46416.430000,8602859401,41089,39,0
NODE,0.758893,999,46378.740000,8902981399,41094,41,0
NODE,0.758893,999,47139.800000,9198092743,41087,13,0
NODE,0.758893,999,46552.970000,9683942961,41092,31,0
NODE,0.758893,999,41814.710000,8061777377,41142,63,0
NODE,0.758893,999,44961.810000,8271155571,41109,59,0
NODE,0.758893,999,47372.300000,8805856649,41091,21,0
NODE,0.758893,999,44285.370000,8576207669,41124,20,0
NODE,0.758893,999,46343.950000,8069140795,41105,36,0
NODE,0.758893,999,47640.220000,8761611654,41093,10,0
NODE,0.758893,999,45365.920000,8771168315,41114,37,0
NODE,0.758893,999,44850.250000,8471666312,41127,44,0
NODE,0.758893,999,45040.050000,8294948482,41131,24,0
NODE,0.758893,999,45163.630000,8932522088,41129,75,0
NODE,0.758893,999,45204.460000,9291466777,41128,52,0
NODE,0.758893,999,45133.930000,8347315010,41130,47,0
NODE,0.758893,999,46423.500000,8739188555,41115,65,0
NODE,0.758893,999,45934.470000,8776899702,41122,68,0
NODE,0.758893,999,43398.890000,8070754585,41148,25,0
NODE,0.758893,999,46277.640000,8427104833,41118,54,0
NODE,0.758893,999,45778.770000,9072482756,41126,56,0
NODE,0.758893,999,48371.570000,8935078365,41102,9,0
NODE,0.758893,999,46183.390000,8918061588,41125,6,0
NODE,0.758893,999,43544.770000,8319694034,41153,7,0
NODE,0.758893,999,45810.640000,8199851645,41135,77,0
NODE,0.758893,999,47003.360000,9370037367,41123,19,0
NODE,0.758893,999,47214.380000,8736914754,41119,35,0
NODE,0.758893,999,47525.220000,9256797768,41120,22,0
NODE,0.758893,999,46602.370000,8842602434,41134,2,0
NODE,0.758893,999,49935.470000,9396014784,41101,26,0
NODE,0.758893,999,49421.170000,8600662416,41106,53,0
NODE,0.758893,999,47987.330000,9168238464,41117,38,0
NODE,0.758893,999,48905.520000,9578162486,41110,60,0
NODE,0.758893,999,47271.300000,9130166906,41133,30,0
NODE,0.758893,999,50225.080000,9115985438,41103,11,0
NODE,0.758893,999,46724.270000,8744520213,41141,76,0
NODE,0.758893,999,51095.930000,10477443481,41099,50,0
NODE,0.758893,999,49266.670000,9186499307,41116,45,0
NODE,0.758893,999,45686.060000,8722795591,41154,33,0
NODE,0.758893,999,46702.310000,9578495131,41149,34,0
NODE,0.758893,999,46652.150000,9276078571,41151,71,0
NODE,0.758893,999,48943.080000,9304300153,41140,14,0
NODE,0.758893,999,52279.510000,9740383370,41107,69,0
NODE,0.758893,999,49506.240000,9491421384,41136,62,0
NODE,0.758893,999,49157.210000,10063047213,41143,23,0
NODE,0.758893,999,48917.840000,9007116854,41147,5,0
NODE,0.758893,999,49523.550000,10519474590,41146,8,0
NODE,0.758893,999,50237.510000,9883217022,41144,79,0
NODE,0.758893,999,50794.300000,9602108278,41138,61,0
NODE,0.758893,999,50862.490000,9193468028,41137,78,0
NODE,0.758893,999,47610.210000,9272506479,41157,67,0
NODE,0.758893,999,52998.850000,10820130960,41132,32,0
NODE,0.758893,999,50619.210000,10500345380,41152,4,0
NODE,0.758893,999,50838.900000,9339275134,41150,73,0
NODE,0.758893,999,52224.520000,10353725070,41139,74,0
NODE,0.758893,999,53959.020000,10713610566,41121,43,0
NODE,0.758893,999,51983.310000,10238663464,41145,18,0
NODE,0.758893,999,50257.640000,9647602328,41156,70,0
NODE,0.758893,999,52975.980000,10312845359,41155,3,0
NODE,0.758893,999,40772.030000,7110709578,41164,49,0
NODE,0.758893,999,42439.750000,8489173010,41163,46,0
NODE,0.758893,999,42390.090000,7961814646,41165,28,0
NODE,0.758893,999,48884.460000,9062765340,41158,29,0
NODE,0.758893,999,43254.630000,8334998654,41169,58,0
NODE,0.758893,999,45460.850000,8749226506,41162,16,0
NODE,0.758893,999,42314.190000,8610714753,41177,57,0
NODE,0.758893,999,47437.360000,9133649182,41160,66,0
NODE,0.758893,999,45269.820000,8669106888,41167,17,0
NODE,0.758893,999,45690.440000,7902276893,41168,15,0
NODE,0.758893,999,41070.150000,7790661775,41197,54,0
NODE,0.758893,999,42520.250000,8412031361,41188,37,0
NODE,0.758893,999,46621.010000,8968859389,41166,27,0
NODE,0.758893,999,41455.020000,7665419708,41196,25,0
NODE,0.758893,999,44412.810000,8447490607,41179,41,0
NODE,0.758893,999,42509.240000,8128718507,41190,24,0
NODE,0.758893,999,50625.320000,9912866730,41159,72,0
NODE,0.758893,999,49383.550000,9534370240,41161,40,0
NODE,0.758893,999,46408.160000,9156731449,41173,42,0
NODE,0.758893,999,46070.590000,8885704194,41174,1,0
NODE,0.758893,999,47308.360000,8648494040,41170,48,0
NODE,0.758893,999,44719.000000,8530117744,41184,21,0
NODE,0.758893,999,43110.810000,8647950417,41199,9,0
NODE,0.758893,999,43774.590000,8522093598,41191,75,0
NODE,0.758893,999,45176.210000,9178722700,41186,36,0
NODE,0.758893,999,47741.760000,9196008896,41172,64,0
NODE,0.758893,999,47312.690000,9345712875,41175,12,0
NODE,0.758893,999,44010.980000,8079159390,41198,56,0
NODE,0.758893,999,46952.910000,9730370183,41180,13,0
NODE,0.758893,999,42338.750000,8002367589,41212,11,0
NODE,0.758893,999,42186.010000,8164920080,41213,76,0
NODE,0.758893,999,47755.030000,9731617927,41176,51,0
NODE,0.758893,999,43319.690000,8146417461,41206,2,0
NODE,0.758893,999,48972.910000,9339787904,41171,55,0
NODE,0.758893,999,45897.580000,9570891588,41189,44,0
NODE,0.758893,999,44142.420000,7700912390,41203,19,0
NODE,0.758893,999,47048.400000,9010169624,41185,20,0
NODE,0.758893,999,40739.560000,7786274904,41220,69,0
NODE,0.758893,999,47971.090000,9101208799,41183,59,0
NODE,0.758893,999,45984.720000,8063198655,41195,68,0
NODE,0.758893,999,42910.860000,8509450256,41216,33,0
NODE,0.758893,999,48579.420000,10048049906,41181,31,0
NODE,0.758893,999,40957.220000,7480946478,41223,5,0
NODE,0.758893,999,42914.210000,9083524429,41218,71,0
NODE,0.758893,999,46374.200000,8920621232,41200,6,0
NODE,0.758893,999,40908.030000,7270891003,41224,8,0
NODE,0.758893,999,45494.470000,8382795828,41205,22,0
NODE,0.758893,999,46453.230000,8852031971,41202,77,0
NODE,0.758893,999,46805.200000,9055932790,41201,7,0
NODE,0.758893,999,44917.430000,9237342931,41214,50,0
NODE,0.758893,999,46114.230000,8515805331,41210,60,0
NODE,0.758893,999,46620.950000,9237341323,41207,26,0
NODE,0.758893,999,43657.320000,8406978131,41221,62,0
NODE,0.758893,999,45302.450000,8904788360,41217,34,0
NODE,0.758893,999,44145.690000,8974638862,41219,14,0
NODE,0.758893,999,47454.110000,9466596018,41208,53,0
NODE,0.758893,999,49320.940000,9057299749,41194,65,0
NODE,0.758893,999,46526.930000,9046679518,41215,45,0
NODE,0.758893,999,41658.290000,7604255105,41228,67,0
NODE,0.758893,999,44270.280000,8530172366,41222,23,0
NODE,0.758893,999,43399.710000,8247284917,41225,79,0
NODE,0.758893,999,50134.380000,9308123374,41193,47,0
NODE,0.758893,999,51286.160000,10287090510,41187,10,0
NODE,0.758893,999,52680.290000,11265894541,41182,63,0
NODE,0.758893,999,48879.320000,9488025970,41209,38,0
NODE,0.758893,999,44277.150000,8173398175,41227,78,0
NODE,0.758893,999,44439.440000,8263609394,41226,61,0
NODE,0.758893,999,54208.250000,11344679352,41178,39,0
NODE,0.758893,999,50614.160000,9134538691,41204,35,0
NODE,0.758893,999,52273.930000,10129162886,41192,52,0
NODE,0.758893,999,44695.920000,8368113861,41233,43,0
NODE,0.758893,999,44737.180000,8514809918,41234,18,0
NODE,0.758893,999,45335.900000,8268962605,41230,4,0
NODE,0.758893,999,50921.030000,10602683810,41211,30,0
NODE,0.758893,999,46308.710000,8150023318,41229,32,0
NODE,0.758893,999,48136.590000,9612581120,41232,74,0
NODE,0.758893,999,48290.570000,9407403424,41231,73,0
NODE,0.758893,999,51998.920000,10084353397,41235,70,0
NODE,0.758893,999,50134.370000,9895510098,41236,3,0
NODE,0.758893,999,39158.760000,7504000313,41238,46,0
NODE,0.758893,999,43399.260000,8462050098,41242,16,0
NODE,0.758893,999,45073.570000,8745658805,41240,29,0
NODE,0.758893,999,46808.420000,9672072882,41239,28,0
NODE,0.758893,999,41099.060000,7802657035,41258,21,0
NODE,0.758893,999,49290.800000,8773541335,41237,49,0
NODE,0.758893,999,44271.970000,9080026402,41245,17,0
NODE,0.758893,999,46718.670000,9081410013,41244,66,0
NODE,0.758893,999,42986.000000,8328202739,41261,36,0
NODE,0.758893,999,44790.180000,8417969504,41253,72,0
NODE,0.758893,999,42650.090000,8377123093,41268,51,0
NODE,0.758893,999,46417.890000,9295443053,41246,15,0
NODE,0.758893,999,45643.710000,8942777661,41254,40,0
NODE,0.758893,999,45117.530000,7958628980,41257,48,0
NODE,0.758893,999,49658.590000,9835659475,41241,58,0
NODE,0.758893,999,49021.790000,10042740671,41243,57,0
NODE,0.758893,999,47416.320000,9196311092,41248,37,0
NODE,0.758893,999,45953.700000,9040014122,41256,1,0
NODE,0.758893,999,46108.820000,9618766006,41255,42,0
NODE,0.758893,999,43641.390000,7937020261,41272,19,0
NODE,0.758893,999,46774.690000,8476832412,41252,24,0
NODE,0.758893,999,44259.820000,8671214609,41269,2,0
NODE,0.758893,999,45494.350000,9133152076,41264,56,0
NODE,0.758893,999,48680.250000,10226884336,41247,54,0
NODE,0.758893,999,45477.040000,9097153693,41265,13,0
NODE,0.758893,999,43573.710000,8185730577,41280,71,0
NODE,0.758893,999,46043.960000,9131569286,41263,12,0
NODE,0.758893,999,42807.830000,7730661547,41284,77,0
NODE,0.758893,999,48826.800000,9173259176,41249,27,0
NODE,0.758893,999,45150.120000,8982360609,41270,55,0
NODE,0.758893,999,45359.140000,8608573225,41273,20,0
NODE,0.758893,999,45807.040000,8911980723,41271,44,0
NODE,0.758893,999,47137.000000,8989111312,41262,64,0
NODE,0.758893,999,46635.680000,9292109541,41266,11,0
NODE,0.758893,999,44701.620000,8807845323,41281,6,0
NODE,0.758893,999,47119.130000,10065657509,41267,76,0
NODE,0.758893,999,46029.020000,8394809228,41275,59,0
NODE,0.758893,999,44089.360000,8197257020,41288,26,0
NODE,0.758893,999,49437.930000,10301180941,41259,9,0
NODE,0.758893,999,47401.420000,8764280514,41274,69,0
NODE,0.758893,999,45884.540000,8814805475,41285,7,0
NODE,0.758893,999,49992.470000,10077582462,41260,75,0
NODE,0.758893,999,44355.010000,8712130219,41293,65,0
NODE,0.758893,999,47731.920000,9057994537,41276,68,0
NODE,0.758893,999,52333.680000,10523947645,41250,25,0
NODE,0.758893,999,48400.600000,8962398803,41277,33,0
NODE,0.758893,999,45794.140000,8639756628,41290,34,0
NODE,0.758893,999,46555.330000,8377788260,41287,60,0
NODE,0.758893,999,47758.640000,9593813435,41283,22,0
NODE,0.758893,999,48113.510000,9702943991,41282,8,0
NODE,0.758893,999,46200.490000,8453958538,41291,14,0
NODE,0.758893,999,53184.480000,10315521651,41251,41,0
NODE,0.758893,999,45345.550000,8283478705,41299,10,0
NODE,0.758893,999,45795.070000,8226556546,41298,47,0
NODE,0.758893,999,47213.350000,8979532579,41289,62,0
NODE,0.758893,999,49521.460000,9100182742,41279,5,0
NODE,0.758893,999,49049.920000,8703014243,41286,50,0
NODE,0.758893,999,50588.780000,9798741195,41278,31,0
NODE,0.758893,999,48098.040000,9361788214,41297,79,0
NODE,0.758893,999,48708.140000,9406613054,41292,53,0
NODE,0.758893,999,48955.530000,9398084535,41294,45,0
NODE,0.758893,999,49735.120000,9675442318,41296,23,0
NODE,0.758893,999,47111.900000,8893034527,41306,52,0
NODE,0.758893,999,48669.490000,8777157538,41302,78,0
NODE,0.758893,999,46788.430000,8940073740,41310,30,0
NODE,0.758893,999,49553.540000,9071077096,41300,63,0
NODE,0.758893,999,51802.280000,10111145106,41295,67,0
NODE,0.758893,999,50038.660000,9167364289,41304,39,0
NODE,0.758893,999,51443.340000,10511025833,41301,38,0
NODE,0.758893,999,50436.300000,9081473946,41305,35,0
NODE,0.758893,999,49653.580000,9110044379,41307,43,0
NODE,0.758893,999,51553.550000,9189394661,41303,61,0
NODE,0.758893,999,49902.930000,9159511233,41308,18,0
NODE,0.758893,999,48930.570000,8746905541,41311,32,0
NODE,0.758893,999,50876.450000,9289062339,41309,4,0
NODE,0.758893,999,48401.930000,8747579812,41312,74,0
NODE,0.758893,999,45951.170000,8388128199,41315,3,0
NODE,0.758893,999,54111.090000,10778215288,41313,73,0
NODE,0.758893,999,52435.820000,10190849117,41314,70,0
NODE,0.758893,999,51856.170000,9949917111,41316,46,0
NODE,0.758893,999,42735.820000,7581944160,41322,17,0
NODE,0.758893,999,43743.440000,7413388129,41321,49,0
NODE,0.758893,999,43084.080000,7596152454,41323,66,0
NODE,0.758893,999,45433.710000,8511828846,41320,21,0
NODE,0.758893,999,46402.820000,8878246628,41318,29,0
NODE,0.758893,999,42461.550000,7776125245,41326,51,0
NODE,0.758893,999,43967.260000,8005202174,41325,72,0
NODE,0.758893,999,48659.320000,9395530916,41317,16,0
NODE,0.758893,999,42843.120000,7975125302,41332,37,0
NODE,0.758893,999,43300.630000,8166360596,41333,1,0
NODE,0.758893,999,38367.230000,6881118186,41359,68,0
NODE,0.758893,999,42578.030000,7907424065,41340,13,0
NODE,0.758893,999,44462.980000,8407561535,41330,58,0
NODE,0.758893,999,44431.790000,7894197886,41336,24,0
NODE,0.758893,999,46217.910000,8664808794,41327,15,0
NODE,0.758893,999,43779.980000,7320415598,41339,54,0
NODE,0.758893,999,47205.580000,8395554109,41324,36,0
NODE,0.758893,999,50101.220000,10475835643,41319,28,0
NODE,0.758893,999,44004.680000,7805067903,41341,71,0
NODE,0.758893,999,42436.230000,8092259619,41352,59,0
NODE,0.758893,999,40462.500000,8059858112,41362,34,0
NODE,0.758893,999,46624.160000,9050854022,41335,19,0
NODE,0.758893,999,47651.900000,8893269189,41328,40,0
NODE,0.758893,999,41023.170000,7516730560,41364,22,0
NODE,0.758893,999,45624.210000,8346551952,41343,77,0
NODE,0.758893,999,42486.880000,7133332895,41356,7,0
NODE,0.758893,999,46971.040000,8483723047,41337,2,0
NODE,0.758893,999,43909.470000,7741928088,41353,26,0
NODE,0.758893,999,48249.450000,9195482117,41329,48,0
NODE,0.758893,999,47566.750000,8969111443,41334,42,0
NODE,0.758893,999,40662.560000,7056032297,41369,47,0
NODE,0.758893,999,47881.160000,9081984564,41331,57,0
NODE,0.758893,999,45636.350000,8503229401,41347,44,0
NODE,0.758893,999,42786.290000,8312787311,41360,25,0
NODE,0.758893,999,40843.290000,8089817956,41370,62,0
NODE,0.758893,999,41826.440000,7523105720,41366,14,0
NODE,0.758893,999,42225.950000,7765233878,41367,41,0
NODE,0.758893,999,47152.460000,8331625328,41345,55,0
NODE,0.758893,999,42148.600000,7919989508,41368,10,0
NODE,0.758893,999,43174.970000,8385699619,41361,33,0
NODE,0.758893,999,44389.840000,8960995612,41358,65,0
NODE,0.758893,999,46939.810000,7843669328,41348,64,0
NODE,0.758893,999,44928.160000,7905940501,41355,69,0
NODE,0.758893,999,48350.300000,8864000316,41338,56,0
NODE,0.758893,999,44553.910000,8093847288,41357,75,0
NODE,0.758893,999,47873.860000,9371935126,41342,12,0
NODE,0.758893,999,47888.260000,8603297532,41344,27,0
NODE,0.758893,999,41485.120000,7668663790,41372,50,0
NODE,0.758893,999,40824.080000,7377295097,41374,79,0
NODE,0.758893,999,47893.490000,9027410607,41346,20,0
NODE,0.758893,999,39293.350000,7059550695,41380,30,0
NODE,0.758893,999,48214.630000,8535294278,41350,6,0
NODE,0.758893,999,45163.440000,8557468178,41363,60,0
NODE,0.758893,999,48329.870000,8674208990,41351,76,0
NODE,0.758893,999,41982.280000,7925554605,41376,45,0
NODE,0.758893,999,42907.540000,8046027527,41375,53,0
NODE,0.758893,999,45834.750000,8648448651,41365,8,0
NODE,0.758893,999,41995.380000,7532677129,41379,78,0
NODE,0.758893,999,45620.030000,8309708425,41371,5,0
NODE,0.758893,999,50505.890000,9287578735,41349,11,0
NODE,0.758893,999,49217.820000,9079057861,41354,9,0
NODE,0.758893,999,39906.070000,6982232896,41385,35,0
NODE,0.758893,999,43031.480000,7509093106,41377,23,0
NODE,0.758893,999,42304.350000,7330590435,41381,63,0
NODE,0.758893,999,40339.290000,7488190086,41387,61,0
NODE,0.758893,999,41749.160000,7283421386,41382,67,0
NODE,0.758893,999,43810.430000,8038984966,41378,52,0
NODE,0.758893,999,41277.390000,7196945623,41384,38,0
NODE,0.758893,999,40229.850000,7118851814,41391,74,0
NODE,0.758893,999,43428.870000,8050048572,41383,39,0
NODE,0.758893,999,43511.230000,8420723261,41386,43,0
NODE,0.758893,999,38763.970000,7064060178,41392,3,0
NODE,0.758893,999,43689.530000,7670237703,41390,4,0
NODE,0.758893,999,51491.260000,8958076822,41373,31,0
NODE,0.758893,999,45629.020000,8531817005,41388,18,0
NODE,0.758893,999,45701.280000,8195356419,41389,32,0
NODE,0.758893,999,42430.800000,8146293444,41393,73,0
NODE,0.758893,999,43676.070000,8323244895,41394,70,0
NODE,0.758893,999,42627.270000,8270329300,41395,46,0
NODE,0.758893,999,40519.190000,6967341781,41403,16,0
NODE,0.758893,999,42403.450000,7919753096,41400,29,0
NODE,0.758893,999,42992.940000,8418630341,41399,21,0
NODE,0.758893,999,42954.680000,7844247351,41402,72,0
NODE,0.758893,999,44469.870000,7792070870,41401,51,0
NODE,0.758893,999,43452.830000,8000322191,41404,37,0
NODE,0.758893,999,42992.490000,7584490500,41405,1,0
NODE,0.758893,999,48135.190000,9107945829,41396,17,0
NODE,0.758893,999,43468.610000,7720913599,41406,68,0
NODE,0.758893,999,49285.970000,8650383970,41397,49,0
NODE,0.758893,999,48404.940000,9299818340,41398,66,0
NODE,0.758893,999,45978.220000,8778219171,41407,13,0
NODE,0.758893,999,43071.070000,8047233521,41419,22,0
NODE,0.758893,999,42678.870000,7976459341,41426,47,0
NODE,0.758893,999,46664.940000,8316790842,41408,58,0
NODE,0.758893,999,43985.310000,8705525423,41418,40,0
NODE,0.758893,999,45914.120000,8259808581,41410,15,0
NODE,0.758893,999,42418.010000,8396203614,41436,65,0
NODE,0.758893,999,47306.110000,9095073615,41412,36,0
NODE,0.758893,999,46955.570000,9266322874,41415,59,0
NODE,0.758893,999,47333.200000,9062278341,41413,28,0
NODE,0.758893,999,45649.110000,8325346416,41421,7,0
NODE,0.758893,999,48219.940000,8292146346,41409,24,0
NODE,0.758893,999,48242.150000,9868222358,41411,54,0
NODE,0.758893,999,45609.920000,8964976520,41428,44,0
NODE,0.758893,999,44936.090000,8735006027,41434,10,0
NODE,0.758893,999,46457.760000,9520108637,41423,26,0
NODE,0.758893,999,46869.510000,8632775303,41425,42,0
NODE,0.758893,999,49156.060000,9954289916,41414,71,0
NODE,0.758893,999,47725.450000,8915928800,41420,77,0
NODE,0.758893,999,47361.010000,8809421475,41429,25,0
NODE,0.758893,999,48485.210000,8863071057,41417,19,0
NODE,0.758893,999,48916.870000,9912852107,41416,34,0
NODE,0.758893,999,46205.070000,9262891102,41437,64,0
NODE,0.758893,999,46788.880000,10181072220,41435,33,0
NODE,0.758893,999,46293.980000,8968454587,41443,50,0
NODE,0.758893,999,42721.140000,8233298034,41457,35,0
NODE,0.758893,999,46207.980000,8451601575,41445,20,0
NODE,0.758893,999,48556.650000,8366984634,41427,57,0
NODE,0.758893,999,43685.890000,8268753265,41454,5,0
NODE,0.758893,999,48699.930000,9693213619,41431,14,0
NODE,0.758893,999,47637.420000,9419680627,41441,12,0
NODE,0.758893,999,49579.810000,9108463865,41422,2,0
NODE,0.758893,999,48020.710000,9668657317,41439,56,0
NODE,0.758893,999,41393.950000,7734624554,41464,74,0
NODE,0.758893,999,47667.020000,8975786990,41444,79,0
NODE,0.758893,999,48944.220000,10195593938,41433,55,0
NODE,0.758893,999,48614.710000,9411799634,41440,75,0
NODE,0.758893,999,50125.930000,9772511944,41430,62,0
NODE,0.758893,999,47238.850000,9435082501,41448,60,0
NODE,0.758893,999,50950.680000,10421949719,41424,48,0
NODE,0.758893,999,45931.750000,8270052320,41453,78,0
NODE,0.758893,999,49299.190000,9776163274,41442,27,0
NODE,0.758893,999,45687.700000,8975721689,41455,11,0
NODE,0.758893,999,46716.060000,8939406973,41451,53,0
NODE,0.758893,999,50277.600000,9840530889,41432,41,0
NODE,0.758893,999,44728.070000,8087989350,41462,52,0
NODE,0.758893,999,48217.560000,9419656446,41447,6,0
NODE,0.758893,999,44544.880000,8524201159,41463,38,0
NODE,0.758893,999,48799.180000,10673818840,41446,30,0
NODE,0.758893,999,46017.590000,8879734058,41456,9,0
NODE,0.758893,999,47341.150000,8868193684,41452,8,0
NODE,0.758893,999,48400.060000,8928451243,41449,76,0
NODE,0.758893,999,51332.400000,9907317343,41438,69,0
NODE,0.758893,999,48371.400000,10344621415,41458,23,0
NODE,0.758893,999,48417.050000,9196606098,41459,63,0
NODE,0.758893,999,48636.990000,9879081307,41461,67,0
NODE,0.758893,999,49659.530000,9221564918,41460,61,0
NODE,0.758893,999,46951.250000,8803531934,41466,43,0
NODE,0.758893,999,52661.900000,9650204913,41450,45,0
NODE,0.758893,999,45509.310000,8084485030,41470,18,0
NODE,0.758893,999,46864.160000,9173881360,41469,31,0
NODE,0.758893,999,51892.750000,9359329827,41465,39,0
NODE,0.758893,999,50768.620000,9960708791,41467,3,0
NODE,0.758893,999,50146.300000,9455342135,41471,32,0
NODE,0.758893,999,53760.240000,10737813379,41468,4,0
NODE,0.758893,999,44682.930000,8112737150,41473,70,0
NODE,0.758893,999,51266.120000,9507161860,41472,73,0
NODE,0.758893,999,42313.930000,8054616238,41474,46,0
NODE,0.758893,999,42511.290000,7840224239,41476,29,0
NODE,0.758893,999,44702.750000,8166691133,41475,16,0
NODE,0.758893,999,45866.360000,8947922972,41480,37,0
NODE,0.758893,999,48687.570000,9199194830,41477,21,0
NODE,0.758893,999,47385.670000,8924195138,41478,72,0
NODE,0.758893,999,46434.740000,8537148300,41481,1,0
NODE,0.758893,999,47094.190000,8356176764,41482,17,0
NODE,0.758893,999,47410.930000,9048052237,41483,68,0
NODE,0.758893,999,42091.150000,8303694070,41494,59,0
NODE,0.758893,999,41788.590000,7792340928,41496,7,0
NODE,0.758893,999,41581.340000,7708880076,41501,26,0
NODE,0.758893,999,46447.540000,8669734035,41485,66,0
NODE,0.758893,999,50562.810000,9069510392,41479,51,0
NODE,0.758893,999,40465.630000,7132031313,41513,57,0
NODE,0.758893,999,45927.570000,9408476021,41491,15,0
NODE,0.758893,999,46001.810000,8743567142,41490,40,0
NODE,0.758893,999,48232.910000,9414246606,41484,49,0
NODE,0.758893,999,40180.670000,7916111886,41515,14,0
NODE,0.758893,999,41133.410000,7609211369,41512,20,0
NODE,0.758893,999,38416.840000,6737745448,41531,52,0
NODE,0.758893,999,40852.520000,7804810202,41514,5,0
NODE,0.758893,999,44944.760000,8568314565,41493,36,0
NODE,0.758893,999,40219.270000,6886336844,41518,56,0
NODE,0.758893,999,39393.400000,6591799862,41524,60,0
NODE,0.758893,999,46129.680000,9002303708,41492,65,0
NODE,0.758893,999,44888.660000,8478758798,41497,24,0
NODE,0.758893,999,42380.570000,8088188266,41508,64,0
NODE,0.758893,999,44860.840000,8013534879,41498,54,0
NODE,0.758893,999,44524.430000,8234409106,41500,10,0
NODE,0.758893,999,47598.190000,8552022828,41489,58,0
NODE,0.758893,999,48109.040000,8595923700,41488,47,0
NODE,0.758893,999,39566.790000,6685915727,41530,41,0
NODE,0.758893,999,45996.380000,8442811973,41495,28,0
NODE,0.758893,999,38528.050000,6712126283,41538,69,0
NODE,0.758893,999,42185.810000,7512663354,41519,74,0
NODE,0.758893,999,41730.160000,7445425796,41523,62,0
NODE,0.758893,999,43117.000000,7911201078,41516,12,0
NODE,0.758893,999,44324.880000,8131275565,41511,35,0
NODE,0.758893,999,44789.550000,8546136146,41509,33,0
NODE,0.758893,999,45355.660000,8370385349,41507,34,0
NODE,0.758893,999,41694.240000,7004403047,41532,6,0
NODE,0.758893,999,41419.710000,7222441528,41536,8,0
NODE,0.758893,999,42242.300000,7012326392,41528,11,0
NODE,0.758893,999,45716.410000,8103823553,41506,19,0
NODE,0.758893,999,51030.180000,9462568556,41487,22,0
NODE,0.758893,999,47704.070000,8872591625,41499,44,0
NODE,0.758893,999,42075.930000,7456940246,41533,38,0
NODE,0.758893,999,42500.850000,7850376106,41529,53,0
NODE,0.758893,999,46963.350000,9003475375,41502,42,0
NODE,0.758893,999,42983.260000,7121836651,41526,78,0
NODE,0.758893,999,44120.320000,7663807128,41520,79,0
NODE,0.758893,999,44678.350000,8749263742,41517,2,0
NODE,0.758893,999,42455.890000,7300986850,41535,9,0
NODE,0.758893,999,47218.940000,8751667420,41504,77,0
NODE,0.758893,999,43423.600000,7524378500,41527,27,0
NODE,0.758893,999,44252.990000,8018293696,41522,75,0
NODE,0.758893,999,43956.240000,7561498024,41525,48,0
NODE,0.758893,999,39047.210000,6510668506,41542,61,0
NODE,0.758893,999,43748.050000,7301335968,41534,30,0
NODE,0.758893,999,41529.360000,6964397652,41539,23,0
NODE,0.758893,999,47998.870000,9308548952,41510,50,0
NODE,0.758893,999,42240.430000,7211544268,41540,63,0
NODE,0.758893,999,44801.310000,7914974380,41537,76,0
NODE,0.758893,999,49719.310000,9545854352,41505,25,0
NODE,0.758893,999,50780.630000,9907561084,41503,71,0
NODE,0.758893,999,47768.190000,8195885065,41521,55,0
NODE,0.758893,999,43134.860000,7490681661,41541,67,0
NODE,0.758893,999,56692.560000,11958383250,41486,13,0
NODE,0.758893,999,42396.630000,7801873343,41544,45,0
NODE,0.758893,999,41712.690000,7577230824,41546,31,0
NODE,0.758893,999,44710.530000,7658493615,41543,43,0
NODE,0.758893,999,43860.070000,7381133657,41545,18,0
NODE,0.758893,999,41560.250000,6939913154,41549,32,0
NODE,0.758893,999,43867.230000,8098474798,41548,3,0
NODE,0.758893,999,44260.460000,7827595466,41547,39,0
NODE,0.758893,999,40625.280000,6748144198,41551,70,0
NODE,0.758893,999,46555.580000,8645150868,41550,4,0
NODE,0.758893,999,47931.810000,8416203626,41552,73,0
NODE,0.758893,999,43906.700000,8243458372,41553,46,0
NODE,0.758893,999,42174.480000,8054810669,41555,16,0
NODE,0.758893,999,46852.310000,8599181706,41554,29,0
NODE,0.758893,999,40164.390000,7277951541,41562,59,0
NODE,0.758893,999,43015.140000,7509117304,41557,21,0
NODE,0.758893,999,43135.110000,7918938745,41558,72,0
NODE,0.758893,999,41936.630000,7184956980,41560,17,0
NODE,0.758893,999,43395.320000,7922676713,41559,1,0
NODE,0.758893,999,38538.200000,7326994126,41584,47,0
NODE,0.758893,999,40375.130000,7544203106,41571,14,0
NODE,0.758893,999,43415.200000,8043175796,41561,68,0
NODE,0.758893,999,40512.060000,7519366350,41578,65,0
NODE,0.758893,999,40944.210000,8651720466,41574,5,0
NODE,0.758893,999,41737.020000,7592076802,41569,40,0
NODE,0.758893,999,46635.820000,8096410413,41556,37,0
NODE,0.758893,999,43285.160000,7457501077,41565,66,0
NODE,0.758893,999,41293.860000,7928709654,41579,24,0
NODE,0.758893,999,40652.550000,7461411872,41585,41,0
NODE,0.758893,999,41195.450000,7857585941,41582,10,0
NODE,0.758893,999,42122.880000,8074145489,41577,60,0
NODE,0.758893,999,45355.860000,8377436943,41563,7,0
NODE,0.758893,999,40013.830000,8158719042,41595,8,0
NODE,0.758893,999,43362.370000,8216749455,41576,56,0
NODE,0.758893,999,40999.360000,7808530082,41590,12,0
NODE,0.758893,999,37440.340000,6897510929,41614,50,0
NODE,0.758893,999,43221.580000,7982838553,41581,54,0
NODE,0.758893,999,40094.030000,7215104238,41600,38,0
NODE,0.758893,999,40752.780000,7562509018,41593,34,0
NODE,0.758893,999,40044.940000,7479659618,41606,9,0
NODE,0.758893,999,45119.320000,8547993917,41568,15,0
NODE,0.758893,999,44288.900000,8699760387,41580,64,0
NODE,0.758893,999,40518.280000,7113092790,41603,78,0
NODE,0.758893,999,46562.670000,8521676083,41564,26,0
NODE,0.758893,999,44907.080000,8758553533,41573,52,0
NODE,0.758893,999,45081.400000,8352075905,41572,20,0
NODE,0.758893,999,41880.830000,8494045508,41592,33,0
NODE,0.758893,999,45815.030000,8480378400,41567,57,0
NODE,0.758893,999,45806.670000,9383928824,41575,36,0
NODE,0.758893,999,46336.070000,9099469628,41570,49,0
NODE,0.758893,999,47164.020000,9038455390,41566,51,0
NODE,0.758893,999,44175.110000,8347897900,41587,69,0
NODE,0.758893,999,43579.510000,8508493768,41589,62,0
NODE,0.758893,999,44910.290000,8947682903,41586,28,0
NODE,0.758893,999,41866.590000,7748943011,41604,79,0
NODE,0.758893,999,45491.220000,8880881081,41583,58,0
NODE,0.758893,999,43768.970000,8783670033,41594,6,0
NODE,0.758893,999,44310.230000,8807889762,41591,35,0
NODE,0.758893,999,42321.420000,8017813070,41611,61,0
NODE,0.758893,999,43076.370000,8033538134,41609,75,0
NODE,0.758893,999,41967.610000,7456290886,41613,23,0
NODE,0.758893,999,44431.880000,8337525045,41598,22,0
NODE,0.758893,999,44847.500000,9005968127,41597,19,0
NODE,0.758893,999,41482.230000,7643328109,41616,76,0
NODE,0.758893,999,39658.220000,7331288806,41622,45,0
NODE,0.758893,999,43876.540000,8386807605,41610,48,0
NODE,0.758893,999,45717.150000,8774309637,41596,11,0
NODE,0.758893,999,42650.240000,8064928689,41615,63,0
NODE,0.758893,999,45583.340000,8222171226,41601,53,0
NODE,0.758893,999,47365.730000,9489579343,41588,74,0
NODE,0.758893,999,45573.620000,8347295981,41605,2,0
NODE,0.758893,999,44604.390000,8583442833,41612,30,0
NODE,0.758893,999,42834.230000,8217828947,41617,25,0
NODE,0.758893,999,42186.500000,7703912813,41620,67,0
NODE,0.758893,999,46886.540000,8701571083,41602,42,0
NODE,0.758893,999,43052.760000,8193451638,41618,71,0
NODE,0.758893,999,46386.780000,9137545555,41607,77,0
NODE,0.758893,999,43362.320000,7341538931,41619,55,0
NODE,0.758893,999,47649.140000,9701787325,41599,44,0
NODE,0.758893,999,40049.810000,7070621336,41624,43,0
NODE,0.758893,999,41440.970000,8180667917,41623,31,0
NODE,0.758893,999,48328.770000,9082891240,41608,27,0
NODE,0.758893,999,44057.000000,7904910254,41625,18,0
NODE,0.758893,999,42116.130000,7492912360,41626,32,0
NODE,0.758893,999,47434.690000,8552068260,41621,13,0
NODE,0.758893,999,42044.180000,7736378097,41627,3,0
NODE,0.758893,999,42689.020000,7814202953,41628,39,0
NODE,0.758893,999,42006.170000,7836923481,41629,70,0
NODE,0.758893,999,41972.690000,7560089895,41630,4,0
NODE,0.758893,999,41645.570000,8041278501,41631,73,0
NODE,0.758893,999,40803.610000,7934166619,41632,46,0
NODE,0.758893,999,38999.230000,7375062913,41633,16,0
NODE,0.758893,999,37681.750000,7225418012,41634,29,0
NODE,0.758893,999,36490.500000,6708418408,41636,21,0
NODE,0.758893,999,37215.960000,6394009115,41635,59,0
NODE,0.758893,999,40048.950000,7137577419,41637,72,0
NODE,0.758893,999,38420.200000,6799774244,41641,14,0
NODE,0.758893,999,40147.620000,7669959168,41639,1,0
NODE,0.758893,999,40572.180000,7340790737,41638,17,0
NODE,0.758893,999,39517.530000,7498728008,41640,47,0
NODE,0.758893,999,40809.440000,7873271747,41642,68,0
NODE,0.758893,999,42124.820000,8016468302,41644,5,0
NODE,0.758893,999,42615.630000,8106982221,41647,66,0
NODE,0.758893,999,42849.690000,8390920491,41649,41,0
NODE,0.758893,999,39549.560000,7492371769,41666,20,0
NODE,0.758893,999,43895.290000,8506168406,41645,40,0
NODE,0.758893,999,41728.170000,7708221297,41655,12,0
NODE,0.758893,999,39382.520000,7621832336,41673,62,0
NODE,0.758893,999,42084.490000,7545889250,41653,8,0
NODE,0.758893,999,41273.570000,7598555919,41663,78,0
NODE,0.758893,999,40139.380000,7514397917,41672,69,0
NODE,0.758893,999,41716.010000,8077279226,41665,52,0
NODE,0.758893,999,45567.590000,9012913503,41646,37,0
NODE,0.758893,999,42194.560000,7970857732,41667,33,0
NODE,0.758893,999,45516.280000,8267194274,41648,24,0
NODE,0.758893,999,44651.800000,8688126230,41652,7,0
NODE,0.758893,999,43436.710000,8366832228,41657,54,0
NODE,0.758893,999,43062.340000,7789393021,41660,9,0
NODE,0.758893,999,46745.070000,9071143456,41643,65,0
NODE,0.758893,999,42744.840000,9073299042,41668,57,0
NODE,0.758893,999,39351.130000,7840981948,41686,48,0
NODE,0.758893,999,46184.730000,9232546483,41651,60,0
NODE,0.758893,999,42922.550000,7693711896,41671,51,0
NODE,0.758893,999,44982.450000,8364988699,41658,38,0
NODE,0.758893,999,45248.700000,8682775400,41659,34,0
NODE,0.758893,999,38257.310000,7671566239,41696,71,0
NODE,0.758893,999,38735.880000,7493131583,41694,67,0
NODE,0.758893,999,37985.560000,7176948674,41700,43,0
NODE,0.758893,999,43376.970000,7877295833,41674,28,0
NODE,0.758893,999,46257.820000,9010397387,41654,56,0
NODE,0.758893,999,47826.020000,9408441471,41650,10,0
NODE,0.758893,999,45198.080000,8276562840,41664,26,0
NODE,0.758893,999,45626.230000,8835960893,41661,15,0
NODE,0.758893,999,41284.830000,8993530966,41685,45,0
NODE,0.758893,999,44323.400000,9245219620,41669,36,0
NODE,0.758893,999,39274.350000,7270290188,41695,42,0
NODE,0.758893,999,45513.220000,9072916912,41662,64,0
NODE,0.758893,999,44126.460000,8492674804,41675,79,0
NODE,0.758893,999,44749.920000,9250185170,41670,49,0
NODE,0.758893,999,41940.350000,8574477019,41684,76,0
NODE,0.758893,999,43002.500000,8182178076,41679,61,0
NODE,0.758893,999,47149.690000,8645272839,41656,50,0
NODE,0.758893,999,43681.140000,8315693767,41678,35,0
NODE,0.758893,999,43446.030000,8556489746,41680,75,0
NODE,0.758893,999,42567.280000,9159756626,41687,11,0
NODE,0.758893,999,45861.150000,9276136970,41676,58,0
NODE,0.758893,999,42119.050000,8731479205,41693,25,0
NODE,0.758893,999,44662.990000,8814778313,41683,19,0
NODE,0.758893,999,41949.530000,8387258071,41698,55,0
NODE,0.758893,999,44039.440000,9787987314,41688,63,0
NODE,0.758893,999,46276.120000,9370546729,41681,23,0
NODE,0.758893,999,43955.460000,9524444852,41692,30,0
NODE,0.758893,999,43213.300000,8485660151,41697,77,0
NODE,0.758893,999,42206.490000,8489286031,41701,31,0
NODE,0.758893,999,44837.870000,8777337425,41690,74,0
NODE,0.758893,999,47420.950000,9767463566,41677,6,0
NODE,0.758893,999,41817.150000,8236647858,41702,27,0
NODE,0.758893,999,46841.960000,8668599334,41682,22,0
NODE,0.758893,999,45908.020000,9561489660,41689,53,0
NODE,0.758893,999,39676.860000,8095621097,41705,13,0
NODE,0.758893,999,44824.550000,9391531970,41699,44,0
NODE,0.758893,999,47061.130000,9000629835,41691,2,0
NODE,0.758893,999,41297.230000,8256215766,41704,32,0
NODE,0.758893,999,42217.170000,8123912674,41703,18,0
NODE,0.758893,999,44575.550000,9185445028,41706,3,0
NODE,0.758893,999,44747.400000,9846432440,41707,39,0
NODE,0.758893,999,44485.490000,9117041165,41708,70,0
NODE,0.758893,999,44715.790000,8292599143,41709,4,0
NODE,0.758893,999,40294.420000,7653846258,41712,16,0
NODE,0.758893,999,44548.430000,9143664917,41710,73,0
NODE,0.758893,999,41559.950000,7989286864,41711,46,0
NODE,0.758893,999,40100.990000,7587755404,41713,29,0
NODE,0.758893,999,41241.500000,7935796904,41715,59,0
NODE,0.758893,999,41677.830000,8122662773,41714,21,0
NODE,0.758893,999,39363.950000,7532988061,41720,47,0
NODE,0.758893,999,40902.810000,7842777113,41717,14,0
NODE,0.758893,999,41028.160000,8071442725,41716,72,0
NODE,0.758893,999,41142.080000,8846170116,41718,1,0
NODE,0.758893,999,41304.520000,7746205161,41721,68,0
NODE,0.758893,999,44274.090000,8682675051,41719,17,0
NODE,0.758893,999,41789.790000,8134487719,41723,66,0
NODE,0.758893,999,41602.630000,7922753690,41725,20,0
NODE,0.758893,999,43139.860000,8186199502,41722,5,0
NODE,0.758893,999,41327.000000,7987363260,41727,12,0
NODE,0.758893,999,42268.760000,8391658377,41724,41,0
NODE,0.758893,999,37726.760000,7424198091,41754,45,0
NODE,0.758893,999,43104.750000,8163557030,41726,40,0
NODE,0.758893,999,44815.060000,8972053194,41730,78,0
NODE,0.758893,999,41861.580000,7385082454,41749,28,0
NODE,0.758893,999,43983.930000,8591953021,41739,65,0
NODE,0.758893,999,45599.330000,8672758875,41731,69,0
NODE,0.758893,999,44844.880000,8471299624,41735,24,0
NODE,0.758893,999,43816.750000,8797538317,41741,48,0
NODE,0.758893,999,43313.430000,8462790553,41743,51,0
NODE,0.758893,999,43482.430000,8420197988,41742,60,0
NODE,0.758893,999,42497.270000,7513238832,41750,56,0
NODE,0.758893,999,38017.710000,7107324042,41776,6,0
NODE,0.758893,999,43094.970000,8462799657,41756,42,0
NODE,0.758893,999,43258.960000,8825426035,41758,79,0
NODE,0.758893,999,48255.570000,9310291027,41729,8,0
NODE,0.758893,999,46556.770000,8885803955,41738,9,0
NODE,0.758893,999,47531.960000,9384502734,41732,52,0
NODE,0.758893,999,41459.880000,7891915626,41768,19,0
NODE,0.758893,999,47710.760000,9211763186,41733,37,0
NODE,0.758893,999,44462.020000,8613884130,41755,36,0
NODE,0.758893,999,45233.730000,8661274552,41747,67,0
NODE,0.758893,999,44091.860000,9450715227,41761,61,0
NODE,0.758893,999,47634.090000,9527558450,41734,33,0
NODE,0.758893,999,43927.980000,8761216642,41763,35,0
NODE,0.758893,999,45127.960000,8841903557,41751,10,0
NODE,0.758893,999,44031.380000,9273122255,41762,50,0
NODE,0.758893,999,46307.720000,9449510711,41744,38,0
NODE,0.758893,999,49924.200000,9583442671,41728,62,0
NODE,0.758893,999,41138.070000,8099280810,41773,77,0
NODE,0.758893,999,47539.860000,9327365407,41740,57,0
NODE,0.758893,999,41459.450000,7628397324,41772,30,0
NODE,0.758893,999,46222.090000,9010267984,41748,43,0
NODE,0.758893,999,43878.740000,8627036694,41765,11,0
NODE,0.758893,999,46111.050000,9578730806,41752,26,0
NODE,0.758893,999,45850.110000,9375502274,41757,64,0
NODE,0.758893,999,43941.670000,8951485427,41766,58,0
NODE,0.758893,999,45561.230000,9962275264,41759,49,0
NODE,0.758893,999,44904.300000,9585809149,41764,75,0
NODE,0.758893,999,42053.140000,8372384041,41771,23,0
NODE,0.758893,999,41834.180000,8090580390,41777,27,0
NODE,0.758893,999,49483.840000,9380870732,41736,7,0
NODE,0.758893,999,47615.030000,9793154777,41746,71,0
NODE,0.758893,999,46416.680000,9994067508,41760,76,0
NODE,0.758893,999,50431.810000,9763041231,41737,54,0
NODE,0.758893,999,39777.600000,7652665994,41784,18,0
NODE,0.758893,999,45575.730000,9728588395,41767,25,0
NODE,0.758893,999,43892.340000,8819886180,41775,74,0
NODE,0.758893,999,42225.340000,7962711658,41780,13,0
NODE,0.758893,999,48693.420000,10004018110,41753,15,0
NODE,0.758893,999,45637.190000,9629144419,41770,63,0
NODE,0.758893,999,50644.330000,10519308809,41745,34,0
NODE,0.758893,999,45266.210000,9000355398,41778,22,0
NODE,0.758893,999,46228.250000,9492790331,41774,31,0
NODE,0.758893,999,45368.510000,8636195720,41779,53,0
NODE,0.758893,999,48038.160000,9935513874,41769,55,0
NODE,0.758893,999,45622.210000,9041278556,41781,44,0
NODE,0.758893,999,44948.210000,8598148873,41783,32,0
NODE,0.758893,999,45962.600000,9680406756,41782,2,0
NODE,0.758893,999,44248.200000,8385528949,41785,3,0
NODE,0.758893,999,43499.330000,8376094284,41786,39,0
NODE,0.758893,999,44492.350000,9271242070,41787,70,0
NODE,0.758893,999,40998.850000,7446655595,41790,73,0
NODE,0.758893,999,44912.890000,8784975470,41788,4,0
NODE,0.758893,999,43177.540000,7649732119,41792,29,0
NODE,0.758893,999,45741.400000,8818616879,41791,46,0
NODE,0.758893,999,47091.810000,9191373984,41789,16,0
NODE,0.758893,999,44215.930000,7882988643,41793,59,0
NODE,0.758893,999,44866.410000,8141964002,41794,21,0
NODE,0.758893,999,42367.610000,7950339856,41796,14,0
NODE,0.758893,999,45359.940000,8918532987,41795,47,0
NODE,0.758893,999,44679.220000,8437564767,41798,1,0
NODE,0.758893,999,45348.480000,8756352422,41797,72,0
NODE,0.758893,999,45654.000000,9353858479,41800,17,0
NODE,0.758893,999,42059.590000,8250125097,41807,40,0
NODE,0.758893,999,48420.680000,9467646029,41799,68,0
NODE,0.758893,999,45653.740000,8869712201,41805,41,0
NODE,0.758893,999,47086.560000,8423923482,41802,20,0
NODE,0.758893,999,47471.410000,9560972866,41801,66,0
NODE,0.758893,999,47552.410000,9349136681,41804,12,0
NODE,0.758893,999,42277.970000,8553967225,41814,51,0
NODE,0.758893,999,42667.020000,8655103448,41813,48,0
NODE,0.758893,999,49169.970000,9584066863,41803,5,0
NODE,0.758893,999,47642.190000,9121630455,41806,45,0
NODE,0.758893,999,43203.210000,8597730869,41817,6,0
NODE,0.758893,999,42743.760000,7926640707,41820,8,0
NODE,0.758893,999,45335.080000,9530910488,41815,60,0
NODE,0.758893,999,43201.920000,8187012542,41823,19,0
NODE,0.758893,999,42557.630000,8193041598,41832,38,0
NODE,0.758893,999,44839.360000,9064075485,41819,79,0
NODE,0.758893,999,44033.340000,8604880942,41830,10,0
NODE,0.758893,999,45220.470000,9138294361,41821,9,0
NODE,0.758893,999,44160.270000,8348335116,41834,77,0
NODE,0.758893,999,47904.120000,10016144105,41812,24,0
NODE,0.758893,999,48537.980000,9660687416,41810,65,0
NODE,0.758893,999,44572.680000,8411926913,41838,11,0
NODE,0.758893,999,44244.530000,8080945759,41839,26,0
NODE,0.758893,999,49490.140000,10060258080,41808,78,0
NODE,0.758893,999,44429.270000,8868082711,41840,64,0
NODE,0.758893,999,43938.520000,8519355014,41845,27,0
NODE,0.758893,999,48557.330000,9853014467,41816,56,0
NODE,0.758893,999,49473.060000,10356663204,41809,28,0
NODE,0.758893,999,49396.570000,10627653689,41811,69,0
NODE,0.758893,999,44175.880000,9231605358,41847,71,0
NODE,0.758893,999,43529.430000,8617611592,41849,54,0
NODE,0.758893,999,46682.710000,9482767801,41824,37,0
NODE,0.758893,999,44853.090000,8932432154,41846,7,0
NODE,0.758893,999,46822.340000,8683029458,41828,33,0
NODE,0.758893,999,46765.360000,9511994116,41829,35,0
NODE,0.758893,999,48628.190000,10543305237,41818,42,0
NODE,0.758893,999,44282.200000,8069927217,41850,18,0
NODE,0.758893,999,47460.240000,9327880137,41825,36,0
NODE,0.758893,999,46062.000000,8553141703,41842,49,0
NODE,0.758893,999,48261.690000,9549904563,41822,52,0
NODE,0.758893,999,46348.400000,9222190105,41844,23,0
NODE,0.758893,999,44375.320000,8396928925,41852,74,0
NODE,0.758893,999,47698.060000,10229109789,41831,50,0
NODE,0.758893,999,43678.220000,7906955200,41855,63,0
NODE,0.758893,999,47491.770000,9768260826,41833,62,0
NODE,0.758893,999,46748.770000,8495839987,41841,58,0
NODE,0.758893,999,48316.950000,9147776626,41827,61,0
NODE,0.758893,999,47450.770000,9380353754,41837,43,0
NODE,0.758893,999,45636.550000,8173014138,41851,25,0
NODE,0.758893,999,45331.010000,8359589929,41853,13,0
NODE,0.758893,999,47616.470000,9248209918,41843,75,0
NODE,0.758893,999,49183.190000,9946653349,41826,67,0
NODE,0.758893,999,48525.260000,9433217423,41836,30,0
NODE,0.758893,999,47289.710000,9077405838,41848,76,0
NODE,0.758893,999,44647.420000,8584002855,41858,31,0
NODE,0.758893,999,49861.550000,9661806483,41835,57,0
NODE,0.758893,999,45653.060000,9604260177,41859,53,0
NODE,0.758893,999,47773.150000,9382032428,41854,15,0
NODE,0.758893,999,46573.430000,9342478304,41857,22,0
NODE,0.758893,999,45711.940000,8537730126,41860,55,0
NODE,0.758893,999,45372.850000,8465874401,41861,44,0
NODE,0.758893,999,48012.410000,9274000432,41856,34,0
NODE,0.758893,999,45600.360000,8980365523,41862,32,0
NODE,0.758893,999,46502.650000,8765903842,41863,2,0
NODE,0.758893,999,45115.470000,9434045095,41865,39,0
NODE,0.758893,999,44595.490000,8304239700,41866,70,0
NODE,0.758893,999,50880.970000,9947762443,41864,3,0
NODE,0.758893,999,43784.670000,8533343599,41867,73,0
NODE,0.758893,999,45760.660000,8406758008,41868,4,0
NODE,0.758893,999,44560.440000,8894685344,41869,29,0
NODE,0.758893,999,42715.550000,8107769087,41871,16,0
NODE,0.758893,999,41565.900000,8443201477,41873,21,0
NODE,0.758893,999,43273.490000,8841426479,41872,59,0
NODE,0.758893,999,47187.530000,9486116927,41870,46,0
NODE,0.758893,999,46625.720000,8338051916,41874,14,0
NODE,0.758893,999,43813.750000,8395048671,41877,72,0
NODE,0.758893,999,45082.450000,8697195218,41876,1,0
NODE,0.758893,999,47141.410000,8850640158,41875,47,0
NODE,0.758893,999,41749.320000,8685417076,41883,66,0
NODE,0.758893,999,45473.770000,8275195012,41879,40,0
NODE,0.758893,999,37941.990000,7507237700,41894,79,0
NODE,0.758893,999,43249.170000,8246845239,41886,48,0
NODE,0.758893,999,42839.060000,9224398090,41887,5,0
NODE,0.758893,999,47772.510000,8823100152,41880,68,0
NODE,0.758893,999,42818.630000,8670564765,41889,6,0
NODE,0.758893,999,41990.880000,8145332482,41891,60,0
NODE,0.758893,999,42990.190000,8689370706,41890,8,0
NODE,0.758893,999,45637.860000,9551192210,41884,12,0
NODE,0.758893,999,45607.110000,8979511361,41885,51,0
NODE,0.758893,999,44660.670000,8771317113,41888,45,0
NODE,0.758893,999,42441.260000,7916568132,41893,38,0
NODE,0.758893,999,47820.180000,9572098256,41881,41,0
NODE,0.758893,999,42816.110000,8570038703,41892,19,0
NODE,0.758893,999,51675.920000,10198493085,41878,17,0
NODE,0.758893,999,40568.250000,7762994081,41907,69,0
NODE,0.758893,999,42876.550000,8922252835,41895,10,0
NODE,0.758893,999,41821.920000,7765526856,41899,65,0
NODE,0.758893,999,42809.080000,8388182455,41896,9,0
NODE,0.758893,999,48998.160000,9446906490,41882,20,0
NODE,0.758893,999,38311.070000,7347156442,41932,76,0
NODE,0.758893,999,42343.620000,8252493396,41904,27,0
NODE,0.758893,999,43773.250000,9068371002,41897,77,0
NODE,0.758893,999,40360.660000,7888407608,41926,43,0
NODE,0.758893,999,42549.380000,8482251431,41909,54,0
NODE,0.758893,999,43085.130000,9013828314,41906,28,0
NODE,0.758893,999,44320.510000,8576771292,41898,24,0
NODE,0.758893,999,41461.280000,8183359918,41923,62,0
NODE,0.758893,999,42914.820000,8413485134,41914,42,0
NODE,0.758893,999,41983.720000,8550945800,41925,61,0
NODE,0.758893,999,45336.420000,8909728171,41900,11,0
NODE,0.758893,999,43315.260000,8776140907,41918,52,0
NODE,0.758893,999,44082.480000,8720880674,41912,33,0
NODE,0.758893,999,44322.120000,8896615950,41911,7,0
NODE,0.758893,999,44865.360000,9101078371,41908,71,0
NODE,0.758893,999,45400.160000,9075148369,41905,56,0
NODE,0.758893,999,43540.140000,8538060311,41924,58,0
NODE,0.758893,999,41210.470000,8276919785,41934,57,0
NODE,0.758893,999,44226.720000,8568694145,41921,50,0
NODE,0.758893,999,43239.720000,9082659081,41927,25,0
NODE,0.758893,999,46874.380000,9596986212,41902,78,0
NODE,0.758893,999,45581.290000,9436242716,41916,36,0
NODE,0.758893,999,45086.480000,8637870178,41922,63,0
NODE,0.758893,999,44650.580000,9347720967,41928,13,0
NODE,0.758893,999,43311.220000,8702307659,41933,31,0
NODE,0.758893,999,42361.760000,8362627731,41935,53,0
NODE,0.758893,999,41637.790000,8554686738,41939,44,0
NODE,0.758893,999,42036.270000,8568742843,41938,55,0
NODE,0.758893,999,46829.420000,9111549867,41919,23,0
NODE,0.758893,999,49314.180000,10524277557,41901,26,0
NODE,0.758893,999,47011.320000,8831632064,41920,74,0
NODE,0.758893,999,42985.560000,8963813831,41937,22,0
NODE,0.758893,999,47848.550000,9421279926,41915,18,0
NODE,0.758893,999,42121.120000,8016484784,41940,34,0
NODE,0.758893,999,44049.560000,9545632801,41936,15,0
NODE,0.758893,999,50259.660000,10828659949,41903,64,0
NODE,0.758893,999,47023.370000,10144444053,41931,30,0
NODE,0.758893,999,47548.900000,10581129327,41930,67,0
NODE,0.758893,999,48539.910000,10251633299,41929,75,0
NODE,0.758893,999,50198.510000,9814546657,41917,49,0
NODE,0.758893,999,51192.180000,10572466281,41910,37,0
NODE,0.758893,999,43623.200000,8800699259,41942,2,0
NODE,0.758893,999,41735.770000,7793868007,41944,70,0
NODE,0.758893,999,46449.220000,9560912329,41941,32,0
NODE,0.758893,999,53869.280000,10845205648,41913,35,0
NODE,0.758893,999,44695.270000,8727723846,41943,39,0
NODE,0.758893,999,47177.210000,9671894032,41946,73,0
NODE,0.758893,999,49118.650000,9433402098,41945,3,0
NODE,0.758893,999,43360.850000,8773967265,41950,21,0
NODE,0.758893,999,45004.680000,9260252175,41951,59,0
NODE,0.758893,999,50280.530000,10100965261,41947,4,0
NODE,0.758893,999,48032.470000,9411335425,41949,16,0
NODE,0.758893,999,49172.440000,9231868373,41948,29,0
NODE,0.758893,999,42253.730000,9280221544,41954,72,0
NODE,0.758893,999,46030.800000,9350727539,41952,46,0
NODE,0.758893,999,41516.350000,8596696795,41956,47,0
NODE,0.758893,999,36891.500000,7155530282,41961,5,0
NODE,0.758893,999,38085.300000,7625362128,41965,8,0
NODE,0.758893,999,41638.250000,8232586981,41959,79,0
NODE,0.758893,999,39939.740000,8508330492,41960,48,0
NODE,0.758893,999,37921.600000,7655803726,41968,45,0
NODE,0.758893,999,38736.810000,7495403945,41964,60,0
NODE,0.758893,999,48571.430000,10034582224,41955,1,0
NODE,0.758893,999,43407.930000,8946040050,41957,66,0
NODE,0.758893,999,50432.270000,10858150085,41953,14,0
NODE,0.758893,999,41198.810000,7992311968,41962,68,0
NODE,0.758893,999,40773.110000,8487165607,41966,12,0
NODE,0.758893,999,40866.210000,8364244938,41967,51,0
NODE,0.758893,999,45373.650000,8765829166,41958,40,0
NODE,0.758893,999,41032.650000,8139778595,41971,19,0
NODE,0.758893,999,40254.740000,8396132633,41973,69,0
NODE,0.758893,999,42167.740000,8193435621,41972,17,0
NODE,0.758893,999,44721.690000,8761998923,41963,6,0
NODE,0.758893,999,41442.220000,8642445740,41975,65,0
NODE,0.758893,999,40316.620000,8111144125,41981,43,0
NODE,0.758893,999,42022.590000,8428169059,41977,20,0
NODE,0.758893,999,42999.600000,8781074256,41976,9,0
NODE,0.758893,999,45243.880000,8976827910,41969,38,0
NODE,0.758893,999,41238.020000,8478747614,41985,62,0
NODE,0.758893,999,41313.510000,8106036773,41984,24,0
NODE,0.758893,999,40319.250000,8139587266,41989,52,0
NODE,0.758893,999,43481.500000,9071355927,41979,27,0
NODE,0.758893,999,43132.640000,8544846989,41983,28,0
NODE,0.758893,999,46826.510000,9309359570,41970,41,0
NODE,0.758893,999,44594.570000,9209120898,41978,76,0
NODE,0.758893,999,45440.220000,9188479029,41974,10,0
NODE,0.758893,999,40263.680000,7390549690,41998,78,0
NODE,0.758893,999,42733.360000,8498148245,41987,61,0
NODE,0.758893,999,44609.100000,9286735524,41980,77,0
NODE,0.758893,999,44856.240000,9477984255,41982,54,0
NODE,0.758893,999,44781.340000,9208084088,41986,42,0
NODE,0.758893,999,43784.670000,8481969785,41993,56,0
NODE,0.758893,999,43166.670000,8137431694,41996,50,0
NODE,0.758893,999,44353.170000,9166390251,41992,71,0
NODE,0.758893,999,43967.390000,8285417989,41994,58,0
NODE,0.758893,999,42760.270000,7893838935,41999,36,0
NODE,0.758893,999,43059.720000,7839202334,42000,63,0
NODE,0.758893,999,45474.360000,9645253405,41990,33,0
NODE,0.758893,999,44882.740000,8350418966,41995,57,0
NODE,0.758893,999,46223.410000,9118635317,41988,11,0
NODE,0.758893,999,46649.150000,9643228762,41991,7,0
NODE,0.758893,999,45753.270000,8308272474,41997,25,0
