NODE,0.758893,999,36615.960000,6588575379,33833,76,0
NODE,0.758893,999,37177.910000,7273506386,33866,111,0
NODE,0.758893,999,37451.450000,7080290364,33906,218,0
NODE,0.758893,999,37474.040000,6873689984,33955,180,0
NODE,0.758893,999,37729.960000,6970697626,33957,172,0
NODE,0.758893,999,37733.830000,6935780375,33976,169,0
NODE,0.758893,999,37931.030000,7311443644,33796,92,0
NODE,0.758893,999,38052.890000,7324661555,33742,5,0
NODE,0.758893,999,38424.760000,7446451977,33889,126,0
NODE,0.758893,999,38438.350000,7108112160,33956,176,0
NODE,0.758893,999,38452.180000,7305786116,33749,15,0
NODE,0.758893,999,38553.020000,7617155263,33805,113,0
NODE,0.758893,999,38639.750000,7176939654,33913,53,0
NODE,0.758893,999,38662.380000,6955347253,33901,226,0
NODE,0.758893,999,38849.100000,6974265107,33798,154,0
NODE,0.758893,999,38920.710000,7347896381,33894,41,0
NODE,0.758893,999,39020.700000,7194722222,33757,28,0
NODE,0.758893,999,39063.130000,8007007176,33870,74,0
NODE,0.758893,999,39366.850000,7142923853,33841,212,0
NODE,0.758893,999,39462.680000,7660652698,33884,73,0
NODE,0.758893,999,39489.940000,7855818312,33740,1,0
NODE,0.758893,999,39617.440000,8151861802,33779,91,0
NODE,0.758893,999,39631.960000,6638281112,33898,47,0
NODE,0.758893,999,39738.240000,7347005173,33752,21,0
NODE,0.758893,999,39744.640000,7791799385,33743,6,0
NODE,0.758893,999,39747.400000,7792184190,33741,2,0
NODE,0.758893,999,39762.340000,7358089009,33836,221,0
NODE,0.758893,999,39793.550000,7411649897,33832,100,0
NODE,0.758893,999,39909.040000,7600327509,33931,217,0
NODE,0.758893,999,39936.950000,7818218532,33802,78,0
NODE,0.758893,999,40116.540000,7337615313,33781,58,0
NODE,0.758893,999,40329.900000,7638949679,33891,90,0
NODE,0.758893,999,40347.100000,8396711653,33864,81,0
NODE,0.758893,999,40376.610000,7302906295,33904,70,0
NODE,0.758893,999,40420.420000,7910097029,33744,8,0
NODE,0.758893,999,40818.100000,8506332550,33799,85,0
NODE,0.758893,999,40857.170000,8079144736,33837,96,0
NODE,0.758893,999,40896.150000,7721626594,33769,3,0
NODE,0.758893,999,40944.900000,7459707569,33907,205,0
NODE,0.758893,999,40977.270000,8080990078,33859,40,0
NODE,0.758893,999,41000.020000,8210149792,33750,16,0
NODE,0.758893,999,41063.650000,7641379855,33958,171,0
NODE,0.758893,999,41104.580000,8117905556,33935,211,0
NODE,0.758893,999,41137.660000,7814123164,33835,200,0
NODE,0.758893,999,41141.600000,7754447925,33795,155,0
NODE,0.758893,999,41175.690000,7918472049,33871,125,0
NODE,0.758893,999,41247.920000,7834464459,33797,141,0
NODE,0.758893,999,41267.360000,8311284769,33938,132,0
NODE,0.758893,999,41449.210000,8414473487,33851,114,0
NODE,0.758893,999,41460.050000,8167086258,33794,138,0
NODE,0.758893,999,41485.550000,8058771933,33772,9,0
NODE,0.758893,999,41535.960000,7400048252,33888,159,0
NODE,0.758893,999,41552.740000,7396996607,33754,25,0
NODE,0.758893,999,41564.170000,8490007417,33977,179,0
NODE,0.758893,999,41571.020000,7914509002,33756,27,0
NODE,0.758893,999,41583.860000,7972164691,33759,30,0
NODE,0.758893,999,41584.300000,8391154216,33876,236,0
NODE,0.758893,999,41616.600000,8111810636,33764,37,0
NODE,0.758893,999,41712.160000,8214442269,33761,34,0
NODE,0.758893,999,41795.840000,7940967989,33804,93,0
NODE,0.758893,999,41831.390000,8730405901,33745,11,0
NODE,0.758893,999,41868.350000,7576992809,33842,127,0
NODE,0.758893,999,41885.600000,7646607705,33758,29,0
NODE,0.758893,999,41885.360000,8267115213,33975,186,0
NODE,0.758893,999,41930.220000,8387411048,33920,232,0
NODE,0.758893,999,41944.810000,8663017103,33748,14,0
NODE,0.758893,999,41961.480000,7534551957,33964,189,0
NODE,0.758893,999,41967.360000,8634798497,33890,72,0
NODE,0.758893,999,42035.670000,8386322868,33933,202,0
NODE,0.758893,999,42069.270000,8062660208,33755,26,0
NODE,0.758893,999,42079.690000,8210537669,33782,83,0
NODE,0.758893,999,42079.780000,8183036434,33816,66,0
NODE,0.758893,999,42117.690000,8597977626,33746,12,0
NODE,0.758893,999,42151.560000,7597207209,33962,173,0
NODE,0.758893,999,42160.880000,8242208143,33810,43,0
NODE,0.758893,999,42213.760000,8347699472,33892,97,0
NODE,0.758893,999,42244.180000,8146963574,33936,215,0
NODE,0.758893,999,42251.390000,8711356670,33863,106,0
NODE,0.758893,999,42272.620000,8254821146,33887,137,0
NODE,0.758893,999,42281.820000,8123599210,33861,152,0
NODE,0.758893,999,42291.820000,8143177290,33765,38,0
NODE,0.758893,999,42317.050000,8840111607,33849,87,0
NODE,0.758893,999,42371.220000,8341078578,33845,60,0
NODE,0.758893,999,42406.790000,8650471106,33812,203,0
NODE,0.758893,999,42412.180000,8616313613,33850,131,0
NODE,0.758893,999,42444.500000,8185931927,33747,13,0
NODE,0.758893,999,42457.510000,7867146183,33831,42,0
NODE,0.758893,999,42569.570000,9087721652,33885,144,0
NODE,0.758893,999,42572.900000,7966935287,33783,75,0
NODE,0.758893,999,42607.210000,8313804069,33874,120,0
NODE,0.758893,999,42643.520000,8210948869,33973,167,0
NODE,0.758893,999,42641.070000,8650971940,33840,118,0
NODE,0.758893,999,42699.080000,8446665705,33846,109,0
NODE,0.758893,999,42725.420000,8371124499,33971,168,0
NODE,0.758893,999,42737.680000,8183946341,33961,160,0
NODE,0.758893,999,42768.160000,7912551499,33858,115,0
NODE,0.758893,999,42782.560000,8590630455,33838,156,0
NODE,0.758893,999,42790.180000,8161825293,33786,99,0
NODE,0.758893,999,42860.880000,8322328165,33818,101,0
NODE,0.758893,999,42866.510000,8281352798,33925,68,0
NODE,0.758893,999,42880.920000,8087931395,33915,209,0
NODE,0.758893,999,42898.380000,8578526704,33937,228,0
NODE,0.758893,999,42915.410000,8567583176,33924,71,0
NODE,0.758893,999,42980.970000,8513450441,33778,20,0
NODE,0.758893,999,42997.840000,8904758711,33820,129,0
NODE,0.758893,999,43049.350000,8480333633,33766,39,0
NODE,0.758893,999,43066.610000,8684147240,33768,24,0
NODE,0.758893,999,43073.800000,8606123977,33751,19,0
NODE,0.758893,999,43094.200000,8998028960,33862,153,0
NODE,0.758893,999,43173.220000,7453023655,33963,187,0
NODE,0.758893,999,43173.890000,8578338270,33922,57,0
NODE,0.758893,999,43196.530000,8236077201,33824,130,0
NODE,0.758893,999,43267.980000,9096677234,33879,59,0
NODE,0.758893,999,43346.400000,8994075713,33934,210,0
NODE,0.758893,999,43384.340000,8326269228,33753,22,0
NODE,0.758893,999,43481.970000,8676463388,33828,51,0
NODE,0.758893,999,43501.560000,8551979186,33817,110,0
NODE,0.758893,999,43517.820000,8649447504,33918,239,0
NODE,0.758893,999,43571.860000,8110861716,33853,206,0
NODE,0.758893,999,43597.220000,8093950006,33960,170,0
NODE,0.758893,999,43607.830000,8644332306,33872,150,0
NODE,0.758893,999,43635.160000,8365153695,33834,103,0
NODE,0.758893,999,43638.600000,8521544630,33886,46,0
NODE,0.758893,999,43710.600000,9454604276,33826,104,0
NODE,0.758893,999,43733.630000,8478323705,33813,112,0
NODE,0.758893,999,43749.470000,8418573758,33825,98,0
NODE,0.758893,999,43801.600000,8715398333,33900,222,0
NODE,0.758893,999,43801.820000,8500166182,33959,183,0
NODE,0.758893,999,43837.620000,8795647755,33873,117,0
NODE,0.758893,999,43842.510000,9054407875,33954,163,0
NODE,0.758893,999,43847.840000,8615604835,33791,121,0
NODE,0.758893,999,43896.960000,8429035170,33762,35,0
NODE,0.758893,999,43908.280000,8723429116,33788,69,0
NODE,0.758893,999,43958.970000,8652800805,33974,191,0
NODE,0.758893,999,44013.900000,8885366349,33776,32,0
NODE,0.758893,999,44034.560000,8927402352,33844,231,0
NODE,0.758893,999,44044.050000,8783900532,33760,31,0
NODE,0.758893,999,44057.330000,7853217044,33854,82,0
NODE,0.758893,999,44075.600000,8965354778,33940,166,0
NODE,0.758893,999,44090.910000,8513212712,33830,146,0
NODE,0.758893,999,44097.900000,9124522550,33790,116,0
NODE,0.758893,999,44120.220000,9019735066,33895,48,0
NODE,0.758893,999,44149.480000,8592130616,33843,105,0
NODE,0.758893,999,44153.550000,9122371709,33806,133,0
NODE,0.758893,999,44202.290000,8791869348,33909,136,0
NODE,0.758893,999,44207.640000,8492646417,33793,134,0
NODE,0.758893,999,44208.470000,8366742898,33897,94,0
NODE,0.758893,999,44259.470000,8253368776,33893,128,0
NODE,0.758893,999,44259.850000,8835396795,33775,23,0
NODE,0.758893,999,44268.650000,9243597291,33921,143,0
NODE,0.758893,999,44287.900000,9340019632,33848,80,0
NODE,0.758893,999,44335.500000,10069971824,33868,62,0
NODE,0.758893,999,44363.000000,8907616162,33807,79,0
NODE,0.758893,999,44371.620000,8297298337,33902,135,0
NODE,0.758893,999,44390.640000,7892503929,33905,223,0
NODE,0.758893,999,44454.870000,8415109310,33917,208,0
NODE,0.758893,999,44485.960000,8598781780,33928,230,0
NODE,0.758893,999,44495.490000,9608097509,33865,108,0
NODE,0.758893,999,44544.200000,8433784843,33896,84,0
NODE,0.758893,999,44556.800000,8407351291,33839,140,0
NODE,0.758893,999,44583.340000,8540740634,33966,178,0
NODE,0.758893,999,44587.990000,9153906310,33803,148,0
NODE,0.758893,999,44625.280000,9282958595,33815,54,0
NODE,0.758893,999,44652.790000,8669806450,33785,77,0
NODE,0.758893,999,44717.690000,7924116597,33903,157,0
NODE,0.758893,999,44755.990000,8734964457,33919,224,0
NODE,0.758893,999,44782.390000,8404534030,33910,229,0
NODE,0.758893,999,44788.530000,8748449565,33855,147,0
NODE,0.758893,999,44857.670000,8571940353,33774,17,0
NODE,0.758893,999,44904.920000,9448420463,33867,123,0
NODE,0.758893,999,44906.250000,9239283175,33882,107,0
NODE,0.758893,999,44911.890000,8648804664,33821,52,0
NODE,0.758893,999,44922.940000,8812821830,33787,45,0
NODE,0.758893,999,45051.120000,8414129055,33770,4,0
NODE,0.758893,999,45071.290000,9093285894,33953,199,0
NODE,0.758893,999,45172.020000,8989252646,33945,164,0
NODE,0.758893,999,45186.610000,8327350960,33967,177,0
NODE,0.758893,999,45189.950000,9628978372,33814,216,0
NODE,0.758893,999,45213.550000,8724240018,33780,56,0
NODE,0.758893,999,45278.300000,8932115988,33942,181,0
NODE,0.758893,999,45341.960000,9414459522,33881,124,0
NODE,0.758893,999,45377.440000,9020037682,33952,198,0
NODE,0.758893,999,45465.200000,9272815895,33877,237,0
NODE,0.758893,999,45525.060000,9605483959,33827,119,0
NODE,0.758893,999,45568.760000,8945963110,33811,227,0
NODE,0.758893,999,45590.870000,9822631085,33829,49,0
NODE,0.758893,999,45631.270000,8907914075,33939,192,0
NODE,0.758893,999,45639.730000,9263030412,33860,86,0
NODE,0.758893,999,45681.590000,8850680618,33856,225,0
NODE,0.758893,999,45705.010000,9500934276,33801,61,0
NODE,0.758893,999,45835.080000,8844613478,33978,182,0
NODE,0.758893,999,45844.010000,9414034283,33784,50,0
NODE,0.758893,999,45903.330000,9399786560,33929,233,0
NODE,0.758893,999,45906.270000,9309108043,33911,122,0
NODE,0.758893,999,45923.990000,8884487637,33899,220,0
NODE,0.758893,999,45929.990000,8696783149,33951,197,0
NODE,0.758893,999,45933.890000,8887813022,33808,65,0
NODE,0.758893,999,45939.190000,8341547456,33970,193,0
NODE,0.758893,999,45945.030000,9190098140,33930,214,0
NODE,0.758893,999,46032.810000,9167813468,33969,162,0
NODE,0.758893,999,46040.470000,10267704814,33869,63,0
NODE,0.758893,999,46165.040000,8976149888,33908,207,0
NODE,0.758893,999,46168.690000,8843315730,33789,95,0
NODE,0.758893,999,46191.450000,9292563883,33822,55,0
NODE,0.758893,999,46320.870000,8884797057,33926,213,0
NODE,0.758893,999,46333.710000,8682107785,33809,201,0
NODE,0.758893,999,46367.710000,8859364043,33912,142,0
NODE,0.758893,999,46422.120000,9494962103,33819,44,0
NODE,0.758893,999,46438.610000,9172360675,33914,235,0
NODE,0.758893,999,46464.860000,9727222390,33777,33,0
NODE,0.758893,999,46691.510000,8903277946,33847,234,0
NODE,0.758893,999,46722.440000,9193961654,33944,184,0
NODE,0.758893,999,46750.970000,9676730868,33972,165,0
NODE,0.758893,999,46769.730000,8805318421,33916,139,0
NODE,0.758893,999,46790.300000,9548661841,33852,145,0
NODE,0.758893,999,46838.380000,9731080477,33857,88,0
NODE,0.758893,999,46943.980000,10065478661,33948,195,0
NODE,0.758893,999,47212.220000,9011165109,33878,149,0
NODE,0.758893,999,47259.770000,9297748036,33800,102,0
NODE,0.758893,999,47274.730000,9785521630,33767,18,0
NODE,0.758893,999,47464.120000,9706743946,33771,7,0
NODE,0.758893,999,47473.130000,9667401629,33823,89,0
NODE,0.758893,999,47577.240000,9487113086,33927,219,0
NODE,0.758893,999,47605.260000,10595429780,33883,64,0
NODE,0.758893,999,47820.820000,9789568219,33947,175,0
NODE,0.758893,999,47841.020000,9261876390,33968,185,0
NODE,0.758893,999,47923.630000,9814993932,33923,67,0
NODE,0.758893,999,48028.730000,9520237296,33943,188,0
NODE,0.758893,999,48078.000000,9610534810,33773,10,0
NODE,0.758893,999,48179.520000,10245608406,33763,36,0
NODE,0.758893,999,48244.470000,9881812149,33949,190,0
NODE,0.758893,999,48298.420000,9436401243,33880,151,0
NODE,0.758893,999,48299.950000,9523247840,33932,238,0
NODE,0.758893,999,48386.740000,9897445472,33875,204,0
NODE,0.758893,999,48458.750000,9942636273,33792,158,0
NODE,0.758893,999,48625.260000,9128641363,33965,194,0
NODE,0.758893,999,48988.590000,9978026823,33950,196,0
NODE,0.758893,999,50073.990000,10400892302,33946,174,0
NODE,0.758893,999,54085.260000,10624487810,33941,161,0
NODE,0.758893,999,38175.380000,7383864869,33979,76,0
NODE,0.758893,999,40926.440000,7971086965,33980,111,0
NODE,0.758893,999,41256.730000,7735572704,33985,92,0
NODE,0.758893,999,44641.450000,8826654977,33982,180,0
NODE,0.758893,999,44595.800000,8757378098,33983,172,0
NODE,0.758893,999,43591.380000,8282915794,33998,73,0
NODE,0.758893,999,45797.540000,9794594730,33981,218,0
NODE,0.758893,999,45541.100000,8969000687,33984,169,0
NODE,0.758893,999,44627.340000,7921278702,33993,154,0
NODE,0.758893,999,44080.390000,8675936073,34000,91,0
NODE,0.758893,999,45087.300000,8863988855,33992,226,0
NODE,0.758893,999,46405.410000,9511021638,33991,53,0
NODE,0.758893,999,46160.180000,8858353468,33995,28,0
NODE,0.758893,999,46715.380000,8900409631,33990,113,0
NODE,0.758893,999,45881.830000,8946424079,33999,1,0
NODE,0.758893,999,46116.220000,9268416534,34001,47,0
NODE,0.758893,999,47980.180000,9925134801,33989,15,0
NODE,0.758893,999,48075.210000,9501428509,33987,126,0
NODE,0.758893,999,47250.820000,9121536844,33997,212,0
NODE,0.758893,999,49751.560000,9525599095,33986,5,0
NODE,0.758893,999,49817.230000,9725117270,33994,41,0
NODE,0.758893,999,49804.170000,10017769373,33996,74,0
NODE,0.758893,999,51853.380000,11234500260,33988,176,0
