NODE,0.758893,999,35661.340000,6614237620,34758,151,0
NODE,0.758893,999,38183.400000,7096256869,34656,174,0
NODE,0.758893,999,38200.280000,6911368966,34782,82,0
NODE,0.758893,999,38636.560000,7262815835,34668,189,0
NODE,0.758893,999,38659.420000,6920706580,34626,29,0
NODE,0.758893,999,38714.430000,7416196608,34657,177,0
NODE,0.758893,999,38858.130000,7275821386,34683,203,0
NODE,0.758893,999,38967.840000,7398901129,34762,78,0
NODE,0.758893,999,39026.610000,7303083761,34640,170,0
NODE,0.758893,999,39109.700000,6998736675,34775,132,0
NODE,0.758893,999,39196.390000,7653518350,34645,161,0
NODE,0.758893,999,39271.910000,6502525481,34768,126,0
NODE,0.758893,999,39280.420000,7010032655,34633,36,0
NODE,0.758893,999,39316.010000,7405429529,34774,134,0
NODE,0.758893,999,39373.310000,6729558046,34674,196,0
NODE,0.758893,999,39525.970000,7647041954,34672,194,0
NODE,0.758893,999,39575.710000,6876207277,34678,176,0
NODE,0.758893,999,39954.700000,7449432185,34623,26,0
NODE,0.758893,999,40042.920000,7522368524,34751,149,0
NODE,0.758893,999,40065.800000,7250900441,34658,175,0
NODE,0.758893,999,40114.150000,7244025405,34667,185,0
NODE,0.758893,999,40251.690000,7436064173,34760,77,0
NODE,0.758893,999,40366.110000,7802981247,34686,206,0
NODE,0.758893,999,40382.790000,7240323771,34666,188,0
NODE,0.758893,999,40404.090000,7643359923,34603,4,0
NODE,0.758893,999,40497.350000,7535303015,34687,208,0
NODE,0.758893,999,40520.130000,7962847645,34641,173,0
NODE,0.758893,999,40557.240000,7040346790,34628,31,0
NODE,0.758893,999,40589.560000,7082327454,34636,39,0
NODE,0.758893,999,40717.870000,7444220749,34789,92,0
NODE,0.758893,999,40739.010000,7614622211,34741,65,0
NODE,0.758893,999,40759.230000,7516348470,34767,127,0
NODE,0.758893,999,40802.570000,7774470017,34649,164,0
NODE,0.758893,999,40843.680000,7609634252,34680,201,0
NODE,0.758893,999,40929.500000,7428321533,34632,35,0
NODE,0.758893,999,40938.330000,7554686518,34663,181,0
NODE,0.758893,999,40935.560000,7152502019,34664,187,0
NODE,0.758893,999,40975.830000,7485292617,34652,168,0
NODE,0.758893,999,40983.370000,7729345765,34614,16,0
NODE,0.758893,999,41014.570000,7866318923,34675,197,0
NODE,0.758893,999,41040.360000,7661556461,34660,180,0
NODE,0.758893,999,41037.090000,7229354911,34834,118,0
NODE,0.758893,999,41135.630000,7716131144,34691,213,0
NODE,0.758893,999,41157.140000,7945368006,34816,83,0
NODE,0.758893,999,41158.150000,7651507803,34661,182,0
NODE,0.758893,999,41276.260000,8049341256,34627,30,0
NODE,0.758893,999,41271.240000,7166305018,34679,227,0
NODE,0.758893,999,41367.470000,7607753079,34759,76,0
NODE,0.758893,999,41411.890000,8385799451,34727,49,0
NODE,0.758893,999,41448.480000,7649908809,34609,10,0
NODE,0.758893,999,41494.760000,7747241251,34710,238,0
NODE,0.758893,999,41517.460000,7760607352,34682,202,0
NODE,0.758893,999,41524.620000,8110291377,34624,27,0
NODE,0.758893,999,41541.120000,8137316485,34690,211,0
NODE,0.758893,999,41610.950000,7262960105,34659,178,0
NODE,0.758893,999,41612.370000,7876189015,34650,165,0
NODE,0.758893,999,41616.550000,7655016532,34769,129,0
NODE,0.758893,999,41622.470000,7837627763,34662,179,0
NODE,0.758893,999,41659.760000,7847488425,34643,193,0
NODE,0.758893,999,41668.340000,8206990104,34688,209,0
NODE,0.758893,999,41691.830000,7919823791,34639,172,0
NODE,0.758893,999,41724.420000,8249368902,34817,85,0
NODE,0.758893,999,41729.460000,7714131479,34776,137,0
NODE,0.758893,999,41794.000000,8290219516,34720,47,0
NODE,0.758893,999,41834.050000,8187954853,34669,191,0
NODE,0.758893,999,41853.190000,7825105480,34763,122,0
NODE,0.758893,999,41891.550000,7433077788,34651,167,0
NODE,0.758893,999,41990.720000,8069210348,34729,51,0
NODE,0.758893,999,41988.150000,8158395104,34622,25,0
NODE,0.758893,999,42067.580000,8150137646,34746,133,0
NODE,0.758893,999,42111.990000,7288054615,34714,217,0
NODE,0.758893,999,42232.500000,8189303991,34629,32,0
NODE,0.758893,999,42271.290000,8084117118,34771,68,0
NODE,0.758893,999,42288.020000,7798240008,34676,198,0
NODE,0.758893,999,42323.750000,7474806315,34828,98,0
NODE,0.758893,999,42365.410000,7965072823,34786,87,0
NODE,0.758893,999,42424.610000,8062767305,34604,5,0
NODE,0.758893,999,42446.330000,8496625562,34814,60,0
NODE,0.758893,999,42460.590000,8095211656,34707,232,0
NODE,0.758893,999,42502.860000,8508394993,34719,45,0
NODE,0.758893,999,42560.650000,8463361146,34745,138,0
NODE,0.758893,999,42636.940000,7926325506,34634,37,0
NODE,0.758893,999,42671.620000,8002658319,34631,34,0
NODE,0.758893,999,42724.440000,8221867046,34648,162,0
NODE,0.758893,999,42823.700000,8134703416,34670,190,0
NODE,0.758893,999,42848.710000,8465735984,34671,192,0
NODE,0.758893,999,42875.050000,8387606957,34761,75,0
NODE,0.758893,999,42892.520000,7396108953,34681,205,0
NODE,0.758893,999,42945.150000,8357034563,34731,53,0
NODE,0.758893,999,42944.450000,8183916691,34794,97,0
NODE,0.758893,999,42961.660000,8533425921,34780,81,0
NODE,0.758893,999,42965.590000,8139401063,34685,207,0
NODE,0.758893,999,43104.450000,7812694377,34793,100,0
NODE,0.758893,999,43158.270000,8400982175,34647,160,0
NODE,0.758893,999,43178.290000,8239959275,34689,212,0
NODE,0.758893,999,43178.560000,8727745343,34728,50,0
NODE,0.758893,999,43193.550000,8201275418,34621,24,0
NODE,0.758893,999,43226.610000,7941129289,34638,15,0
NODE,0.758893,999,43377.190000,8407937711,34803,105,0
NODE,0.758893,999,43430.470000,8306696535,34705,231,0
NODE,0.758893,999,43443.070000,8046073797,34836,154,0
NODE,0.758893,999,43482.820000,8653782337,34738,125,0
NODE,0.758893,999,43595.790000,7771271432,34637,22,0
NODE,0.758893,999,43596.550000,8455173702,34692,215,0
NODE,0.758893,999,43639.220000,8504622339,34787,144,0
NODE,0.758893,999,43671.560000,8433234328,34766,123,0
NODE,0.758893,999,43689.780000,8600178380,34613,14,0
NODE,0.758893,999,43715.930000,9286460490,34721,41,0
NODE,0.758893,999,43787.410000,8635928123,34644,186,0
NODE,0.758893,999,43827.140000,8085390417,34800,157,0
NODE,0.758893,999,43825.080000,8678357528,34722,42,0
NODE,0.758893,999,43834.350000,8178051700,34772,130,0
NODE,0.758893,999,43848.880000,8291441784,34712,239,0
NODE,0.758893,999,43902.050000,8890260203,34642,184,0
NODE,0.758893,999,43901.040000,8160371007,34612,13,0
NODE,0.758893,999,43909.300000,8675173424,34608,9,0
NODE,0.758893,999,43917.790000,8254249376,34607,8,0
NODE,0.758893,999,43919.570000,8662312134,34757,74,0
NODE,0.758893,999,43934.570000,8416680458,34665,183,0
NODE,0.758893,999,43992.280000,8994199851,34718,237,0
NODE,0.758893,999,44014.200000,9160850672,34743,128,0
NODE,0.758893,999,44038.460000,8594461509,34693,218,0
NODE,0.758893,999,44046.500000,8583150009,34606,7,0
NODE,0.758893,999,44057.860000,7896928134,34620,23,0
NODE,0.758893,999,44088.460000,9081785407,34724,44,0
NODE,0.758893,999,44162.860000,7823449271,34823,89,0
NODE,0.758893,999,44185.310000,8585327534,34600,1,0
NODE,0.758893,999,44240.670000,8263710869,34713,210,0
NODE,0.758893,999,44284.680000,8207472151,34630,33,0
NODE,0.758893,999,44292.210000,8727440886,34795,155,0
NODE,0.758893,999,44351.030000,8860693104,34654,169,0
NODE,0.758893,999,44384.100000,8218272310,34706,233,0
NODE,0.758893,999,44386.160000,8478988187,34778,140,0
NODE,0.758893,999,44413.860000,8958187947,34735,120,0
NODE,0.758893,999,44419.270000,8687107411,34619,21,0
NODE,0.758893,999,44455.750000,8455084395,34802,159,0
NODE,0.758893,999,44491.880000,8760811176,34699,221,0
NODE,0.758893,999,44518.290000,8475533988,34807,109,0
NODE,0.758893,999,44558.200000,8949923169,34684,204,0
NODE,0.758893,999,44562.190000,8691345146,34709,235,0
NODE,0.758893,999,44566.600000,8224431378,34784,84,0
NODE,0.758893,999,44589.370000,8371991779,34737,57,0
NODE,0.758893,999,44609.850000,8672110885,34646,163,0
NODE,0.758893,999,44629.560000,9280947321,34601,2,0
NODE,0.758893,999,44697.150000,9178358632,34818,62,0
NODE,0.758893,999,44723.870000,8325292839,34726,48,0
NODE,0.758893,999,44759.130000,8257733598,34801,158,0
NODE,0.758893,999,44796.470000,8630300360,34779,139,0
NODE,0.758893,999,44805.450000,8634827290,34734,54,0
NODE,0.758893,999,44901.900000,8623676346,34827,96,0
NODE,0.758893,999,44911.570000,8694420695,34756,73,0
NODE,0.758893,999,44955.120000,8339457081,34792,99,0
NODE,0.758893,999,45003.570000,8352021501,34770,131,0
NODE,0.758893,999,45048.010000,8761996229,34799,103,0
NODE,0.758893,999,45131.920000,8765034773,34783,142,0
NODE,0.758893,999,45155.820000,8728991900,34740,59,0
NODE,0.758893,999,45167.770000,8878013214,34805,107,0
NODE,0.758893,999,45194.840000,8426705584,34694,220,0
NODE,0.758893,999,45245.600000,8314886602,34752,150,0
NODE,0.758893,999,45275.400000,8627919795,34744,67,0
NODE,0.758893,999,45282.190000,8468075096,34708,234,0
NODE,0.758893,999,45305.470000,8510276748,34704,229,0
NODE,0.758893,999,45389.800000,9611530140,34819,88,0
NODE,0.758893,999,45407.710000,8121891899,34703,230,0
NODE,0.758893,999,45503.840000,8607804605,34673,195,0
NODE,0.758893,999,45511.720000,9242214509,34736,58,0
NODE,0.758893,999,45533.960000,8831592983,34695,223,0
NODE,0.758893,999,45544.570000,8934247080,34711,236,0
NODE,0.758893,999,45548.650000,9085467242,34791,152,0
NODE,0.758893,999,45612.810000,8179865096,34781,143,0
NODE,0.758893,999,45614.000000,8614677636,34610,11,0
NODE,0.758893,999,45662.940000,8980125541,34702,226,0
NODE,0.758893,999,45686.690000,8161248711,34821,91,0
NODE,0.758893,999,45774.090000,8776737303,34750,148,0
NODE,0.758893,999,45828.560000,8674595440,34785,145,0
NODE,0.758893,999,45896.440000,8742024548,34829,104,0
NODE,0.758893,999,45937.500000,9423715681,34790,153,0
NODE,0.758893,999,46069.640000,8703007775,34653,166,0
NODE,0.758893,999,46181.540000,8586414289,34810,119,0
NODE,0.758893,999,46187.120000,9134507440,34806,111,0
NODE,0.758893,999,46233.630000,9222256945,34797,101,0
NODE,0.758893,999,46255.150000,9605097089,34808,40,0
NODE,0.758893,999,46292.180000,9130700268,34611,12,0
NODE,0.758893,999,46387.110000,9193633938,34602,3,0
NODE,0.758893,999,46405.480000,8890163150,34755,72,0
NODE,0.758893,999,46419.990000,9540075359,34723,43,0
NODE,0.758893,999,46425.880000,9215065669,34754,70,0
NODE,0.758893,999,46501.510000,8845928280,34615,17,0
NODE,0.758893,999,46556.620000,9067098914,34788,146,0
NODE,0.758893,999,46703.540000,9050631497,34677,199,0
NODE,0.758893,999,46768.320000,9683330787,34605,6,0
NODE,0.758893,999,46831.580000,8662528096,34764,121,0
NODE,0.758893,999,46833.840000,9248671143,34698,219,0
NODE,0.758893,999,46875.820000,9112952645,34824,94,0
NODE,0.758893,999,46887.730000,8996839854,34730,52,0
NODE,0.758893,999,46896.110000,8683562619,34733,56,0
NODE,0.758893,999,46913.680000,8985713444,34655,171,0
NODE,0.758893,999,46939.160000,8863949351,34716,222,0
NODE,0.758893,999,46959.160000,8731261164,34831,110,0
NODE,0.758893,999,46968.370000,8014012062,34835,116,0
NODE,0.758893,999,47046.010000,9242641064,34618,20,0
NODE,0.758893,999,47131.080000,9189271178,34815,64,0
NODE,0.758893,999,47136.440000,8898207872,34813,115,0
NODE,0.758893,999,47143.160000,8829856684,34820,86,0
NODE,0.758893,999,47209.780000,9395756260,34732,55,0
NODE,0.758893,999,47262.020000,9637951502,34773,79,0
NODE,0.758893,999,47335.460000,9230572482,34777,135,0
NODE,0.758893,999,47372.870000,8631445083,34635,38,0
NODE,0.758893,999,47521.900000,8871344539,34753,69,0
NODE,0.758893,999,47517.540000,9417533660,34825,93,0
NODE,0.758893,999,47589.320000,9665840516,34747,136,0
NODE,0.758893,999,47673.110000,9733426458,34625,28,0
NODE,0.758893,999,47822.400000,8324948625,34804,106,0
NODE,0.758893,999,47834.870000,9036404922,34715,200,0
NODE,0.758893,999,47860.910000,9987035973,34749,141,0
NODE,0.758893,999,48071.500000,8755567486,34809,147,0
NODE,0.758893,999,48150.810000,9630119819,34725,46,0
NODE,0.758893,999,48276.640000,9280513024,34830,108,0
NODE,0.758893,999,48348.890000,9796275070,34742,63,0
NODE,0.758893,999,48371.960000,9257821687,34696,214,0
NODE,0.758893,999,48528.710000,9207679411,34697,216,0
NODE,0.758893,999,48660.870000,9454096304,34837,80,0
NODE,0.758893,999,48735.840000,10033739131,34739,61,0
NODE,0.758893,999,48780.480000,9795034714,34617,19,0
NODE,0.758893,999,48821.940000,9637345514,34822,71,0
NODE,0.758893,999,49440.230000,8932880491,34833,112,0
NODE,0.758893,999,49731.760000,9621462746,34765,124,0
NODE,0.758893,999,49775.760000,10268813369,34700,225,0
NODE,0.758893,999,50078.070000,9656232354,34826,95,0
NODE,0.758893,999,50161.920000,10360586100,34748,66,0
NODE,0.758893,999,50274.750000,9782551899,34798,156,0
NODE,0.758893,999,50381.370000,10228230703,34832,113,0
NODE,0.758893,999,50969.970000,9921609401,34838,90,0
NODE,0.758893,999,51045.150000,9804604506,34812,114,0
NODE,0.758893,999,51109.060000,10243798756,34796,102,0
NODE,0.758893,999,51236.270000,10664743128,34701,228,0
NODE,0.758893,999,51629.480000,9939700315,34616,18,0
NODE,0.758893,999,51856.230000,10411261487,34717,224,0
NODE,0.758893,999,53533.930000,11509958038,34811,117,0
NODE,0.758893,999,41476.190000,6681306464,34841,82,0
NODE,0.758893,999,44685.080000,7960231580,34839,151,0
NODE,0.758893,999,42949.340000,8196555461,34844,177,0
NODE,0.758893,999,44059.600000,7732186714,34840,174,0
NODE,0.758893,999,42148.940000,7719014710,34863,4,0
NODE,0.758893,999,43690.880000,8796339075,34849,161,0
NODE,0.758893,999,44404.800000,7831669816,34842,189,0
NODE,0.758893,999,42851.050000,7294951517,34865,173,0
NODE,0.758893,999,44647.050000,8275869192,34845,203,0
NODE,0.758893,999,44261.300000,8545816647,34850,126,0
NODE,0.758893,999,44108.790000,8216042791,34855,176,0
NODE,0.758893,999,43507.480000,7990980313,34864,208,0
NODE,0.758893,999,42960.210000,8066002056,34895,129,0
NODE,0.758893,999,45100.880000,8155523957,34854,194,0
NODE,0.758893,999,42726.830000,8244121369,34907,25,0
NODE,0.758893,999,44245.450000,7585033483,34868,92,0
NODE,0.758893,999,43533.660000,7925494249,34890,202,0
NODE,0.758893,999,44689.530000,9153722094,34861,206,0
NODE,0.758893,999,43412.230000,8378130240,34906,51,0
NODE,0.758893,999,46407.670000,8527333978,34847,170,0
NODE,0.758893,999,40737.520000,7421974384,34986,139,0
NODE,0.758893,999,44603.050000,8675313301,34875,187,0
NODE,0.758893,999,44117.000000,8567927956,34888,10,0
NODE,0.758893,999,43485.150000,8482599991,34909,217,0
NODE,0.758893,999,44038.870000,8149074693,34896,179,0
NODE,0.758893,999,45112.800000,7765852048,34866,31,0
NODE,0.758893,999,47157.150000,8607209647,34843,29,0
NODE,0.758893,999,44654.670000,8433816454,34886,76,0
NODE,0.758893,999,46780.360000,8437453550,34852,134,0
NODE,0.758893,999,47029.410000,8807429037,34848,132,0
NODE,0.758893,999,45310.740000,8113810428,34872,201,0
NODE,0.758893,999,43306.340000,7924741671,34926,205,0
NODE,0.758893,999,44341.490000,8181447638,34905,167,0
NODE,0.758893,999,44040.770000,8500553698,34910,32,0
NODE,0.758893,999,43818.460000,8210474256,34917,232,0
NODE,0.758893,999,44092.210000,8150046908,34913,98,0
NODE,0.758893,999,42608.840000,7554889873,34955,8,0
NODE,0.758893,999,45590.910000,8826307791,34877,16,0
NODE,0.758893,999,43137.990000,7307065343,34939,154,0
NODE,0.758893,999,43389.740000,8219671097,34935,24,0
NODE,0.758893,999,47214.350000,9032464572,34853,196,0
NODE,0.758893,999,45631.320000,8811171407,34878,197,0
NODE,0.758893,999,45329.390000,9190990926,34887,49,0
NODE,0.758893,999,44722.870000,8540255254,34908,133,0
NODE,0.758893,999,46051.710000,8998069668,34870,127,0
NODE,0.758893,999,44538.020000,8116964159,34912,198,0
NODE,0.758893,999,42073.180000,8095224035,34987,54,0
NODE,0.758893,999,44541.060000,7677035755,34914,87,0
NODE,0.758893,999,45984.290000,8970235452,34873,35,0
NODE,0.758893,999,40389.710000,7651313234,35027,146,0
NODE,0.758893,999,45431.760000,9525237963,34892,211,0
NODE,0.758893,999,45155.030000,8770887041,34904,122,0
NODE,0.758893,999,43646.510000,7682611351,34938,231,0
NODE,0.758893,999,46396.550000,8739300848,34869,65,0
NODE,0.758893,999,43695.820000,7500667204,34940,125,0
NODE,0.758893,999,43298.980000,7741010487,34956,74,0
NODE,0.758893,999,45568.260000,8592117582,34897,193,0
NODE,0.758893,999,46442.930000,8486269387,34871,164,0
NODE,0.758893,999,41650.560000,8064660427,35009,11,0
NODE,0.758893,999,43456.140000,7900777957,34948,157,0
NODE,0.758893,999,46303.270000,9395531006,34879,180,0
NODE,0.758893,999,42471.800000,7784606601,34989,73,0
NODE,0.758893,999,46342.000000,8586485808,34883,182,0
NODE,0.758893,999,46419.930000,8218124448,34881,213,0
NODE,0.758893,999,43862.520000,8309196956,34947,186,0
NODE,0.758893,999,46399.840000,8944750956,34885,227,0
NODE,0.758893,999,47520.480000,9001878275,34860,77,0
NODE,0.758893,999,46297.530000,8599341140,34894,165,0
NODE,0.758893,999,47896.310000,8277532760,34858,175,0
NODE,0.758893,999,44825.800000,8617446953,34934,50,0
NODE,0.758893,999,42873.470000,8108808446,34994,59,0
NODE,0.758893,999,46546.630000,8968373129,34891,27,0
NODE,0.758893,999,47088.760000,9105697322,34880,118,0
NODE,0.758893,999,47590.030000,8353773292,34867,39,0
NODE,0.758893,999,48248.520000,8686157939,34856,26,0
NODE,0.758893,999,42673.890000,8178668978,35005,223,0
NODE,0.758893,999,45353.780000,8467471736,34925,75,0
NODE,0.758893,999,43380.030000,7832062286,34988,96,0
NODE,0.758893,999,45445.830000,8670474140,34924,192,0
NODE,0.758893,999,47327.270000,8620878774,34876,168,0
NODE,0.758893,999,45681.920000,8495201463,34920,37,0
NODE,0.758893,999,47953.730000,8636349111,34862,188,0
NODE,0.758893,999,46747.150000,8963795818,34893,178,0
NODE,0.758893,999,46779.670000,8530088907,34901,137,0
NODE,0.758893,999,45563.940000,8539901830,34927,53,0
NODE,0.758893,999,46917.750000,9023073331,34898,209,0
NODE,0.758893,999,49387.160000,9776494127,34851,36,0
NODE,0.758893,999,45084.980000,8265867758,34941,22,0
NODE,0.758893,999,44904.500000,8661840276,34950,130,0
NODE,0.758893,999,47545.990000,9479293436,34884,30,0
NODE,0.758893,999,47361.030000,9108846197,34889,238,0
NODE,0.758893,999,47780.680000,8836129849,34882,83,0
NODE,0.758893,999,45409.040000,8475666267,34944,123,0
NODE,0.758893,999,45927.370000,8066881805,34932,160,0
NODE,0.758893,999,46308.930000,8961793586,34930,207,0
NODE,0.758893,999,43598.130000,8985132040,35011,91,0
NODE,0.758893,999,47523.080000,9035904814,34902,47,0
NODE,0.758893,999,45316.920000,8559170311,34960,218,0
NODE,0.758893,999,46188.460000,8704456921,34936,15,0
NODE,0.758893,999,42970.470000,8244159710,35026,17,0
NODE,0.758893,999,43582.330000,8091954237,35014,104,0
NODE,0.758893,999,42794.100000,8616895361,35029,6,0
NODE,0.758893,999,45689.160000,7942137642,34952,184,0
NODE,0.758893,999,45036.910000,8355601430,34978,235,0
NODE,0.758893,999,49632.510000,8451211793,34859,185,0
NODE,0.758893,999,43093.110000,7974568115,35032,94,0
NODE,0.758893,999,46453.920000,8440297474,34942,215,0
NODE,0.758893,999,47606.270000,9300039947,34916,60,0
NODE,0.758893,999,46413.460000,8729667441,34946,41,0
NODE,0.758893,999,44947.810000,8324918328,34999,234,0
NODE,0.758893,999,44483.030000,8593924266,35012,148,0
NODE,0.758893,999,45282.710000,8893768300,34991,131,0
NODE,0.758893,999,44041.480000,7961708804,35021,12,0
NODE,0.758893,999,44805.920000,9062610313,35010,226,0
NODE,0.758893,999,44986.220000,8971725119,35004,58,0
NODE,0.758893,999,48068.700000,9271700199,34915,5,0
NODE,0.758893,999,49593.250000,9012322482,34874,181,0
NODE,0.758893,999,45541.060000,8491004443,34993,142,0
NODE,0.758893,999,46812.820000,8805870290,34953,13,0
NODE,0.758893,999,47795.870000,8844942067,34928,97,0
NODE,0.758893,999,48192.000000,9521081754,34919,138,0
NODE,0.758893,999,46932.690000,8624074660,34949,42,0
NODE,0.758893,999,45748.540000,8683213971,34992,103,0
NODE,0.758893,999,46893.070000,8326865514,34954,9,0
NODE,0.758893,999,45552.080000,8127527819,34998,67,0
NODE,0.758893,999,46553.130000,9709833913,34967,33,0
NODE,0.758893,999,47206.810000,8733481963,34945,14,0
NODE,0.758893,999,46956.860000,9048133571,34961,7,0
NODE,0.758893,999,48759.240000,9817950689,34911,68,0
NODE,0.758893,999,46967.240000,8370281177,34963,44,0
NODE,0.758893,999,45163.780000,8879927576,35015,153,0
NODE,0.758893,999,48702.370000,9447426015,34918,45,0
NODE,0.758893,999,44283.640000,8720162584,35037,110,0
NODE,0.758893,999,47235.830000,8636025819,34962,23,0
NODE,0.758893,999,51262.920000,9336677958,34857,149,0
NODE,0.758893,999,45219.810000,9065055823,35018,111,0
NODE,0.758893,999,44377.600000,8404838900,35039,20,0
NODE,0.758893,999,45043.160000,8872576852,35022,3,0
NODE,0.758893,999,47202.520000,8837111013,34966,210,0
NODE,0.758893,999,48104.240000,8644035114,34943,144,0
NODE,0.758893,999,48735.040000,9542310524,34931,100,0
NODE,0.758893,999,45185.780000,8197064159,35028,199,0
NODE,0.758893,999,47704.710000,9211599199,34965,1,0
NODE,0.758893,999,46939.520000,8660152707,34990,99,0
NODE,0.758893,999,47799.600000,8780751059,34964,89,0
NODE,0.758893,999,48794.380000,9151970023,34933,212,0
NODE,0.758893,999,49302.840000,9736817297,34922,162,0
NODE,0.758893,999,46762.750000,9362306098,35000,229,0
NODE,0.758893,999,45144.330000,8753487058,35038,116,0
NODE,0.758893,999,46714.900000,9977886483,35002,230,0
NODE,0.758893,999,45190.430000,8914484701,35036,222,0
NODE,0.758893,999,45325.120000,8695054987,35033,52,0
NODE,0.758893,999,45794.010000,9009345622,35025,70,0
NODE,0.758893,999,49262.730000,8952096442,34929,81,0
NODE,0.758893,999,47088.360000,9371705194,34995,107,0
NODE,0.758893,999,45124.420000,8801875314,35042,86,0
NODE,0.758893,999,45494.700000,8720758750,35035,171,0
NODE,0.758893,999,47807.660000,8747975096,34981,163,0
NODE,0.758893,999,47020.340000,9049510963,35007,152,0
NODE,0.758893,999,48270.910000,9092563739,34972,120,0
NODE,0.758893,999,46466.520000,8826587841,35019,101,0
NODE,0.758893,999,48715.520000,9070836717,34958,237,0
NODE,0.758893,999,45892.050000,9116719083,35030,121,0
NODE,0.758893,999,50112.960000,9500154749,34921,34,0
NODE,0.758893,999,51403.330000,9728660699,34899,172,0
NODE,0.758893,999,48760.380000,9221992156,34971,140,0
NODE,0.758893,999,49773.210000,9309923963,34937,105,0
NODE,0.758893,999,49251.690000,9013783480,34957,183,0
NODE,0.758893,999,51482.220000,9717671347,34900,85,0
NODE,0.758893,999,49405.350000,8877150190,34951,239,0
NODE,0.758893,999,45766.730000,8667100811,35047,69,0
NODE,0.758893,999,45449.410000,9079611958,35053,141,0
NODE,0.758893,999,46447.830000,8786310049,35034,56,0
NODE,0.758893,999,46242.160000,8489661449,35040,64,0
NODE,0.758893,999,45581.500000,9315444541,35052,200,0
NODE,0.758893,999,47381.840000,10239088248,35016,166,0
NODE,0.758893,999,54611.370000,10597959345,34846,78,0
NODE,0.758893,999,48856.960000,9309026459,34985,158,0
NODE,0.758893,999,49015.020000,8841971532,34982,2,0
NODE,0.758893,999,46458.870000,8882661741,35043,55,0
NODE,0.758893,999,48122.120000,9613866343,35006,236,0
NODE,0.758893,999,49670.250000,9426072491,34959,128,0
NODE,0.758893,999,47542.480000,9050886489,35017,119,0
NODE,0.758893,999,45734.990000,8626355856,35055,46,0
NODE,0.758893,999,49544.310000,9535693655,34970,233,0
NODE,0.758893,999,48114.130000,9701423416,35013,145,0
NODE,0.758893,999,49628.420000,9769462285,34975,221,0
NODE,0.758893,999,49425.000000,9166063091,34984,48,0
NODE,0.758893,999,52413.210000,9725369836,34903,191,0
NODE,0.758893,999,47602.480000,9784299072,35031,219,0
NODE,0.758893,999,47204.560000,8548484773,35044,79,0
NODE,0.758893,999,46396.590000,8513020214,35054,147,0
NODE,0.758893,999,49957.680000,9754369958,34980,57,0
NODE,0.758893,999,50041.100000,9298190406,34977,204,0
NODE,0.758893,999,45835.970000,8900084751,35063,71,0
NODE,0.758893,999,47290.610000,9127191154,35046,38,0
NODE,0.758893,999,50160.580000,10074898936,34976,109,0
NODE,0.758893,999,49196.890000,9865077953,35003,195,0
NODE,0.758893,999,41253.930000,7951069714,35077,117,0
NODE,0.758893,999,46478.830000,8157305256,35058,214,0
NODE,0.758893,999,50377.050000,10145495395,34979,84,0
NODE,0.758893,999,47900.270000,8610809276,35041,115,0
NODE,0.758893,999,50592.270000,9002114472,34974,159,0
NODE,0.758893,999,50678.290000,9268432282,34973,21,0
NODE,0.758893,999,48876.680000,9203646652,35020,40,0
NODE,0.758893,999,50120.970000,8820598259,34996,220,0
NODE,0.758893,999,48951.890000,9436484537,35023,72,0
NODE,0.758893,999,46694.170000,8470646875,35061,61,0
NODE,0.758893,999,50492.280000,9597857613,34997,150,0
NODE,0.758893,999,48176.490000,9596780610,35050,28,0
NODE,0.758893,999,53098.670000,9831157871,34923,190,0
NODE,0.758893,999,47796.650000,9169087795,35056,108,0
NODE,0.758893,999,48659.780000,9733384822,35048,93,0
NODE,0.758893,999,48413.060000,9651706986,35051,106,0
NODE,0.758893,999,47935.280000,9306566761,35057,63,0
NODE,0.758893,999,46420.570000,8696917828,35067,95,0
NODE,0.758893,999,52375.520000,10411160576,34969,169,0
NODE,0.758893,999,51471.070000,10494911632,35001,88,0
NODE,0.758893,999,52220.150000,9575948821,34983,62,0
NODE,0.758893,999,48433.580000,10304420243,35060,80,0
NODE,0.758893,999,47389.450000,9351400074,35066,225,0
NODE,0.758893,999,48694.970000,9502729675,35059,216,0
NODE,0.758893,999,47007.150000,8886551406,35070,113,0
NODE,0.758893,999,51074.220000,9540972585,35024,43,0
NODE,0.758893,999,45866.270000,8822739603,35076,224,0
NODE,0.758893,999,48317.360000,8433687264,35064,112,0
NODE,0.758893,999,47644.390000,8825140167,35068,66,0
NODE,0.758893,999,46726.330000,9341423677,35074,228,0
NODE,0.758893,999,47144.580000,8451821863,35071,90,0
NODE,0.758893,999,52555.450000,10481120173,35008,143,0
NODE,0.758893,999,47127.040000,8814266852,35075,18,0
NODE,0.758893,999,47728.310000,9107569316,35072,114,0
NODE,0.758893,999,51568.300000,10132572267,35049,136,0
NODE,0.758893,999,52469.510000,9930698348,35045,135,0
NODE,0.758893,999,55515.160000,10001296497,34968,155,0
NODE,0.758893,999,48892.820000,8928103442,35073,102,0
NODE,0.758893,999,52190.920000,10526839298,35062,19,0
NODE,0.758893,999,51559.630000,9399244838,35065,124,0
NODE,0.758893,999,51707.330000,10337514381,35069,156,0
NODE,0.758893,999,43540.860000,8830422159,35078,82,0
NODE,0.758893,999,41396.390000,7815702608,35086,203,0
NODE,0.758893,999,44002.570000,9171303785,35080,177,0
NODE,0.758893,999,46299.430000,9376872221,35079,151,0
NODE,0.758893,999,43095.550000,8615755452,35088,176,0
NODE,0.758893,999,44694.940000,8897558172,35084,189,0
NODE,0.758893,999,44439.600000,8806109206,35085,173,0
NODE,0.758893,999,43770.700000,8361433717,35091,194,0
NODE,0.758893,999,42099.090000,7621345669,35121,133,0
NODE,0.758893,999,44107.420000,8474402991,35095,206,0
NODE,0.758893,999,43229.540000,8317216378,35105,76,0
NODE,0.758893,999,43111.260000,8416627948,35109,205,0
NODE,0.758893,999,46746.040000,10010915381,35083,161,0
NODE,0.758893,999,45870.290000,9849732062,35089,208,0
NODE,0.758893,999,44059.400000,8643508155,35107,132,0
NODE,0.758893,999,44381.610000,8299597444,35104,29,0
NODE,0.758893,999,45880.990000,9265489386,35090,129,0
NODE,0.758893,999,44904.910000,8730170370,35102,179,0
NODE,0.758893,999,44529.230000,8828675457,35108,201,0
NODE,0.758893,999,45933.530000,9395207342,35093,92,0
NODE,0.758893,999,44440.610000,8530039197,35114,8,0
NODE,0.758893,999,43787.780000,8020785267,35135,164,0
NODE,0.758893,999,43676.030000,8119420714,35139,73,0
NODE,0.758893,999,44880.950000,8672639185,35110,167,0
NODE,0.758893,999,45675.620000,9090119024,35097,170,0
NODE,0.758893,999,45680.970000,8463967817,35099,187,0
NODE,0.758893,999,46337.450000,9431683619,35094,202,0
NODE,0.758893,999,48201.730000,9574659006,35087,126,0
NODE,0.758893,999,49549.860000,10300318544,35081,174,0
NODE,0.758893,999,46348.980000,8555940898,35101,217,0
NODE,0.758893,999,45594.450000,9076483467,35115,16,0
NODE,0.758893,999,41916.410000,7444914460,35189,131,0
NODE,0.758893,999,45642.870000,8484776986,35116,154,0
NODE,0.758893,999,46238.080000,9184161855,35106,134,0
NODE,0.758893,999,45302.250000,8534271942,35133,74,0
NODE,0.758893,999,43679.790000,8377361633,35168,238,0
NODE,0.758893,999,46892.220000,9380664985,35103,31,0
NODE,0.758893,999,44689.380000,8149884081,35145,165,0
NODE,0.758893,999,50215.780000,10807807968,35082,4,0
NODE,0.758893,999,45277.130000,8544422321,35140,182,0
NODE,0.758893,999,46088.020000,8762852293,35122,127,0
NODE,0.758893,999,42242.240000,7852083566,35195,142,0
NODE,0.758893,999,43341.270000,7804869582,35181,235,0
NODE,0.758893,999,47423.530000,8538410249,35098,139,0
NODE,0.758893,999,45787.040000,8572032289,35134,193,0
NODE,0.758893,999,43729.860000,8508525040,35175,218,0
NODE,0.758893,999,44753.050000,8894127700,35160,178,0
NODE,0.758893,999,46144.890000,8231859569,35128,211,0
NODE,0.758893,999,46899.340000,9505186919,35111,32,0
NODE,0.758893,999,45287.470000,8327339489,35146,175,0
NODE,0.758893,999,44980.930000,8455588073,35159,188,0
NODE,0.758893,999,47989.210000,9320966183,35096,51,0
NODE,0.758893,999,45974.290000,7943149502,35143,227,0
NODE,0.758893,999,46127.040000,8215028406,35141,213,0
NODE,0.758893,999,49054.120000,8973584830,35092,25,0
NODE,0.758893,999,47633.340000,9629637266,35112,232,0
NODE,0.758893,999,43159.360000,7887662034,35198,138,0
NODE,0.758893,999,43244.790000,7875249307,35196,13,0
NODE,0.758893,999,43849.420000,8024784555,35186,41,0
NODE,0.758893,999,46019.480000,8067584323,35149,27,0
NODE,0.758893,999,47496.660000,9360446160,35119,197,0
NODE,0.758893,999,44956.160000,8810789369,35173,91,0
NODE,0.758893,999,44048.300000,7507273264,35187,234,0
NODE,0.758893,999,47555.570000,9163565882,35124,54,0
NODE,0.758893,999,47169.690000,9189017730,35138,180,0
NODE,0.758893,999,45689.210000,8739126442,35167,30,0
NODE,0.758893,999,45476.980000,8643991096,35170,123,0
NODE,0.758893,999,45347.170000,8112126972,35172,207,0
NODE,0.758893,999,47555.310000,8776808102,35131,65,0
NODE,0.758893,999,47956.850000,8771505851,35123,198,0
NODE,0.758893,999,45511.170000,8712352474,35174,47,0
NODE,0.758893,999,47967.070000,9499798285,35125,87,0
NODE,0.758893,999,46671.190000,7974309033,35157,168,0
NODE,0.758893,999,48467.610000,9269468349,35118,196,0
NODE,0.758893,999,46747.350000,7890826425,35158,37,0
NODE,0.758893,999,47843.040000,8552793361,35136,11,0
NODE,0.758893,999,48354.870000,9112492348,35126,35,0
NODE,0.758893,999,47365.640000,8697033758,35147,50,0
NODE,0.758893,999,48393.550000,9264305057,35130,231,0
NODE,0.758893,999,48274.930000,9081546511,35137,157,0
NODE,0.758893,999,49350.990000,9809422230,35113,98,0
NODE,0.758893,999,46324.550000,8444797278,35179,6,0
NODE,0.758893,999,46202.770000,8325568296,35182,185,0
NODE,0.758893,999,45462.660000,8163831794,35193,5,0
NODE,0.758893,999,49469.270000,9143950874,35117,24,0
NODE,0.758893,999,46116.260000,9068230181,35185,60,0
NODE,0.758893,999,45404.280000,8291724506,35200,103,0
NODE,0.758893,999,46040.150000,8717327491,35188,148,0
NODE,0.758893,999,46275.970000,8987288752,35184,215,0
NODE,0.758893,999,47334.620000,9037203464,35171,160,0
NODE,0.758893,999,46303.320000,8193107700,35190,12,0
NODE,0.758893,999,47257.980000,8559670853,35176,15,0
NODE,0.758893,999,50050.720000,9330973432,35127,146,0
NODE,0.758893,999,48532.080000,10283848943,35161,137,0
NODE,0.758893,999,49416.150000,9735880824,35142,186,0
NODE,0.758893,999,50318.220000,9789008660,35120,49,0
NODE,0.758893,999,47710.310000,9960900145,35178,104,0
NODE,0.758893,999,49450.710000,9326288330,35144,77,0
NODE,0.758893,999,48731.700000,9440759746,35162,53,0
NODE,0.758893,999,49117.800000,8662596893,35151,39,0
NODE,0.758893,999,50150.490000,9960776672,35132,125,0
NODE,0.758893,999,48062.200000,9068337646,35177,17,0
NODE,0.758893,999,49084.990000,9409526703,35164,36,0
NODE,0.758893,999,49457.840000,9321300420,35156,192,0
NODE,0.758893,999,52484.050000,9663748062,35100,10,0
NODE,0.758893,999,49516.060000,9499737995,35163,209,0
NODE,0.758893,999,49493.420000,9694676097,35166,130,0
NODE,0.758893,999,50287.120000,8806348631,35154,75,0
NODE,0.758893,999,47875.010000,9130877067,35197,97,0
NODE,0.758893,999,49073.840000,9222365349,35180,184,0
NODE,0.758893,999,48289.650000,9003693827,35191,226,0
NODE,0.758893,999,50749.200000,9542125347,35152,26,0
NODE,0.758893,999,51079.620000,9584023961,35148,59,0
NODE,0.758893,999,48582.980000,8304635867,35194,181,0
NODE,0.758893,999,49300.880000,9090170151,35183,94,0
NODE,0.758893,999,51390.420000,8307787682,35150,118,0
NODE,0.758893,999,49072.810000,9000614837,35192,58,0
NODE,0.758893,999,49181.780000,9260327819,35199,42,0
NODE,0.758893,999,53184.930000,10060157642,35129,122,0
NODE,0.758893,999,51548.380000,10076505096,35165,22,0
NODE,0.758893,999,51653.400000,10128482238,35169,83,0
NODE,0.758893,999,52585.820000,9614976667,35153,223,0
NODE,0.758893,999,52962.320000,9511324825,35155,96,0
