NODE,0.758893,999,38789.950000,6801743697,38903,4,0
NODE,0.758893,999,39157.170000,6713174114,38901,2,0
NODE,0.758893,999,39578.040000,7191760416,38946,55,0
NODE,0.758893,999,39731.760000,7474134836,38915,19,0
NODE,0.758893,999,40122.040000,7536787305,38900,1,0
NODE,0.758893,999,40397.280000,7228309643,38943,58,0
NODE,0.758893,999,40869.710000,7700803980,38917,21,0
NODE,0.758893,999,40924.770000,7493260388,38977,43,0
NODE,0.758893,999,41022.150000,7497307636,38997,68,0
NODE,0.758893,999,41121.170000,7086161926,38993,54,0
NODE,0.758893,999,41126.640000,7799601497,38927,31,0
NODE,0.758893,999,41268.640000,7309341659,38902,3,0
NODE,0.758893,999,41351.240000,7250875870,38933,39,0
NODE,0.758893,999,41342.940000,7131054644,38964,70,0
NODE,0.758893,999,41459.310000,7422975151,38945,60,0
NODE,0.758893,999,41466.360000,7665330062,38966,78,0
NODE,0.758893,999,41794.950000,7714324844,38936,10,0
NODE,0.758893,999,42036.340000,7946523259,38931,36,0
NODE,0.758893,999,42074.380000,6872557129,38909,12,0
NODE,0.758893,999,42143.620000,7851443569,38932,37,0
NODE,0.758893,999,42225.180000,7841498573,38919,23,0
NODE,0.758893,999,42285.050000,7647796255,38906,8,0
NODE,0.758893,999,42312.050000,7861556792,38913,17,0
NODE,0.758893,999,42374.720000,7728267554,38961,67,0
NODE,0.758893,999,42658.670000,7671544141,38954,64,0
NODE,0.758893,999,42679.500000,8301576894,38926,30,0
NODE,0.758893,999,42691.980000,8215696323,38950,62,0
NODE,0.758893,999,42718.750000,7961935659,38939,47,0
NODE,0.758893,999,43033.790000,7363516457,38937,46,0
NODE,0.758893,999,43079.240000,8266162459,38916,20,0
NODE,0.758893,999,43248.090000,8204551482,38911,15,0
NODE,0.758893,999,43366.260000,8194637657,38922,26,0
NODE,0.758893,999,43383.540000,7770569493,38955,65,0
NODE,0.758893,999,43539.720000,8225963070,38983,49,0
NODE,0.758893,999,43556.870000,7919503391,38947,61,0
NODE,0.758893,999,43613.000000,7956188106,38942,42,0
NODE,0.758893,999,43625.220000,7658021621,38940,50,0
NODE,0.758893,999,43871.170000,8143804478,38965,73,0
NODE,0.758893,999,43992.120000,7662417859,38938,41,0
NODE,0.758893,999,44092.880000,8632639280,38934,14,0
NODE,0.758893,999,44204.130000,8429120093,38912,16,0
NODE,0.758893,999,44266.540000,7423650189,38910,13,0
NODE,0.758893,999,44418.540000,8648808904,38925,29,0
NODE,0.758893,999,44474.300000,8565784601,38952,63,0
NODE,0.758893,999,44641.360000,8389951774,38991,56,0
NODE,0.758893,999,44849.670000,8325731951,38904,5,0
NODE,0.758893,999,45012.870000,8822777901,38951,66,0
NODE,0.758893,999,45020.500000,8189244953,38974,40,0
NODE,0.758893,999,45074.740000,8386381891,38935,34,0
NODE,0.758893,999,45115.790000,8412346992,38976,44,0
NODE,0.758893,999,45174.060000,8785988094,39057,6,0
NODE,0.758893,999,45195.640000,8711119115,38918,22,0
NODE,0.758893,999,45211.330000,8511929298,38905,7,0
NODE,0.758893,999,45250.630000,9182796772,38923,27,0
NODE,0.758893,999,45314.430000,8582004269,38998,57,0
NODE,0.758893,999,45331.280000,9071253539,38921,25,0
NODE,0.758893,999,45461.540000,8529358198,38928,32,0
NODE,0.758893,999,45562.010000,8959171345,38920,24,0
NODE,0.758893,999,45632.460000,8748007426,38967,79,0
NODE,0.758893,999,45896.410000,8554097001,39015,74,0
NODE,0.758893,999,45941.430000,8001860233,38980,48,0
NODE,0.758893,999,46066.660000,9309073395,38930,35,0
NODE,0.758893,999,46276.240000,8859327629,38924,28,0
NODE,0.758893,999,46431.000000,9199204152,39098,38,0
NODE,0.758893,999,46491.420000,9122860434,38914,18,0
NODE,0.758893,999,47070.680000,9032762276,38908,11,0
NODE,0.758893,999,47115.280000,8575981142,38988,51,0
NODE,0.758893,999,47364.520000,8879488364,38989,52,0
NODE,0.758893,999,47628.230000,8824317927,38907,9,0
NODE,0.758893,999,47635.570000,8715258978,38944,59,0
NODE,0.758893,999,47828.070000,8519314110,38981,45,0
NODE,0.758893,999,48349.240000,9644969580,39002,69,0
NODE,0.758893,999,48569.320000,9173518577,39007,75,0
NODE,0.758893,999,49088.560000,8897842084,39011,77,0
NODE,0.758893,999,49261.480000,8941137280,38941,53,0
NODE,0.758893,999,49373.610000,9850048514,38929,33,0
NODE,0.758893,999,49975.920000,9631002689,39004,72,0
NODE,0.758893,999,51677.560000,10570615578,39003,71,0
NODE,0.758893,999,52216.390000,9244930086,39008,76,0
NODE,0.758893,999,61515.530000,6215302119,38969,168,0
NODE,0.758893,999,64471.330000,7289797110,38973,170,0
NODE,0.758893,999,64532.830000,6989190838,39025,103,0
NODE,0.758893,999,65210.890000,6844119315,38996,198,0
NODE,0.758893,999,65670.280000,7466320630,38953,87,0
NODE,0.758893,999,66343.700000,7211956039,38956,160,0
NODE,0.758893,999,66650.760000,7287668545,38958,89,0
NODE,0.758893,999,67723.940000,7955254801,39039,187,0
NODE,0.758893,999,68405.430000,7454562841,38948,80,0
NODE,0.758893,999,68536.300000,7823042636,39087,143,0
NODE,0.758893,999,68863.940000,7497736545,39027,180,0
NODE,0.758893,999,68898.160000,7106533351,38957,88,0
NODE,0.758893,999,69017.550000,8059604868,39046,114,0
NODE,0.758893,999,69084.730000,7835360381,39023,177,0
NODE,0.758893,999,69565.270000,7681237320,38972,118,0
NODE,0.758893,999,69623.230000,6969496509,39086,150,0
NODE,0.758893,999,69771.000000,7833830063,39045,116,0
NODE,0.758893,999,70038.000000,8143069840,39032,108,0
NODE,0.758893,999,70065.770000,7749215501,38994,90,0
NODE,0.758893,999,70104.090000,8282467605,39018,164,0
NODE,0.758893,999,70268.570000,7949236711,39048,191,0
NODE,0.758893,999,70309.850000,8130025597,39059,125,0
NODE,0.758893,999,70661.580000,7654700591,38971,169,0
NODE,0.758893,999,70769.550000,8561075776,38968,105,0
NODE,0.758893,999,71207.630000,8063485204,39070,121,0
NODE,0.758893,999,71242.310000,7676845222,39033,110,0
NODE,0.758893,999,71294.450000,7785389510,39038,112,0
NODE,0.758893,999,71449.690000,7827664147,38949,86,0
NODE,0.758893,999,71618.770000,8092109167,38978,174,0
NODE,0.758893,999,71894.020000,8484014163,39056,163,0
NODE,0.758893,999,72391.750000,7547176638,38959,166,0
NODE,0.758893,999,72607.760000,8409135153,39067,145,0
NODE,0.758893,999,72812.850000,8596520807,39062,126,0
NODE,0.758893,999,72840.330000,8576341313,39013,161,0
NODE,0.758893,999,72882.470000,7820555340,39049,119,0
NODE,0.758893,999,72961.760000,8660932418,39016,162,0
NODE,0.758893,999,73070.670000,8114357627,39040,111,0
NODE,0.758893,999,73087.940000,8537769673,39041,189,0
NODE,0.758893,999,73206.360000,7950803796,38975,171,0
NODE,0.758893,999,73262.110000,8079661271,39005,94,0
NODE,0.758893,999,73340.490000,8369816092,39080,136,0
NODE,0.758893,999,73419.890000,9238375588,39053,194,0
NODE,0.758893,999,73527.650000,9349869137,39058,122,0
NODE,0.758893,999,73618.070000,8927819357,38995,85,0
NODE,0.758893,999,73634.900000,9081231519,39000,199,0
NODE,0.758893,999,73682.560000,8558355608,38963,167,0
NODE,0.758893,999,73699.370000,7934049389,38985,178,0
NODE,0.758893,999,73701.610000,8031665211,39037,185,0
NODE,0.758893,999,73705.870000,8995877695,39066,144,0
NODE,0.758893,999,73865.420000,9017076618,39119,217,0
NODE,0.758893,999,73947.600000,8831647703,39034,183,0
NODE,0.758893,999,74116.440000,8445655066,38987,84,0
NODE,0.758893,999,74440.800000,8023137211,39024,176,0
NODE,0.758893,999,74465.980000,9214149315,39064,137,0
NODE,0.758893,999,74503.010000,8650999352,39044,113,0
NODE,0.758893,999,74576.310000,8196005664,39026,179,0
NODE,0.758893,999,74586.870000,8689547959,39081,139,0
NODE,0.758893,999,74803.060000,8490015154,39088,142,0
NODE,0.758893,999,74872.170000,9018030477,39028,104,0
NODE,0.758893,999,74892.240000,9137276352,39047,188,0
NODE,0.758893,999,74939.730000,8518522974,39082,140,0
NODE,0.758893,999,75267.590000,8929627982,39052,193,0
NODE,0.758893,999,75298.290000,8926796117,39030,182,0
NODE,0.758893,999,75418.370000,8698047187,39012,98,0
NODE,0.758893,999,75439.990000,8917751477,39060,128,0
NODE,0.758893,999,75459.360000,8534225234,39122,221,0
NODE,0.758893,999,75471.430000,8868804786,39095,158,0
NODE,0.758893,999,75622.210000,9243675378,39043,190,0
NODE,0.758893,999,75714.600000,8447251140,39061,132,0
NODE,0.758893,999,75899.850000,8536058235,38999,91,0
NODE,0.758893,999,76038.920000,8504962052,39078,134,0
NODE,0.758893,999,76474.240000,9140647651,39063,133,0
NODE,0.758893,999,76556.980000,8335176951,39022,101,0
NODE,0.758893,999,76784.810000,8747853244,38990,186,0
NODE,0.758893,999,76809.810000,8539644588,39019,100,0
NODE,0.758893,999,76893.470000,8098326467,38960,92,0
NODE,0.758893,999,76943.530000,8483809805,39085,149,0
NODE,0.758893,999,76977.290000,8942608852,39076,129,0
NODE,0.758893,999,77067.300000,8250646988,39031,107,0
NODE,0.758893,999,77095.920000,9452530960,39074,130,0
NODE,0.758893,999,77133.510000,8834375501,39128,228,0
NODE,0.758893,999,77517.980000,9340914118,39051,195,0
NODE,0.758893,999,77531.830000,9118793518,39065,138,0
NODE,0.758893,999,77590.870000,8562744407,38962,165,0
NODE,0.758893,999,77800.290000,8496748145,39071,120,0
NODE,0.758893,999,77869.430000,9348760911,39111,206,0
NODE,0.758893,999,77964.900000,7640725343,38986,82,0
NODE,0.758893,999,78005.620000,8984336848,39050,192,0
NODE,0.758893,999,78039.750000,9037732612,39006,95,0
NODE,0.758893,999,78057.140000,8927534405,39125,225,0
NODE,0.758893,999,78133.590000,8378959840,39117,215,0
NODE,0.758893,999,78231.850000,8731471251,39083,141,0
NODE,0.758893,999,78365.720000,9236380590,39124,224,0
NODE,0.758893,999,78583.670000,8604973451,39118,216,0
NODE,0.758893,999,78578.500000,9263321510,39104,222,0
NODE,0.758893,999,78653.060000,9032985501,39100,203,0
NODE,0.758893,999,78660.120000,9240447276,39097,151,0
NODE,0.758893,999,78789.350000,8428266778,38970,106,0
NODE,0.758893,999,78933.700000,9093186011,38992,197,0
NODE,0.758893,999,78944.560000,9073115780,39068,153,0
NODE,0.758893,999,79017.320000,8880881453,39101,212,0
NODE,0.758893,999,79072.370000,8656750188,39099,202,0
NODE,0.758893,999,79156.160000,9142475732,38982,81,0
NODE,0.758893,999,79358.290000,9415365225,39089,148,0
NODE,0.758893,999,79417.680000,9070094303,39073,124,0
NODE,0.758893,999,79440.800000,8954915548,39090,152,0
NODE,0.758893,999,79448.620000,8809492529,39020,102,0
NODE,0.758893,999,79463.200000,8970628461,39054,117,0
NODE,0.758893,999,79617.210000,8835068598,39010,97,0
NODE,0.758893,999,79764.960000,8815467742,39069,154,0
NODE,0.758893,999,79813.490000,9414074849,39120,219,0
NODE,0.758893,999,79869.270000,8992153146,39042,115,0
NODE,0.758893,999,79871.290000,9884646267,39029,181,0
NODE,0.758893,999,79951.610000,8914048911,39116,211,0
NODE,0.758893,999,80105.920000,9151139407,39084,146,0
NODE,0.758893,999,80110.960000,9523733439,39093,157,0
NODE,0.758893,999,80118.420000,9415005369,39001,93,0
NODE,0.758893,999,80153.340000,9483446927,39055,196,0
NODE,0.758893,999,80201.290000,8970254608,39036,109,0
NODE,0.758893,999,80525.410000,9070674454,39123,223,0
NODE,0.758893,999,81219.280000,9237663262,38984,83,0
NODE,0.758893,999,81437.690000,10070982696,39035,184,0
NODE,0.758893,999,81497.300000,9689135141,39092,155,0
NODE,0.758893,999,81514.130000,10497171599,39017,172,0
NODE,0.758893,999,81531.080000,9297174182,39103,220,0
NODE,0.758893,999,81809.290000,9205625905,39115,210,0
NODE,0.758893,999,82064.510000,9365644033,39132,232,0
NODE,0.758893,999,82085.920000,9734997464,39021,175,0
NODE,0.758893,999,82147.270000,9480855116,39134,236,0
NODE,0.758893,999,82306.690000,9652382671,39126,227,0
NODE,0.758893,999,82341.460000,10188070170,39079,135,0
NODE,0.758893,999,82352.860000,9226432579,39014,99,0
NODE,0.758893,999,82425.290000,9241789415,39130,230,0
NODE,0.758893,999,82684.370000,9733849169,38979,173,0
NODE,0.758893,999,43107.930000,8222122937,39141,55,0
NODE,0.758893,999,82832.780000,8724115681,39009,96,0
NODE,0.758893,999,83166.870000,9704607748,39137,201,0
NODE,0.758893,999,41945.890000,8233205298,39154,78,0
NODE,0.758893,999,83551.100000,10238104466,39094,156,0
NODE,0.758893,999,83632.010000,10109791511,39096,159,0
NODE,0.758893,999,83648.440000,9825017697,39129,229,0
NODE,0.758893,999,42657.910000,7546472707,39152,70,0
NODE,0.758893,999,44703.440000,8448209562,39142,19,0
NODE,0.758893,999,43127.070000,8515768726,39151,39,0
NODE,0.758893,999,84524.520000,9955789202,39106,238,0
NODE,0.758893,999,42456.800000,8057615952,39162,67,0
NODE,0.758893,999,84958.460000,9530836263,39102,214,0
NODE,0.758893,999,85159.870000,10256783112,39072,123,0
NODE,0.758893,999,43099.580000,8046548726,39158,37,0
NODE,0.758893,999,44462.010000,8739746706,39146,43,0
NODE,0.758893,999,42019.210000,7878463975,39172,49,0
NODE,0.758893,999,43449.560000,8285789671,39159,23,0
NODE,0.758893,999,47374.060000,8978242356,39139,4,0
NODE,0.758893,999,44212.310000,8338572886,39156,36,0
NODE,0.758893,999,86323.870000,9333292358,39121,218,0
NODE,0.758893,999,43691.310000,8146008587,39166,47,0
NODE,0.758893,999,45265.400000,8648351949,39153,60,0
NODE,0.758893,999,87041.110000,10627394538,39075,127,0
NODE,0.758893,999,43888.630000,8339086984,39169,15,0
NODE,0.758893,999,45485.790000,9118857920,39155,10,0
NODE,0.758893,999,44364.480000,9209727568,39167,46,0
NODE,0.758893,999,87521.090000,10686084260,39133,235,0
NODE,0.758893,999,47430.180000,8867443115,39143,1,0
NODE,0.758893,999,46855.750000,9151277805,39145,21,0
NODE,0.758893,999,45442.890000,9025455273,39160,8,0
NODE,0.758893,999,87825.310000,10103831039,39135,237,0
NODE,0.758893,999,43502.900000,7978312612,39181,29,0
NODE,0.758893,999,88119.000000,10184452819,39131,234,0
NODE,0.758893,999,44903.060000,8539525362,39170,26,0
NODE,0.758893,999,88327.110000,9983288442,39091,147,0
NODE,0.758893,999,88487.120000,10467797275,39077,131,0
NODE,0.758893,999,45995.640000,8563325858,39163,64,0
NODE,0.758893,999,45115.550000,8924847674,39173,61,0
NODE,0.758893,999,47552.620000,9182626038,39148,54,0
NODE,0.758893,999,47678.610000,9659466188,39150,3,0
NODE,0.758893,999,89209.430000,10057404220,39108,200,0
NODE,0.758893,999,89292.070000,10662802902,39114,209,0
NODE,0.758893,999,47224.670000,9426381665,39157,12,0
NODE,0.758893,999,45861.040000,9181759916,39175,50,0
NODE,0.758893,999,44316.230000,8477833225,39192,27,0
NODE,0.758893,999,46318.020000,8862108064,39171,65,0
NODE,0.758893,999,89722.550000,10468440387,39110,205,0
NODE,0.758893,999,43286.740000,8756368419,39203,18,0
NODE,0.758893,999,89871.050000,10834477706,39112,207,0
NODE,0.758893,999,45942.710000,9336673784,39177,41,0
NODE,0.758893,999,46582.710000,9067002228,39174,42,0
NODE,0.758893,999,45259.520000,8767012097,39185,66,0
NODE,0.758893,999,46044.120000,9143178980,39180,13,0
NODE,0.758893,999,46127.120000,8841453498,39179,16,0
NODE,0.758893,999,45176.980000,8716898812,39189,6,0
NODE,0.758893,999,45513.080000,8551784196,39184,5,0
NODE,0.758893,999,44147.990000,8084358218,39201,28,0
NODE,0.758893,999,51350.850000,9727705885,39140,2,0
NODE,0.758893,999,45227.570000,8107696542,39193,57,0
NODE,0.758893,999,45386.360000,8420980619,39194,25,0
NODE,0.758893,999,43438.830000,8167609810,39206,52,0
NODE,0.758893,999,48134.710000,9064451900,39164,30,0
NODE,0.758893,999,49882.490000,10000001198,39147,68,0
NODE,0.758893,999,48418.630000,8950795871,39165,62,0
NODE,0.758893,999,91159.120000,11534169775,39138,213,0
NODE,0.758893,999,45727.160000,8768570183,39195,32,0
NODE,0.758893,999,51174.840000,10748647413,39144,58,0
NODE,0.758893,999,49348.180000,9469674400,39161,17,0
NODE,0.758893,999,47928.300000,10378947532,39176,73,0
NODE,0.758893,999,46794.020000,9172860713,39190,22,0
NODE,0.758893,999,46085.970000,8214737336,39199,48,0
NODE,0.758893,999,40479.250000,6886697337,39216,71,0
NODE,0.758893,999,45139.100000,8653985879,39205,51,0
NODE,0.758893,999,48164.580000,9006405325,39178,14,0
NODE,0.758893,999,43785.870000,8638532169,39211,75,0
NODE,0.758893,999,45347.580000,8519943381,39204,11,0
NODE,0.758893,999,46562.160000,9183586880,39198,74,0
NODE,0.758893,999,47392.500000,9017896630,39188,44,0
NODE,0.758893,999,49546.300000,9505745312,39168,20,0
NODE,0.758893,999,51717.680000,10536616251,39149,31,0
NODE,0.758893,999,46621.150000,8943270508,39202,38,0
NODE,0.758893,999,48683.870000,9122814677,39182,63,0
NODE,0.758893,999,93700.110000,11021167585,39136,239,0
NODE,0.758893,999,94201.150000,11021669078,39127,226,0
NODE,0.758893,999,48618.660000,9348763139,39197,79,0
NODE,0.758893,999,48866.740000,9887700243,39196,24,0
NODE,0.758893,999,48367.120000,8595676145,39200,35,0
NODE,0.758893,999,45208.520000,8211309556,39213,53,0
NODE,0.758893,999,94570.190000,11429644068,39113,208,0
NODE,0.758893,999,50025.800000,9711349104,39183,56,0
NODE,0.758893,999,50405.090000,10040782510,39186,40,0
NODE,0.758893,999,47856.800000,9431638474,39208,59,0
NODE,0.758893,999,46122.810000,8427848177,39214,33,0
NODE,0.758893,999,50662.040000,9746174662,39191,7,0
NODE,0.758893,999,46969.740000,9080000876,39212,77,0
NODE,0.758893,999,96244.150000,11166005730,39107,231,0
NODE,0.758893,999,48424.470000,9614808187,39209,45,0
NODE,0.758893,999,96703.050000,11592748196,39109,204,0
NODE,0.758893,999,48647.230000,9990676846,39210,69,0
NODE,0.758893,999,52461.990000,9698252985,39187,34,0
NODE,0.758893,999,47580.100000,8256434298,39215,72,0
NODE,0.758893,999,98005.960000,10947044629,39105,233,0
NODE,0.758893,999,46036.140000,8486322038,39217,76,0
NODE,0.758893,999,51101.610000,9503125637,39207,9,0
NODE,0.758893,999,41773.940000,7644525191,39361,39,0
NODE,0.758893,999,44815.530000,8984553441,39360,19,0
NODE,0.758893,999,44636.630000,8291018636,39368,49,0
NODE,0.758893,999,47624.650000,9324241751,39352,55,0
NODE,0.758893,999,45487.300000,9055538658,39363,67,0
NODE,0.758893,999,69629.540000,8057320715,39218,168,0
NODE,0.758893,999,45733.090000,8721390692,39369,23,0
NODE,0.758893,999,46147.660000,8784407330,39367,43,0
NODE,0.758893,999,45657.390000,8346213025,39370,4,0
NODE,0.758893,999,44324.690000,8268279118,39380,1,0
NODE,0.758893,999,48260.240000,9929616818,39359,70,0
NODE,0.758893,999,42803.540000,8669928663,39404,66,0
NODE,0.758893,999,46933.840000,9085226763,39373,47,0
NODE,0.758893,999,46110.210000,8518872594,39381,21,0
NODE,0.758893,999,48762.320000,9421927464,39366,37,0
NODE,0.758893,999,47422.860000,8518969972,39374,60,0
NODE,0.758893,999,47143.250000,9354423385,39377,10,0
NODE,0.758893,999,41442.520000,7669125825,39433,38,0
NODE,0.758893,999,43000.440000,8759295459,39419,58,0
NODE,0.758893,999,44240.940000,8783596308,39407,6,0
NODE,0.758893,999,44351.910000,8414901628,39409,28,0
NODE,0.758893,999,47562.330000,9580144950,39378,46,0
NODE,0.758893,999,46423.330000,9590535802,39395,12,0
NODE,0.758893,999,47952.530000,8865817329,39384,29,0
NODE,0.758893,999,43725.380000,8261088208,39425,51,0
NODE,0.758893,999,43877.050000,8211450900,39424,71,0
NODE,0.758893,999,43659.770000,8074807681,39428,11,0
NODE,0.758893,999,49874.880000,9352504176,39371,36,0
NODE,0.758893,999,45624.280000,8656237867,39411,57,0
NODE,0.758893,999,52784.080000,9910730144,39355,78,0
NODE,0.758893,999,44495.940000,8822437620,39421,73,0
NODE,0.758893,999,45498.500000,9798986243,39413,52,0
NODE,0.758893,999,46872.960000,9136487463,39397,27,0
NODE,0.758893,999,48184.830000,9409143445,39386,26,0
NODE,0.758893,999,67624.390000,7679124019,39231,177,0
NODE,0.758893,999,46507.030000,8978549111,39405,13,0
NODE,0.758893,999,49725.370000,10184610948,39376,15,0
NODE,0.758893,999,49134.480000,9734558933,39382,8,0
NODE,0.758893,999,67139.270000,7447702360,39234,116,0
NODE,0.758893,999,44957.260000,9281021248,39422,22,0
NODE,0.758893,999,46338.260000,9526835533,39414,30,0
NODE,0.758893,999,44915.880000,8891259314,39427,75,0
NODE,0.758893,999,47719.020000,9309798224,39398,65,0
NODE,0.758893,999,48856.510000,8850382316,39391,54,0
NODE,0.758893,999,73175.570000,7646321781,39219,170,0
NODE,0.758893,999,49159.440000,9263637606,39390,61,0
NODE,0.758893,999,49037.570000,9717729216,39392,3,0
NODE,0.758893,999,47109.180000,9923951345,39415,68,0
NODE,0.758893,999,68028.670000,7786865066,39235,108,0
NODE,0.758893,999,48196.590000,9450252888,39402,41,0
NODE,0.758893,999,73635.030000,8479305304,39220,103,0
NODE,0.758893,999,46336.570000,9300295112,39423,48,0
NODE,0.758893,999,48011.730000,9822077525,39408,5,0
NODE,0.758893,999,48188.280000,9293323114,39403,42,0
NODE,0.758893,999,46169.390000,8788863498,39426,14,0
NODE,0.758893,999,45598.380000,8819912394,39432,31,0
NODE,0.758893,999,46088.490000,8703112361,39429,74,0
NODE,0.758893,999,68376.650000,7831878218,39239,125,0
NODE,0.758893,999,49246.950000,9986336354,39396,50,0
NODE,0.758893,999,47553.130000,9374342229,39418,32,0
NODE,0.758893,999,50389.100000,10075200632,39389,64,0
NODE,0.758893,999,69156.360000,7836596409,39238,191,0
NODE,0.758893,999,48784.090000,9976262722,39412,25,0
NODE,0.758893,999,49599.300000,9919687550,39406,16,0
NODE,0.758893,999,50224.640000,10354862429,39400,18,0
NODE,0.758893,999,49619.590000,9567717712,39410,2,0
NODE,0.758893,999,69866.570000,7767934611,39241,105,0
NODE,0.758893,999,49922.060000,9493005656,39416,62,0
NODE,0.758893,999,46735.450000,8140294879,39440,53,0
NODE,0.758893,999,44255.550000,8497969647,39451,69,0
NODE,0.758893,999,49976.810000,9775923342,39420,17,0
NODE,0.758893,999,76450.830000,8979894719,39221,198,0
NODE,0.758893,999,72865.980000,8421570139,39229,88,0
NODE,0.758893,999,73081.070000,8369019969,39228,180,0
NODE,0.758893,999,73098.890000,7754043969,39230,114,0
NODE,0.758893,999,75586.500000,8367922126,39224,89,0
NODE,0.758893,999,73776.870000,8249947360,39227,143,0
NODE,0.758893,999,47956.340000,9007465932,39438,24,0
NODE,0.758893,999,48154.960000,9413101379,39437,79,0
NODE,0.758893,999,46236.310000,8943984210,39449,45,0
NODE,0.758893,999,49552.830000,9340244938,39434,63,0
NODE,0.758893,999,68291.610000,7827991738,39270,176,0
NODE,0.758893,999,68949.060000,8250616407,39267,217,0
NODE,0.758893,999,44272.820000,7886497091,39456,9,0
NODE,0.758893,999,76880.430000,9230716524,39223,160,0
NODE,0.758893,999,50673.500000,9548422938,39431,20,0
NODE,0.758893,999,73233.150000,8301089475,39236,90,0
NODE,0.758893,999,48997.680000,9701215074,39439,35,0
NODE,0.758893,999,46319.450000,8852494945,39452,34,0
NODE,0.758893,999,46125.860000,8038557343,39455,76,0
NODE,0.758893,999,52132.750000,10322601623,39430,44,0
NODE,0.758893,999,79499.610000,8344975842,39222,87,0
NODE,0.758893,999,75171.950000,9373140319,39237,164,0
NODE,0.758893,999,70858.580000,7753003389,39272,113,0
NODE,0.758893,999,78223.810000,9100923788,39225,187,0
NODE,0.758893,999,77552.660000,8929752052,39226,80,0
NODE,0.758893,999,69433.960000,7566960660,39290,101,0
NODE,0.758893,999,74346.290000,9114878862,39247,163,0
NODE,0.758893,999,75578.530000,9423170088,39240,169,0
NODE,0.758893,999,50931.650000,9804244555,39443,40,0
NODE,0.758893,999,76804.290000,8384689185,39232,118,0
NODE,0.758893,999,74077.440000,8518614307,39248,166,0
NODE,0.758893,999,50994.110000,10242532453,39444,59,0
NODE,0.758893,999,51817.720000,9970564564,39442,56,0
NODE,0.758893,999,76983.800000,8454023915,39233,150,0
NODE,0.758893,999,75447.840000,7769857253,39243,110,0
NODE,0.758893,999,72499.570000,7961638858,39276,104,0
NODE,0.758893,999,73772.740000,8198349430,39266,144,0
NODE,0.758893,999,72246.720000,8035421747,39279,193,0
NODE,0.758893,999,50060.170000,9460708452,39453,72,0
NODE,0.758893,999,72904.500000,8381291598,39275,142,0
NODE,0.758893,999,76536.430000,9403927159,39245,86,0
NODE,0.758893,999,72861.710000,7692677938,39280,182,0
NODE,0.758893,999,71278.280000,7950653232,39298,228,0
NODE,0.758893,999,52459.670000,9339690802,39447,77,0
NODE,0.758893,999,53046.160000,10147124388,39446,7,0
NODE,0.758893,999,72326.330000,7884258620,39296,107,0
NODE,0.758893,999,74856.430000,8565558343,39273,179,0
NODE,0.758893,999,76985.160000,8737775483,39249,145,0
NODE,0.758893,999,75053.150000,8476395463,39274,139,0
NODE,0.758893,999,78570.790000,9452992143,39242,121,0
NODE,0.758893,999,54335.880000,10146556151,39445,33,0
NODE,0.758893,999,76893.270000,9293425409,39253,162,0
NODE,0.758893,999,74331.340000,8091792287,39285,190,0
NODE,0.758893,999,74062.070000,8842186615,39287,91,0
NODE,0.758893,999,76348.480000,8439576327,39265,185,0
NODE,0.758893,999,76548.550000,8816309524,39261,85,0
NODE,0.758893,999,74370.520000,8516757449,39288,134,0
NODE,0.758893,999,75553.160000,8127694185,39278,140,0
NODE,0.758893,999,75023.860000,7919478529,39283,221,0
NODE,0.758893,999,69168.750000,8224075826,39342,220,0
NODE,0.758893,999,79604.500000,8845922838,39244,112,0
NODE,0.758893,999,79296.760000,9059240770,39246,174,0
NODE,0.758893,999,76586.370000,8618840068,39271,137,0
NODE,0.758893,999,78282.140000,9216254880,39251,161,0
NODE,0.758893,999,76323.770000,8487820204,39277,188,0
NODE,0.758893,999,78525.960000,9252352854,39255,189,0
NODE,0.758893,999,74641.170000,8202475749,39295,129,0
NODE,0.758893,999,78220.660000,8862561377,39259,194,0
NODE,0.758893,999,74230.200000,9156569396,39299,195,0
NODE,0.758893,999,71824.660000,8014348199,39336,109,0
NODE,0.758893,999,70756.250000,8109707897,39339,184,0
NODE,0.758893,999,78378.740000,9475499788,39268,183,0
NODE,0.758893,999,79034.420000,9189884376,39258,136,0
NODE,0.758893,999,79173.950000,9247780560,39257,94,0
NODE,0.758893,999,70455.770000,8322071221,39344,232,0
NODE,0.758893,999,78914.150000,8790240468,39262,199,0
NODE,0.758893,999,73157.120000,8235261366,39324,102,0
NODE,0.758893,999,79840.780000,10037838392,39256,171,0
NODE,0.758893,999,79144.280000,9419987483,39269,84,0
NODE,0.758893,999,76624.790000,8475753294,39291,186,0
NODE,0.758893,999,71291.750000,8287705248,39348,135,0
NODE,0.758893,999,77245.900000,8547699810,39289,133,0
NODE,0.758893,999,80824.200000,8826999314,39254,111,0
NODE,0.758893,999,74206.010000,9479356414,39330,181,0
NODE,0.758893,999,72104.620000,8764147031,39345,175,0
NODE,0.758893,999,78873.350000,8925857450,39281,98,0
NODE,0.758893,999,76828.990000,8850518497,39301,165,0
NODE,0.758893,999,81035.990000,9077489028,39260,122,0
NODE,0.758893,999,73132.660000,8282845561,39341,172,0
NODE,0.758893,999,77620.840000,8588225498,39297,130,0
NODE,0.758893,999,76954.790000,8837480702,39304,82,0
NODE,0.758893,999,73014.780000,8248209845,39346,236,0
NODE,0.758893,999,79686.360000,9157617072,39284,158,0
NODE,0.758893,999,76763.460000,8061415754,39313,203,0
NODE,0.758893,999,78815.650000,9361312846,39292,100,0
NODE,0.758893,999,71513.380000,7677866328,39362,238,0
NODE,0.758893,999,78049.260000,9091784341,39305,192,0
NODE,0.758893,999,83213.490000,9820637142,39252,119,0
NODE,0.758893,999,83315.090000,9015646328,39250,126,0
NODE,0.758893,999,76666.390000,8190310439,39326,97,0
NODE,0.758893,999,78461.280000,8772897269,39303,206,0
NODE,0.758893,999,77490.330000,9097485876,39319,202,0
NODE,0.758893,999,77199.880000,8433510755,39323,152,0
NODE,0.758893,999,76617.230000,9165019928,39332,146,0
NODE,0.758893,999,77800.480000,8400741336,39317,153,0
NODE,0.758893,999,77007.340000,9769302758,39328,219,0
NODE,0.758893,999,77571.150000,9292944555,39321,148,0
NODE,0.758893,999,76782.850000,9340692462,39335,196,0
NODE,0.758893,999,83343.730000,9361345740,39263,167,0
NODE,0.758893,999,74734.790000,8371672483,39350,230,0
NODE,0.758893,999,77273.300000,9221388244,39331,211,0
NODE,0.758893,999,81584.650000,9372137019,39286,132,0
NODE,0.758893,999,79772.780000,9112442641,39300,138,0
NODE,0.758893,999,80488.490000,9023712567,39294,149,0
NODE,0.758893,999,76071.180000,8910866663,39340,155,0
NODE,0.758893,999,75998.000000,9778348175,39343,210,0
NODE,0.758893,999,71498.610000,7674363186,39372,218,0
NODE,0.758893,999,82407.680000,8914813455,39282,128,0
NODE,0.758893,999,80107.520000,9013702074,39308,215,0
NODE,0.758893,999,80225.290000,9540265706,39307,225,0
NODE,0.758893,999,80550.150000,9079680059,39302,120,0
NODE,0.758893,999,75572.630000,8481820356,39353,96,0
NODE,0.758893,999,78314.290000,9797481066,39334,93,0
NODE,0.758893,999,76334.770000,8334301762,39349,99,0
NODE,0.758893,999,77497.300000,8644439249,39338,83,0
NODE,0.758893,999,79927.210000,9162832854,39318,212,0
NODE,0.758893,999,71452.940000,8349966434,39379,235,0
NODE,0.758893,999,77020.600000,8477777874,39347,227,0
NODE,0.758893,999,77014.480000,8906667152,39351,173,0
NODE,0.758893,999,86513.470000,10294348187,39264,178,0
NODE,0.758893,999,80845.700000,9139389220,39325,117,0
NODE,0.758893,999,76779.040000,8868705242,39357,159,0
NODE,0.758893,999,83571.720000,9392903160,39293,92,0
NODE,0.758893,999,82057.570000,9068094943,39312,222,0
NODE,0.758893,999,73041.810000,7786059448,39387,147,0
NODE,0.758893,999,82196.690000,9555247300,39329,115,0
NODE,0.758893,999,82327.010000,10092165279,39327,154,0
NODE,0.758893,999,84798.480000,10206740191,39306,95,0
NODE,0.758893,999,82549.940000,9077114948,39337,223,0
NODE,0.758893,999,79722.600000,8685440225,39358,229,0
NODE,0.758893,999,85647.220000,9465701293,39310,224,0
NODE,0.758893,999,85833.520000,9413480853,39309,141,0
NODE,0.758893,999,81651.320000,9357200476,39354,201,0
NODE,0.758893,999,76610.310000,8672780068,39388,131,0
NODE,0.758893,999,80367.090000,9556930712,39364,214,0
NODE,0.758893,999,86371.350000,9581977371,39320,81,0
NODE,0.758893,999,86696.260000,9692249825,39316,197,0
NODE,0.758893,999,87289.520000,9884417906,39311,216,0
NODE,0.758893,999,86740.250000,10377459926,39322,124,0
NODE,0.758893,999,87715.650000,9146375202,39314,151,0
NODE,0.758893,999,72900.100000,8368734813,39436,226,0
NODE,0.758893,999,77385.650000,9200946939,39399,205,0
NODE,0.758893,999,87396.100000,10299268618,39333,157,0
NODE,0.758893,999,80105.000000,9342885841,39383,237,0
NODE,0.758893,999,85016.600000,9035573017,39356,156,0
NODE,0.758893,999,81093.070000,9063835329,39385,234,0
NODE,0.758893,999,75907.080000,8372386343,39435,239,0
NODE,0.758893,999,44133.700000,8215806781,39457,39,0
NODE,0.758893,999,85641.400000,9758854666,39365,123,0
NODE,0.758893,999,79784.730000,9577857032,39417,213,0
NODE,0.758893,999,93240.570000,10093819656,39315,106,0
