NODE,0.758893,999,64576.650000,7658200892,1706,150,0
NODE,0.758893,999,66061.920000,7172928648,1834,34,0
NODE,0.758893,999,66328.410000,8283685151,1707,28,0
NODE,0.758893,999,66561.190000,7822624854,1731,135,0
NODE,0.758893,999,66793.260000,7726324884,1709,158,0
NODE,0.758893,999,67054.090000,7900283079,1763,107,0
NODE,0.758893,999,67063.500000,7204137273,1769,205,0
NODE,0.758893,999,67416.970000,7482619552,1827,199,0
NODE,0.758893,999,67721.880000,7672174212,1689,124,0
NODE,0.758893,999,67887.600000,7784735124,1850,227,0
NODE,0.758893,999,67888.070000,7835607081,1830,102,0
NODE,0.758893,999,68403.300000,7218201474,1832,55,0
NODE,0.758893,999,68538.930000,7335583675,1821,189,0
NODE,0.758893,999,68578.830000,7650029718,1691,163,0
NODE,0.758893,999,69224.630000,8397162251,1759,86,0
NODE,0.758893,999,69277.290000,8087333267,1732,196,0
NODE,0.758893,999,69416.390000,7245971495,1839,218,0
NODE,0.758893,999,69516.000000,7898000968,1760,171,0
NODE,0.758893,999,69524.540000,8076271703,1796,93,0
NODE,0.758893,999,69735.010000,7540164440,1797,213,0
NODE,0.758893,999,69931.390000,8372644373,1705,123,0
NODE,0.758893,999,70006.450000,8614288592,1740,235,0
NODE,0.758893,999,70120.470000,7949848828,1828,155,0
NODE,0.758893,999,70245.020000,8359673318,1757,200,0
NODE,0.758893,999,70262.280000,7646000463,1676,173,0
NODE,0.758893,999,70242.420000,8103910915,1794,45,0
NODE,0.758893,999,70283.510000,8043480719,1708,169,0
NODE,0.758893,999,70326.570000,8036607371,1786,68,0
NODE,0.758893,999,70393.340000,7685227133,1851,141,0
NODE,0.758893,999,70110.190000,7523212254,1690,30,0
NODE,0.758893,999,70907.210000,8037757057,1837,219,0
NODE,0.758893,999,70942.870000,8214781460,1667,115,0
NODE,0.758893,999,71055.960000,8497832781,1711,181,0
NODE,0.758893,999,71156.010000,8478391218,1778,239,0
NODE,0.758893,999,71393.040000,7960095465,1852,81,0
NODE,0.758893,999,71406.770000,8262030867,1729,21,0
NODE,0.758893,999,71581.430000,7956802240,1835,185,0
NODE,0.758893,999,71596.690000,8011591256,1670,149,0
NODE,0.758893,999,71618.570000,8362191298,1831,178,0
NODE,0.758893,999,71621.330000,8806787848,1822,137,0
NODE,0.758893,999,71871.450000,8478487949,1640,132,0
NODE,0.758893,999,71898.230000,8842529673,1761,67,0
NODE,0.758893,999,71942.870000,8238524949,1801,54,0
NODE,0.758893,999,72105.910000,8022120608,1657,79,0
NODE,0.758893,999,72114.590000,8696384188,1811,94,0
NODE,0.758893,999,72116.780000,7676162080,1785,27,0
NODE,0.758893,999,72198.080000,7728594650,1722,146,0
NODE,0.758893,999,72333.410000,8314391039,1767,31,0
NODE,0.758893,999,72343.880000,8381623880,1826,128,0
NODE,0.758893,999,72572.210000,8103369780,1799,105,0
NODE,0.758893,999,72695.730000,8624763499,1782,99,0
NODE,0.758893,999,72806.590000,8587952536,1818,179,0
NODE,0.758893,999,72872.500000,8471936085,1768,184,0
NODE,0.758893,999,72848.100000,8033642231,1816,103,0
NODE,0.758893,999,72815.850000,8751638255,1813,129,0
NODE,0.758893,999,72220.200000,7942062641,1673,85,0
NODE,0.758893,999,72823.430000,8282570708,1753,138,0
NODE,0.758893,999,73006.480000,8639174270,1664,18,0
NODE,0.758893,999,73094.340000,8264683351,1833,165,0
NODE,0.758893,999,73040.460000,8461568024,1743,48,0
NODE,0.758893,999,73152.840000,8491165360,1780,51,0
NODE,0.758893,999,73159.930000,9048627840,1755,119,0
NODE,0.758893,999,73118.530000,8134571051,1770,210,0
NODE,0.758893,999,73219.100000,9207388340,1742,125,0
NODE,0.758893,999,73208.420000,8133193260,1654,114,0
NODE,0.758893,999,73277.910000,8769506341,1704,91,0
NODE,0.758893,999,73341.210000,8247481632,1848,223,0
NODE,0.758893,999,73451.020000,8461311255,1823,47,0
NODE,0.758893,999,73577.910000,7961172042,1783,92,0
NODE,0.758893,999,73543.780000,8411055051,1739,49,0
NODE,0.758893,999,73647.180000,8324892767,1789,212,0
NODE,0.758893,999,73627.680000,8388527114,1693,136,0
NODE,0.758893,999,73721.460000,8260962222,1829,71,0
NODE,0.758893,999,73714.280000,8696573666,1649,75,0
NODE,0.758893,999,73594.310000,8561270159,1674,126,0
NODE,0.758893,999,73822.650000,9275629376,1728,164,0
NODE,0.758893,999,73843.460000,8829923370,1719,197,0
NODE,0.758893,999,73888.200000,8397828090,1710,20,0
NODE,0.758893,999,73839.000000,9015121985,1806,180,0
NODE,0.758893,999,73913.430000,8366649865,1681,117,0
NODE,0.758893,999,73961.740000,8592762483,1692,22,0
NODE,0.758893,999,74072.760000,7595924167,1655,230,0
NODE,0.758893,999,74051.410000,9114175522,1804,157,0
NODE,0.758893,999,73958.520000,9145126839,1756,43,0
NODE,0.758893,999,74001.600000,8438819368,1629,14,0
NODE,0.758893,999,74089.550000,8223159946,1641,36,0
NODE,0.758893,999,74139.020000,8139733958,1846,35,0
NODE,0.758893,999,74196.670000,8579698409,1683,89,0
NODE,0.758893,999,74070.950000,8464610122,1784,130,0
NODE,0.758893,999,74278.940000,7807126293,1838,217,0
NODE,0.758893,999,74402.760000,8948123933,1726,26,0
NODE,0.758893,999,74513.260000,9240835490,1803,177,0
NODE,0.758893,999,74510.540000,9478506114,1703,112,0
NODE,0.758893,999,74569.570000,8622602421,1700,195,0
NODE,0.758893,999,74505.400000,8481543561,1744,168,0
NODE,0.758893,999,74570.620000,8421143457,1824,95,0
NODE,0.758893,999,74604.190000,8829355025,1765,57,0
NODE,0.758893,999,74600.300000,8236451512,1661,121,0
NODE,0.758893,999,74582.160000,8716507679,1772,116,0
NODE,0.758893,999,74717.870000,8499245646,1717,64,0
NODE,0.758893,999,74727.470000,8016700045,1694,98,0
NODE,0.758893,999,74864.040000,8555711580,1853,215,0
NODE,0.758893,999,74859.420000,8870267833,1736,82,0
NODE,0.758893,999,74943.970000,8818697927,1800,154,0
NODE,0.758893,999,74985.230000,8144922827,1721,118,0
NODE,0.758893,999,75066.590000,8455264693,1854,134,0
NODE,0.758893,999,75219.940000,8466656172,1766,152,0
NODE,0.758893,999,75053.680000,8472674965,1716,139,0
NODE,0.758893,999,75260.010000,8834918392,1745,29,0
NODE,0.758893,999,75298.620000,8727371276,1684,192,0
NODE,0.758893,999,75484.890000,9054919990,1702,101,0
NODE,0.758893,999,75406.960000,9031398962,1762,127,0
NODE,0.758893,999,75433.620000,8358595051,1628,10,0
NODE,0.758893,999,75570.610000,8974704755,1668,231,0
NODE,0.758893,999,75772.300000,9682213603,1758,236,0
NODE,0.758893,999,75807.860000,8565563525,1856,225,0
NODE,0.758893,999,75817.640000,8467697268,1720,100,0
NODE,0.758893,999,75887.620000,8719281199,1798,131,0
NODE,0.758893,999,76051.380000,9489335142,1685,63,0
NODE,0.758893,999,76072.990000,8460512775,1639,111,0
NODE,0.758893,999,76301.130000,9222603404,1754,83,0
NODE,0.758893,999,76438.920000,9487206265,1777,207,0
NODE,0.758893,999,76484.750000,9408370285,1730,182,0
NODE,0.758893,999,76560.840000,9303348566,1650,161,0
NODE,0.758893,999,75674.310000,8965072655,1696,97,0
NODE,0.758893,999,76610.220000,9076406239,1659,194,0
NODE,0.758893,999,76746.850000,9352992952,1713,183,0
NODE,0.758893,999,76779.030000,9089664210,1715,41,0
NODE,0.758893,999,76830.930000,9413507782,1737,113,0
NODE,0.758893,999,76700.380000,8950861993,1776,140,0
NODE,0.758893,999,76886.000000,9245967900,1774,211,0
NODE,0.758893,999,76832.440000,9069988449,1632,12,0
NODE,0.758893,999,76824.870000,9317845414,1815,70,0
NODE,0.758893,999,76789.920000,9832539048,1805,32,0
NODE,0.758893,999,76941.280000,8888031246,1672,25,0
NODE,0.758893,999,76963.670000,8802930294,1634,109,0
NODE,0.758893,999,77038.720000,8956212289,1820,33,0
NODE,0.758893,999,77189.680000,8902649750,1669,193,0
NODE,0.758893,999,77287.970000,9559508565,1695,96,0
NODE,0.758893,999,77448.930000,8999997781,1697,40,0
NODE,0.758893,999,77477.220000,9017191708,1787,176,0
NODE,0.758893,999,77502.740000,8858688395,1788,153,0
NODE,0.758893,999,77577.950000,8678485664,1849,224,0
NODE,0.758893,999,77575.570000,9004218787,1647,60,0
NODE,0.758893,999,77638.280000,8761149282,1847,191,0
NODE,0.758893,999,77769.880000,9101124468,1791,190,0
NODE,0.758893,999,77816.580000,9431669565,1686,74,0
NODE,0.758893,999,77820.930000,8810057040,1814,147,0
NODE,0.758893,999,77839.910000,9443143521,1749,23,0
NODE,0.758893,999,77795.150000,8947027535,1622,4,0
NODE,0.758893,999,77920.050000,9306663992,1775,209,0
NODE,0.758893,999,77139.990000,9943477842,1734,53,0
NODE,0.758893,999,77986.550000,8616897973,1845,106,0
NODE,0.758893,999,77992.120000,8419770062,1825,204,0
NODE,0.758893,999,78097.550000,9271303234,1727,172,0
NODE,0.758893,999,78148.240000,8871198850,1752,188,0
NODE,0.758893,999,78078.540000,8536489696,1841,216,0
NODE,0.758893,999,78088.790000,8886751963,1646,228,0
NODE,0.758893,999,78191.990000,8360303418,1840,220,0
NODE,0.758893,999,78185.660000,9238587536,1682,144,0
NODE,0.758893,999,78086.900000,9555846373,1809,46,0
NODE,0.758893,999,78212.490000,8141258893,1844,58,0
NODE,0.758893,999,78308.080000,9151187235,1648,13,0
NODE,0.758893,999,78367.010000,8528608511,1671,61,0
NODE,0.758893,999,78419.780000,9264873316,1773,208,0
NODE,0.758893,999,78581.110000,9928563016,1781,198,0
NODE,0.758893,999,78512.280000,8673013705,1680,39,0
NODE,0.758893,999,78625.390000,9060607729,1817,56,0
NODE,0.758893,999,78762.310000,9009744035,1747,90,0
NODE,0.758893,999,78822.540000,8212870289,1842,222,0
NODE,0.758893,999,78883.150000,9900408638,1662,159,0
NODE,0.758893,999,78092.120000,9176999083,1701,76,0
NODE,0.758893,999,78872.560000,9160093788,1635,15,0
NODE,0.758893,999,78960.800000,9352337837,1738,59,0
NODE,0.758893,999,78937.640000,8834916445,1630,73,0
NODE,0.758893,999,78337.230000,9297282530,1643,16,0
NODE,0.758893,999,79172.190000,9330890851,1718,233,0
NODE,0.758893,999,79055.340000,8834766010,1627,8,0
NODE,0.758893,999,79158.190000,10411369717,1802,66,0
NODE,0.758893,999,78454.430000,9218844213,1698,65,0
NODE,0.758893,999,79329.060000,8197496240,1836,221,0
NODE,0.758893,999,79316.150000,9311727145,1688,175,0
NODE,0.758893,999,79336.300000,9509694588,1665,24,0
NODE,0.758893,999,79364.040000,9690225617,1714,186,0
NODE,0.758893,999,79286.870000,8965904399,1633,72,0
NODE,0.758893,999,79423.490000,9023778638,1735,50,0
NODE,0.758893,999,79463.850000,8760610888,1855,226,0
NODE,0.758893,999,79517.540000,9463343794,1712,187,0
NODE,0.758893,999,79880.240000,9312514924,1771,206,0
NODE,0.758893,999,79828.440000,8957766876,1644,84,0
NODE,0.758893,999,79938.320000,9516796317,1750,151,0
NODE,0.758893,999,79115.360000,9097193057,1652,110,0
NODE,0.758893,999,80133.360000,9532549467,1687,234,0
NODE,0.758893,999,80107.780000,9473395981,1651,120,0
NODE,0.758893,999,80174.550000,9050379314,1793,238,0
NODE,0.758893,999,80173.690000,9735076624,1764,167,0
NODE,0.758893,999,80175.130000,8882203685,1645,170,0
NODE,0.758893,999,80094.330000,9041188471,1679,133,0
NODE,0.758893,999,80413.040000,9734378555,1642,145,0
NODE,0.758893,999,80418.530000,9218884768,1636,78,0
NODE,0.758893,999,80592.750000,9751128654,1733,52,0
NODE,0.758893,999,80544.400000,9309791107,1677,162,0
NODE,0.758893,999,80700.090000,9318844148,1723,80,0
NODE,0.758893,999,80814.280000,8884051992,1656,148,0
NODE,0.758893,999,81070.680000,8987941778,1819,160,0
NODE,0.758893,999,81253.360000,9373695019,1619,2,0
NODE,0.758893,999,81319.500000,9036599516,1631,108,0
NODE,0.758893,999,81390.220000,9164011308,1620,3,0
NODE,0.758893,999,81604.510000,9602863501,1746,69,0
NODE,0.758893,999,81579.710000,9042509441,1660,87,0
NODE,0.758893,999,81737.460000,9310176887,1843,203,0
NODE,0.758893,999,81403.090000,10803569740,1741,42,0
NODE,0.758893,999,81917.680000,9867570423,1675,77,0
NODE,0.758893,999,81940.090000,10043124505,1699,232,0
NODE,0.758893,999,82011.630000,9785493404,1779,44,0
NODE,0.758893,999,82129.150000,10016809475,1812,202,0
NODE,0.758893,999,82061.390000,10027954379,1724,88,0
NODE,0.758893,999,82182.860000,9587557204,1808,237,0
NODE,0.758893,999,82123.200000,10324054467,1807,143,0
NODE,0.758893,999,82409.890000,9962795797,1624,9,0
NODE,0.758893,999,82605.540000,9807757380,1637,229,0
NODE,0.758893,999,82679.510000,10095610879,1625,11,0
NODE,0.758893,999,82810.940000,9721366689,1666,38,0
NODE,0.758893,999,82975.550000,10276065066,1810,214,0
NODE,0.758893,999,83047.510000,9652403771,1751,166,0
NODE,0.758893,999,83129.410000,9699872086,1725,122,0
NODE,0.758893,999,83192.620000,10542160965,1795,201,0
NODE,0.758893,999,83477.760000,11019177859,1748,104,0
NODE,0.758893,999,83453.470000,9604738962,1621,5,0
NODE,0.758893,999,83725.740000,9659440648,1663,174,0
NODE,0.758893,999,83779.400000,10276517843,1658,62,0
NODE,0.758893,999,84462.540000,9735277447,1792,142,0
NODE,0.758893,999,85468.760000,10633692431,1618,1,0
NODE,0.758893,999,85489.170000,9887618862,1653,37,0
NODE,0.758893,999,86838.240000,9828337883,1678,19,0
NODE,0.758893,999,87167.430000,10045263991,1638,17,0
NODE,0.758893,999,86973.330000,11123719271,1626,6,0
NODE,0.758893,999,87838.620000,11261037885,1623,7,0
NODE,0.758893,999,92122.020000,11210736114,1790,156,0
NODE,0.758893,999,71219.850000,7713659894,1857,150,0
NODE,0.758893,999,65437.130000,8029130348,1896,137,0
NODE,0.758893,999,64836.100000,7556835843,1905,128,0
NODE,0.758893,999,72758.120000,8261819632,1861,158,0
NODE,0.758893,999,67295.080000,7737191251,1909,184,0
NODE,0.758893,999,69725.210000,8384888853,1895,178,0
NODE,0.758893,999,75875.150000,8410169154,1858,34,0
NODE,0.758893,999,74802.530000,8586409944,1864,199,0
NODE,0.758893,999,71562.320000,7780780294,1888,115,0
NODE,0.758893,999,70388.250000,8609964084,1903,146,0
NODE,0.758893,999,74279.270000,8732645100,1868,55,0
NODE,0.758893,999,69765.780000,7971287143,1910,103,0
NODE,0.758893,999,71893.640000,7937508848,1887,219,0
NODE,0.758893,999,75457.580000,8649906397,1865,124,0
NODE,0.758893,999,70542.960000,8809556909,1908,179,0
NODE,0.758893,999,72154.300000,8535979462,1894,149,0
NODE,0.758893,999,68854.790000,8309600952,1960,154,0
NODE,0.758893,999,72599.230000,8246305930,1893,185,0
NODE,0.758893,999,70954.630000,8465948284,1916,48,0
NODE,0.758893,999,77847.600000,8789069922,1859,28,0
NODE,0.758893,999,72381.060000,7799894286,1898,67,0
NODE,0.758893,999,71809.290000,8691392012,1906,105,0
NODE,0.758893,999,72935.050000,8613479146,1897,132,0
NODE,0.758893,999,71969.240000,8424410471,1914,18,0
NODE,0.758893,999,72443.190000,7932908194,1904,31,0
NODE,0.758893,999,75000.720000,8713365336,1886,30,0
NODE,0.758893,999,76672.670000,8615922745,1873,218,0
NODE,0.758893,999,73190.810000,8623119490,1917,51,0
NODE,0.758893,999,69431.580000,8489470349,1991,25,0
NODE,0.758893,999,69203.330000,8221023919,1996,40,0
NODE,0.758893,999,79681.260000,9555801591,1863,205,0
NODE,0.758893,999,70499.280000,8275155616,1979,182,0
NODE,0.758893,999,71873.660000,8066593889,1963,152,0
NODE,0.758893,999,76010.660000,8604838210,1889,181,0
NODE,0.758893,999,72950.380000,8522584511,1944,89,0
NODE,0.758893,999,72919.910000,8328856081,1945,130,0
NODE,0.758893,999,74636.810000,9616664591,1907,99,0
NODE,0.758893,999,71132.250000,8772683618,1977,83,0
NODE,0.758893,999,76372.560000,8773076570,1891,81,0
NODE,0.758893,999,73620.700000,8528104816,1942,36,0
NODE,0.758893,999,76558.760000,8090326822,1892,21,0
NODE,0.758893,999,75298.480000,8929479883,1915,165,0
NODE,0.758893,999,76206.670000,9725615659,1902,27,0
NODE,0.758893,999,78205.140000,9314050811,1883,169,0
NODE,0.758893,999,75508.650000,9349762293,1920,125,0
NODE,0.758893,999,75764.860000,9047484603,1912,85,0
NODE,0.758893,999,80007.900000,9491372957,1871,86,0
NODE,0.758893,999,74355.410000,8955827487,1962,134,0
NODE,0.758893,999,75572.220000,8416817049,1934,20,0
NODE,0.758893,999,73877.490000,8361919245,1972,225,0
NODE,0.758893,999,78601.790000,9302030302,1890,239,0
NODE,0.758893,999,81829.120000,9868048217,1867,102,0
NODE,0.758893,999,75023.810000,8279202964,1959,82,0
NODE,0.758893,999,82135.200000,9253547493,1866,227,0
NODE,0.758893,999,75354.810000,8449819370,1961,118,0
NODE,0.758893,999,76098.300000,8290087118,1940,43,0
NODE,0.758893,999,80903.840000,9083073195,1874,171,0
NODE,0.758893,999,78664.940000,8955428213,1899,54,0
NODE,0.758893,999,80966.590000,8196287254,1876,213,0
NODE,0.758893,999,73935.340000,8642978587,1984,41,0
NODE,0.758893,999,83734.040000,9985166228,1862,107,0
NODE,0.758893,999,76534.710000,8467907770,1946,217,0
NODE,0.758893,999,82461.360000,10154073845,1870,163,0
NODE,0.758893,999,78252.700000,9408277121,1913,138,0
NODE,0.758893,999,78220.680000,8900640345,1919,210,0
NODE,0.758893,999,78190.690000,9419820825,1911,129,0
NODE,0.758893,999,76278.560000,9085518546,1964,139,0
NODE,0.758893,999,80955.350000,9836073396,1885,141,0
NODE,0.758893,999,79564.030000,10135326191,1900,79,0
NODE,0.758893,999,75974.550000,8118890946,1969,10,0
NODE,0.758893,999,77669.320000,9109078252,1939,157,0
NODE,0.758893,999,77326.890000,8601082154,1948,177,0
NODE,0.758893,999,77408.260000,9198190835,1947,26,0
NODE,0.758893,999,74935.610000,8948466879,1990,32,0
NODE,0.758893,999,81850.420000,9042908545,1882,45,0
NODE,0.758893,999,77983.910000,8947864311,1953,57,0
NODE,0.758893,999,75581.180000,8701704651,1989,70,0
NODE,0.758893,999,82336.410000,9099620660,1880,200,0
NODE,0.758893,999,76892.000000,8781171762,1971,236,0
NODE,0.758893,999,75798.010000,8515775259,1987,211,0
NODE,0.758893,999,78180.780000,8708581978,1951,168,0
NODE,0.758893,999,76560.180000,8736211784,1982,194,0
NODE,0.758893,999,78682.150000,9082818857,1954,121,0
NODE,0.758893,999,77342.470000,9469538688,1975,63,0
NODE,0.758893,999,79355.570000,9831647202,1938,230,0
NODE,0.758893,999,83369.420000,9630845436,1881,173,0
NODE,0.758893,999,77950.230000,8874806472,1973,100,0
NODE,0.758893,999,80072.010000,9354398105,1933,197,0
NODE,0.758893,999,76458.350000,8678272358,1995,96,0
NODE,0.758893,999,83813.190000,9682109040,1879,155,0
NODE,0.758893,999,81018.890000,10368800411,1918,119,0
NODE,0.758893,999,87595.050000,10436339997,1860,135,0
NODE,0.758893,999,80264.680000,10113045588,1931,126,0
NODE,0.758893,999,77065.820000,8727857922,1988,12,0
NODE,0.758893,999,81282.880000,9926182225,1924,47,0
NODE,0.758893,999,77993.800000,8686866571,1986,140,0
NODE,0.758893,999,81256.720000,9932835367,1932,164,0
NODE,0.758893,999,85865.350000,9883171836,1872,196,0
NODE,0.758893,999,78794.180000,9191725691,1978,207,0
NODE,0.758893,999,82035.200000,9775885437,1921,114,0
NODE,0.758893,999,81434.190000,9101741805,1936,117,0
NODE,0.758893,999,79912.360000,8894762119,1967,101,0
NODE,0.758893,999,80932.410000,8683923601,1952,95,0
NODE,0.758893,999,81590.880000,9143517145,1935,180,0
NODE,0.758893,999,80351.970000,9046691543,1965,29,0
NODE,0.758893,999,83505.350000,11025388844,1901,94,0
NODE,0.758893,999,78911.560000,9885139276,1983,183,0
NODE,0.758893,999,79630.250000,9248439402,1974,131,0
NODE,0.758893,999,81715.400000,9405303661,1930,75,0
NODE,0.758893,999,87242.380000,10296989823,1869,189,0
NODE,0.758893,999,78966.890000,9889670347,1985,113,0
NODE,0.758893,999,81423.320000,9676936863,1949,112,0
NODE,0.758893,999,85648.410000,10281867056,1884,68,0
NODE,0.758893,999,82712.940000,9791831161,1922,91,0
NODE,0.758893,999,81345.560000,8857574968,1956,64,0
NODE,0.758893,999,81272.130000,9507450441,1958,215,0
NODE,0.758893,999,82536.100000,10455701802,1927,212,0
NODE,0.758893,999,79034.880000,8878876968,1999,224,0
NODE,0.758893,999,82083.240000,9202847583,1957,98,0
NODE,0.758893,999,79535.040000,9488821857,1992,109,0
NODE,0.758893,999,81672.240000,10338342686,1966,192,0
NODE,0.758893,999,84037.010000,10562988069,1923,223,0
NODE,0.758893,999,82375.470000,9342229186,1970,231,0
NODE,0.758893,999,83708.580000,10715366429,1943,35,0
NODE,0.758893,999,83314.710000,9114533859,1955,116,0
NODE,0.758893,999,88891.200000,9544711768,1875,93,0
NODE,0.758893,999,80923.110000,9928292008,2000,60,0
NODE,0.758893,999,82088.490000,9372761804,1980,161,0
NODE,0.758893,999,84759.390000,10239852379,1941,14,0
NODE,0.758893,999,85274.090000,9737474239,1937,22,0
NODE,0.758893,999,81951.390000,9061969134,1998,153,0
NODE,0.758893,999,86111.090000,10106534988,1928,136,0
NODE,0.758893,999,82697.200000,10151149287,1993,33,0
NODE,0.758893,999,84721.560000,9041804097,1968,127,0
NODE,0.758893,999,87226.210000,9909909853,1925,92,0
NODE,0.758893,999,87459.760000,10939304025,1926,49,0
NODE,0.758893,999,84258.520000,10055987557,1994,193,0
NODE,0.758893,999,83995.780000,9474510213,1997,176,0
NODE,0.758893,999,88109.970000,11378221193,1929,71,0
NODE,0.758893,999,92508.440000,9747549218,1877,123,0
NODE,0.758893,999,86865.150000,10610443069,1976,111,0
NODE,0.758893,999,88383.770000,10361283344,1950,195,0
NODE,0.758893,999,93821.960000,10153530158,1878,235,0
NODE,0.758893,999,87108.680000,10505942290,1981,97,0
