NODE,0.758893,999,70436.500000,7621602370,14559,117,0
NODE,0.758893,999,70507.110000,8566432644,14598,212,0
NODE,0.758893,999,70556.400000,7970209555,14610,85,0
NODE,0.758893,999,71523.800000,7484134628,14409,63,0
NODE,0.758893,999,71538.230000,7665593865,14447,198,0
NODE,0.758893,999,71732.470000,8810848950,14603,92,0
NODE,0.758893,999,71748.300000,9039188434,14586,154,0
NODE,0.758893,999,72226.780000,9082844713,14588,190,0
NODE,0.758893,999,72596.650000,8269334028,14440,60,0
NODE,0.758893,999,72866.800000,8293232165,14571,131,0
NODE,0.758893,999,72854.080000,8637458021,14613,56,0
NODE,0.758893,999,72906.770000,9031325766,14616,50,0
NODE,0.758893,999,73102.350000,8592045400,14614,53,0
NODE,0.758893,999,73311.140000,8428178039,14576,179,0
NODE,0.758893,999,73390.690000,8542947619,14562,71,0
NODE,0.758893,999,73400.100000,8480387715,14432,168,0
NODE,0.758893,999,73415.000000,8331158488,14411,108,0
NODE,0.758893,999,73492.050000,7806575422,14444,96,0
NODE,0.758893,999,73637.570000,7765254846,14435,204,0
NODE,0.758893,999,74052.580000,8560557937,14581,201,0
NODE,0.758893,999,74180.620000,8496359297,14612,88,0
NODE,0.758893,999,74351.150000,8389773103,14604,94,0
NODE,0.758893,999,74420.870000,7961143773,14433,61,0
NODE,0.758893,999,74650.920000,8906359403,14615,54,0
NODE,0.758893,999,74905.920000,8582053441,14593,80,0
NODE,0.758893,999,74953.030000,8862306662,14590,107,0
NODE,0.758893,999,75119.700000,9179871549,14618,84,0
NODE,0.758893,999,75210.480000,8785570256,14591,202,0
NODE,0.758893,999,75269.710000,9439105410,14577,191,0
NODE,0.758893,999,75314.720000,8914353599,14594,129,0
NODE,0.758893,999,75497.060000,8748543184,14578,34,0
NODE,0.758893,999,75601.770000,9781210062,14599,83,0
NODE,0.758893,999,75618.040000,8134099727,14551,124,0
NODE,0.758893,999,75620.150000,9407829205,14507,133,0
NODE,0.758893,999,75691.480000,9696731636,14429,113,0
NODE,0.758893,999,75725.720000,8910793937,14589,35,0
NODE,0.758893,999,75901.320000,8381378456,14556,132,0
NODE,0.758893,999,75988.660000,9847215050,14587,178,0
NODE,0.758893,999,76124.510000,9185624070,14606,93,0
NODE,0.758893,999,76142.790000,9084127149,14483,111,0
NODE,0.758893,999,76145.110000,9368415244,14625,143,0
NODE,0.758893,999,76213.350000,8905619420,14638,11,0
NODE,0.758893,999,76265.230000,7778596340,14434,102,0
NODE,0.758893,999,76373.350000,9303561030,14584,128,0
NODE,0.758893,999,76391.860000,8930043631,14592,209,0
NODE,0.758893,999,76586.750000,9237576195,14550,123,0
NODE,0.758893,999,76871.490000,9660380904,14583,76,0
NODE,0.758893,999,77002.160000,8847507571,14572,140,0
NODE,0.758893,999,76996.790000,8350178643,14436,169,0
NODE,0.758893,999,77035.230000,8481123923,14421,40,0
NODE,0.758893,999,77038.950000,8737386224,14427,161,0
NODE,0.758893,999,77106.960000,9260097040,14609,86,0
NODE,0.758893,999,77190.570000,9587627551,14634,7,0
NODE,0.758893,999,77239.140000,8915050151,14515,45,0
NODE,0.758893,999,77246.100000,8520982769,14555,127,0
NODE,0.758893,999,77300.640000,8290517452,14491,233,0
NODE,0.758893,999,77363.100000,8698442124,14553,215,0
NODE,0.758893,999,77394.620000,9430111563,14548,104,0
NODE,0.758893,999,77525.150000,9545933108,14508,142,0
NODE,0.758893,999,77520.060000,8818043988,14520,69,0
NODE,0.758893,999,77584.230000,9739742583,14617,51,0
NODE,0.758893,999,77610.910000,9871926205,14582,213,0
NODE,0.758893,999,77676.550000,9106579742,14428,192,0
NODE,0.758893,999,77665.150000,9599151621,14423,120,0
NODE,0.758893,999,77655.790000,9755101630,14561,1,0
NODE,0.758893,999,77764.940000,8204250766,14424,41,0
NODE,0.758893,999,77846.870000,9138130253,14512,134,0
NODE,0.758893,999,77839.820000,9668694074,14619,55,0
NODE,0.758893,999,77917.470000,9993863550,14506,136,0
NODE,0.758893,999,77937.830000,7987551899,14404,220,0
NODE,0.758893,999,77968.760000,9028707805,14420,66,0
NODE,0.758893,999,78050.720000,9178070476,14611,87,0
NODE,0.758893,999,78062.280000,8878989586,14413,13,0
NODE,0.758893,999,78086.380000,9759562640,14585,141,0
NODE,0.758893,999,78101.160000,8301483075,14412,170,0
NODE,0.758893,999,78059.020000,8071258942,14445,42,0
NODE,0.758893,999,78118.570000,8045316184,14457,109,0
NODE,0.758893,999,78205.420000,9825835283,14602,90,0
NODE,0.758893,999,78235.270000,9457659888,14499,160,0
NODE,0.758893,999,78214.260000,9028706045,14478,234,0
NODE,0.758893,999,78322.880000,8653103776,14410,39,0
NODE,0.758893,999,78350.460000,9831366358,14601,155,0
NODE,0.758893,999,78378.900000,9032487084,14629,2,0
NODE,0.758893,999,78824.680000,9859940886,14608,89,0
NODE,0.758893,999,78832.200000,8236365800,14573,148,0
NODE,0.758893,999,78898.730000,9542442256,14545,130,0
NODE,0.758893,999,78902.290000,8754833617,14472,67,0
NODE,0.758893,999,79055.980000,8008697559,14439,184,0
NODE,0.758893,999,79057.960000,9102624991,14488,101,0
NODE,0.758893,999,79104.490000,9035272739,14605,91,0
NODE,0.758893,999,79172.860000,9593995705,14635,8,0
NODE,0.758893,999,79393.040000,9397410347,14476,163,0
NODE,0.758893,999,79548.800000,10169887328,14579,167,0
NODE,0.758893,999,79570.820000,8558217467,14486,159,0
NODE,0.758893,999,79600.440000,9613768468,14546,32,0
NODE,0.758893,999,79628.290000,9941352059,14596,152,0
NODE,0.758893,999,79654.330000,8939965580,14535,226,0
NODE,0.758893,999,79666.300000,9282881706,14431,27,0
NODE,0.758893,999,79637.040000,8838945028,14414,222,0
NODE,0.758893,999,79456.350000,8992942875,14632,5,0
NODE,0.758893,999,79877.630000,8996450532,14492,150,0
NODE,0.758893,999,80072.840000,8650557410,14446,205,0
NODE,0.758893,999,80177.160000,8830336301,14426,181,0
NODE,0.758893,999,80177.100000,8297290969,14442,115,0
NODE,0.758893,999,80238.810000,8953838567,14450,231,0
NODE,0.758893,999,80300.930000,9643356845,14484,18,0
NODE,0.758893,999,80408.940000,8972546046,14452,218,0
NODE,0.758893,999,80433.760000,9220018147,14456,44,0
NODE,0.758893,999,80617.450000,8794503930,14552,122,0
NODE,0.758893,999,80626.610000,9127155370,14567,200,0
NODE,0.758893,999,80646.890000,8972062091,14554,75,0
NODE,0.758893,999,80654.210000,8977483473,14406,12,0
NODE,0.758893,999,80845.980000,9682544268,14485,189,0
NODE,0.758893,999,80864.370000,10196540340,14565,33,0
NODE,0.758893,999,80903.160000,9738226165,14422,145,0
NODE,0.758893,999,80916.350000,8684798513,14458,172,0
NODE,0.758893,999,80904.040000,8384196530,14405,228,0
NODE,0.758893,999,80994.320000,10044398966,14418,24,0
NODE,0.758893,999,81049.310000,9010174669,14534,153,0
NODE,0.758893,999,81091.990000,10308256325,14623,58,0
NODE,0.758893,999,81156.870000,9477547941,14511,138,0
NODE,0.758893,999,81242.350000,8723854245,14441,15,0
NODE,0.758893,999,81488.690000,10020251995,14568,166,0
NODE,0.758893,999,81531.470000,9904536832,14620,52,0
NODE,0.758893,999,81553.030000,9396085961,14637,10,0
NODE,0.758893,999,81805.140000,9773432723,14471,207,0
NODE,0.758893,999,81827.480000,9255241224,14536,118,0
NODE,0.758893,999,81902.670000,10324477303,14510,135,0
NODE,0.758893,999,81827.250000,8714394187,14408,156,0
NODE,0.758893,999,81865.840000,7946806823,14401,216,0
NODE,0.758893,999,81991.510000,9720290054,14547,121,0
NODE,0.758893,999,82086.240000,10732461583,14600,237,0
NODE,0.758893,999,82284.540000,10054380846,14607,95,0
NODE,0.758893,999,82346.380000,9590552823,14470,114,0
NODE,0.758893,999,82399.080000,9495136899,14626,59,0
NODE,0.758893,999,82429.580000,9487327628,14522,31,0
NODE,0.758893,999,82458.150000,8952554830,14451,103,0
NODE,0.758893,999,82465.710000,9897632471,14636,9,0
NODE,0.758893,999,82255.040000,9458442464,14631,4,0
NODE,0.758893,999,82470.150000,9119769094,14633,6,0
NODE,0.758893,999,82559.130000,9645128860,14504,210,0
NODE,0.758893,999,82633.480000,8462077548,14443,25,0
NODE,0.758893,999,82647.950000,9277018808,14453,183,0
NODE,0.758893,999,82891.350000,10827183685,14543,187,0
NODE,0.758893,999,83074.550000,10516058413,14481,224,0
NODE,0.758893,999,83081.700000,9130810719,14425,219,0
NODE,0.758893,999,83101.500000,10442232952,14564,177,0
NODE,0.758893,999,83135.910000,9975207873,14538,21,0
NODE,0.758893,999,83159.390000,9660294496,14627,238,0
NODE,0.758893,999,83215.070000,9680328768,14482,62,0
NODE,0.758893,999,83223.510000,8714959815,14403,64,0
NODE,0.758893,999,83267.720000,8872491390,14416,229,0
NODE,0.758893,999,83271.830000,10197014802,14430,14,0
NODE,0.758893,999,83270.230000,9652740973,14487,175,0
NODE,0.758893,999,83311.030000,9691437050,14558,223,0
NODE,0.758893,999,83402.120000,9956486984,14467,26,0
NODE,0.758893,999,83463.800000,10036559057,14438,217,0
NODE,0.758893,999,83577.940000,9831576298,14474,174,0
NODE,0.758893,999,83722.330000,9826949415,14419,110,0
NODE,0.758893,999,83745.410000,8847840574,14463,232,0
NODE,0.758893,999,83822.600000,9869042019,14519,186,0
NODE,0.758893,999,83904.180000,10069725652,14595,139,0
NODE,0.758893,999,83931.960000,9859875028,14459,157,0
NODE,0.758893,999,83897.240000,9665629127,14448,162,0
NODE,0.758893,999,83905.930000,9691054508,14466,180,0
NODE,0.758893,999,84053.090000,9419715648,14415,158,0
NODE,0.758893,999,84129.050000,9976834727,14531,73,0
NODE,0.758893,999,84126.680000,10225463493,14621,48,0
NODE,0.758893,999,84216.120000,10758685963,14542,125,0
NODE,0.758893,999,84248.370000,10054459889,14624,57,0
NODE,0.758893,999,84309.100000,10629771535,14495,16,0
NODE,0.758893,999,84390.890000,10441664919,14526,137,0
NODE,0.758893,999,84459.710000,10296172213,14479,208,0
NODE,0.758893,999,84487.690000,10101202840,14549,164,0
NODE,0.758893,999,84636.100000,8661176713,14462,199,0
NODE,0.758893,999,84654.150000,10455923112,14505,236,0
NODE,0.758893,999,84666.960000,10086716506,14513,227,0
NODE,0.758893,999,84670.740000,10017220989,14521,97,0
NODE,0.758893,999,84819.190000,9566012467,14437,230,0
NODE,0.758893,999,84842.670000,9898314581,14575,23,0
NODE,0.758893,999,84913.360000,9537815273,14469,17,0
NODE,0.758893,999,84915.910000,10561244092,14628,239,0
NODE,0.758893,999,84978.810000,10648036701,14544,176,0
NODE,0.758893,999,85000.610000,9935653760,14560,22,0
NODE,0.758893,999,84995.710000,10074113844,14509,151,0
NODE,0.758893,999,85097.180000,10274317881,14541,193,0
NODE,0.758893,999,85161.050000,9584333547,14494,112,0
NODE,0.758893,999,85192.420000,10696436055,14501,196,0
NODE,0.758893,999,85239.000000,10914511850,14566,106,0
NODE,0.758893,999,85270.200000,10512663186,14500,68,0
NODE,0.758893,999,85404.380000,9210839782,14574,119,0
NODE,0.758893,999,85446.590000,10305116634,14597,203,0
NODE,0.758893,999,85440.920000,9827904158,14533,235,0
NODE,0.758893,999,85395.040000,9367480735,14532,78,0
NODE,0.758893,999,85479.910000,11155994560,14622,49,0
NODE,0.758893,999,85531.550000,11551859389,14477,147,0
NODE,0.758893,999,85625.170000,9387802348,14473,195,0
NODE,0.758893,999,85627.420000,9798993383,14570,77,0
NODE,0.758893,999,85713.930000,10875559707,14502,99,0
NODE,0.758893,999,85765.440000,10417881816,14475,100,0
NODE,0.758893,999,85844.030000,10645085588,14516,20,0
NODE,0.758893,999,85892.660000,10056346210,14493,185,0
NODE,0.758893,999,85928.590000,9813815909,14518,171,0
NODE,0.758893,999,85934.960000,10090550926,14454,65,0
NODE,0.758893,999,85857.630000,9861483871,14489,30,0
NODE,0.758893,999,86292.960000,10434962589,14468,36,0
NODE,0.758893,999,86579.770000,9995785560,14480,43,0
NODE,0.758893,999,86619.210000,10169117045,14557,146,0
NODE,0.758893,999,86646.570000,10740457740,14563,188,0
NODE,0.758893,999,86642.670000,10101547696,14449,144,0
NODE,0.758893,999,86718.140000,9117540766,14407,98,0
NODE,0.758893,999,86764.210000,10668606452,14580,105,0
NODE,0.758893,999,87014.210000,11293445133,14514,116,0
NODE,0.758893,999,87078.000000,10491038821,14539,126,0
NODE,0.758893,999,87409.200000,10325087746,14530,79,0
NODE,0.758893,999,87586.710000,9937407925,14490,194,0
NODE,0.758893,999,88002.140000,10285352152,14524,165,0
NODE,0.758893,999,88020.900000,10844614671,14503,173,0
NODE,0.758893,999,88196.780000,10740118729,14465,221,0
NODE,0.758893,999,88419.110000,9845200196,14569,214,0
NODE,0.758893,999,88433.880000,10390672850,14540,70,0
NODE,0.758893,999,88758.960000,9927203533,14417,182,0
NODE,0.758893,999,88785.670000,11163887381,14498,28,0
NODE,0.758893,999,89131.240000,10491017911,14461,19,0
NODE,0.758893,999,89459.070000,9563161285,14402,38,0
NODE,0.758893,999,89585.400000,9785081794,14455,29,0
NODE,0.758893,999,89697.370000,11135867230,14517,197,0
NODE,0.758893,999,90051.540000,10747520923,14528,72,0
NODE,0.758893,999,90090.240000,10157700329,14400,37,0
NODE,0.758893,999,90288.010000,11051453285,14523,211,0
NODE,0.758893,999,90131.150000,11218123450,14630,3,0
NODE,0.758893,999,91067.960000,10304976301,14496,225,0
NODE,0.758893,999,91722.630000,10612412175,14460,206,0
NODE,0.758893,999,92185.620000,11601618603,14529,82,0
NODE,0.758893,999,92289.490000,11847091423,14527,81,0
NODE,0.758893,999,92346.330000,10799660032,14537,47,0
NODE,0.758893,999,95436.040000,11193105441,14464,149,0
NODE,0.758893,999,95541.070000,11992500986,14497,46,0
NODE,0.758893,999,96237.260000,12073275295,14525,74,0
NODE,0.758893,999,67729.930000,8209290738,14670,83,0
NODE,0.758893,999,71438.710000,8278511655,14646,190,0
NODE,0.758893,999,63860.580000,7281388319,14745,218,0
NODE,0.758893,999,74599.060000,8344790716,14647,60,0
NODE,0.758893,999,77077.710000,8761917453,14639,117,0
NODE,0.758893,999,74223.500000,8050265369,14659,88,0
NODE,0.758893,999,72734.900000,8071816638,14674,35,0
NODE,0.758893,999,76948.370000,8706865675,14643,198,0
NODE,0.758893,999,68201.770000,7397549950,14760,15,0
NODE,0.758893,999,66510.540000,6828865590,14787,238,0
NODE,0.758893,999,68241.600000,7443917755,14761,166,0
NODE,0.758893,999,74601.830000,8156825247,14665,84,0
NODE,0.758893,999,69043.320000,8697021648,14753,145,0
NODE,0.758893,999,72235.200000,7994797742,14708,220,0
NODE,0.758893,999,75193.800000,8925246142,14667,191,0
NODE,0.758893,999,70178.900000,7830105446,14746,44,0
NODE,0.758893,999,68738.760000,7534380986,14767,156,0
NODE,0.758893,999,69631.310000,8232030034,14759,138,0
NODE,0.758893,999,72772.410000,8453844866,14713,170,0
NODE,0.758893,999,68874.360000,7609660441,14770,237,0
NODE,0.758893,999,67540.090000,7546154692,14794,26,0
NODE,0.758893,999,76356.130000,8738218142,14664,107,0
NODE,0.758893,999,75950.900000,8606990895,14672,133,0
NODE,0.758893,999,81158.750000,10101090794,14640,212,0
NODE,0.758893,999,67157.520000,7506261488,14813,199,0
NODE,0.758893,999,70780.790000,8085868753,14758,58,0
NODE,0.758893,999,68222.050000,7601155983,14798,232,0
NODE,0.758893,999,74755.540000,8793996420,14691,7,0
NODE,0.758893,999,70873.260000,8215346067,14756,24,0
NODE,0.758893,999,75692.150000,9035170583,14681,102,0
NODE,0.758893,999,76100.470000,9421293010,14675,132,0
NODE,0.758893,999,76879.600000,8969558019,14668,129,0
NODE,0.758893,999,71429.260000,7714329709,14750,12,0
NODE,0.758893,999,71757.080000,8416610051,14749,75,0
NODE,0.758893,999,66813.060000,7038736569,14836,77,0
NODE,0.758893,999,71474.880000,8206796440,14755,228,0
NODE,0.758893,999,75575.040000,8594518890,14686,140,0
NODE,0.758893,999,78275.630000,8973459793,14660,94,0
NODE,0.758893,999,75595.650000,9392146767,14689,161,0
NODE,0.758893,999,73433.010000,9277373325,14729,8,0
NODE,0.758893,999,69481.610000,7909540393,14789,64,0
NODE,0.758893,999,69138.110000,7516987920,14796,174,0
NODE,0.758893,999,78067.210000,9613093460,14663,80,0
NODE,0.758893,999,77325.750000,8989255243,14669,34,0
NODE,0.758893,999,70010.810000,7577886940,14788,62,0
NODE,0.758893,999,75580.520000,8691393638,14702,120,0
NODE,0.758893,999,77347.600000,9675052540,14677,93,0
NODE,0.758893,999,71103.320000,7925267710,14776,9,0
NODE,0.758893,999,71136.540000,7691893319,14779,210,0
NODE,0.758893,999,72241.590000,8254716482,14762,52,0
NODE,0.758893,999,70094.540000,7761111151,14797,110,0
NODE,0.758893,999,71300.120000,7607640099,14778,6,0
NODE,0.758893,999,70631.380000,7854903691,14791,14,0
NODE,0.758893,999,74340.380000,9063905366,14735,226,0
NODE,0.758893,999,80286.610000,8862788955,14657,204,0
NODE,0.758893,999,72382.050000,7849298845,14769,121,0
NODE,0.758893,999,73593.520000,10008440882,14751,189,0
NODE,0.758893,999,71441.920000,7741690835,14783,224,0
NODE,0.758893,999,76292.250000,9376948869,14714,42,0
NODE,0.758893,999,78436.250000,9350294519,14679,143,0
NODE,0.758893,999,71617.050000,7964319409,14784,219,0
NODE,0.758893,999,69896.970000,7458651951,14820,239,0
NODE,0.758893,999,76765.230000,8771687380,14709,66,0
NODE,0.758893,999,73920.240000,8837722975,14754,172,0
NODE,0.758893,999,80871.440000,9326726832,14658,201,0
NODE,0.758893,999,70438.020000,7290668177,14812,164,0
NODE,0.758893,999,79038.790000,9833203486,14676,178,0
NODE,0.758893,999,79839.960000,9993024239,14666,202,0
NODE,0.758893,999,78846.200000,9396075220,14682,128,0
NODE,0.758893,999,78390.370000,9670027270,14685,76,0
NODE,0.758893,999,76918.890000,8682453835,14719,39,0
NODE,0.758893,999,72463.850000,8534396305,14782,187,0
NODE,0.758893,999,70019.980000,7433389663,14833,49,0
NODE,0.758893,999,71422.370000,7840636775,14805,73,0
NODE,0.758893,999,81141.000000,9535812245,14661,61,0
NODE,0.758893,999,84061.640000,9879688065,14642,63,0
NODE,0.758893,999,79992.850000,9478466905,14673,113,0
NODE,0.758893,999,80919.300000,9392029028,14662,54,0
NODE,0.758893,999,79617.980000,9583856463,14680,11,0
NODE,0.758893,999,75690.050000,8727566791,14741,181,0
NODE,0.758893,999,70421.710000,7900230542,14831,235,0
NODE,0.758893,999,74942.620000,9485356443,14752,33,0
NODE,0.758893,999,71777.550000,7767811337,14806,48,0
NODE,0.758893,999,73533.000000,8054639528,14774,31,0
NODE,0.758893,999,83174.500000,9521952851,14649,56,0
NODE,0.758893,999,77961.370000,9412168919,14711,13,0
NODE,0.758893,999,79212.420000,9860642871,14687,169,0
NODE,0.758893,999,75724.550000,8652108705,14747,122,0
NODE,0.758893,999,65806.390000,6765332430,14869,3,0
NODE,0.758893,999,66339.730000,6757317157,14867,37,0
NODE,0.758893,999,78266.060000,9444812072,14718,234,0
NODE,0.758893,999,78223.770000,9564270388,14720,155,0
NODE,0.758893,999,72778.530000,7583910571,14799,186,0
NODE,0.758893,999,73979.090000,8169266933,14777,4,0
NODE,0.758893,999,79006.300000,9027483258,14701,192,0
NODE,0.758893,999,75145.810000,8141234834,14763,10,0
NODE,0.758893,999,71871.890000,7903548963,14819,17,0
NODE,0.758893,999,70946.410000,7428067197,14841,171,0
NODE,0.758893,999,79064.420000,9515928420,14703,1,0
NODE,0.758893,999,78968.040000,9731347117,14707,136,0
NODE,0.758893,999,85169.860000,10531056197,14645,154,0
NODE,0.758893,999,77422.450000,9571108320,14731,167,0
NODE,0.758893,999,81453.700000,9602893753,14671,124,0
NODE,0.758893,999,77199.870000,8917802155,14739,150,0
NODE,0.758893,999,78983.360000,9377410063,14717,160,0
NODE,0.758893,999,73955.810000,8637705608,14792,175,0
NODE,0.758893,999,77680.290000,10361016834,14733,32,0
NODE,0.758893,999,80091.710000,9780989904,14695,215,0
NODE,0.758893,999,73594.770000,8334185382,14801,157,0
NODE,0.758893,999,78506.770000,10252189513,14727,101,0
NODE,0.758893,999,81518.970000,9859719337,14678,111,0
NODE,0.758893,999,86011.390000,9818749310,14644,92,0
NODE,0.758893,999,73545.320000,7729295902,14809,16,0
NODE,0.758893,999,75239.100000,8965502593,14781,183,0
NODE,0.758893,999,77650.200000,8858507446,14743,231,0
NODE,0.758893,999,73748.220000,7976172999,14810,137,0
NODE,0.758893,999,81141.370000,9421496815,14688,40,0
NODE,0.758893,999,84787.510000,10032380469,14656,96,0
NODE,0.758893,999,80516.420000,10252250694,14705,134,0
NODE,0.758893,999,80180.600000,9806293553,14716,90,0
NODE,0.758893,999,81217.840000,9761793812,14693,127,0
NODE,0.758893,999,79678.690000,9704541693,14722,89,0
NODE,0.758893,999,76180.810000,8203935698,14772,114,0
NODE,0.758893,999,80654.330000,9051640709,14710,87,0
NODE,0.758893,999,80932.770000,10573377674,14704,41,0
NODE,0.758893,999,82506.900000,9406701113,14683,209,0
NODE,0.758893,999,75935.550000,8055937658,14786,21,0
NODE,0.758893,999,79009.180000,9074446622,14738,5,0
NODE,0.758893,999,75826.510000,9127112616,14790,229,0
NODE,0.758893,999,73612.540000,7520847445,14834,147,0
NODE,0.758893,999,78533.300000,8745791896,14748,200,0
NODE,0.758893,999,68093.060000,7178729634,14870,225,0
NODE,0.758893,999,79091.670000,9877052976,14740,205,0
NODE,0.758893,999,71248.330000,7798316803,14856,173,0
NODE,0.758893,999,69141.870000,7665806503,14866,72,0
NODE,0.758893,999,73647.300000,7667722440,14835,195,0
NODE,0.758893,999,72855.670000,7695610521,14844,36,0
NODE,0.758893,999,82292.230000,9488304004,14690,86,0
NODE,0.758893,999,77444.880000,8549232834,14768,216,0
NODE,0.758893,999,82108.230000,9431813761,14696,104,0
NODE,0.758893,999,80157.240000,9313181610,14730,163,0
NODE,0.758893,999,74169.310000,8146617531,14830,203,0
NODE,0.758893,999,86870.080000,10220433135,14648,131,0
NODE,0.758893,999,78701.130000,9959387152,14757,153,0
NODE,0.758893,999,77932.860000,9078572412,14765,118,0
NODE,0.758893,999,74440.830000,8013177034,14829,119,0
NODE,0.758893,999,74022.110000,8709133484,14839,20,0
NODE,0.758893,999,68181.780000,7335929330,14871,206,0
NODE,0.758893,999,73299.840000,7459572412,14846,146,0
NODE,0.758893,999,74937.520000,7824876462,14823,151,0
NODE,0.758893,999,73970.520000,8466776549,14843,30,0
NODE,0.758893,999,82049.900000,9419627827,14715,109,0
NODE,0.758893,999,78325.410000,8484836751,14766,135,0
NODE,0.758893,999,89664.750000,10122711407,14641,85,0
NODE,0.758893,999,81285.220000,9847140933,14726,184,0
NODE,0.758893,999,82883.330000,10047458162,14697,142,0
NODE,0.758893,999,82936.960000,9920731219,14698,69,0
NODE,0.758893,999,70843.250000,8115845133,14864,29,0
NODE,0.758893,999,84060.330000,10512722991,14684,123,0
NODE,0.758893,999,75915.570000,8320804250,14821,176,0
NODE,0.758893,999,82370.420000,9441111082,14721,2,0
NODE,0.758893,999,74345.610000,8206384292,14850,105,0
NODE,0.758893,999,77209.240000,8617249544,14800,139,0
NODE,0.758893,999,88315.210000,10709064924,14650,50,0
NODE,0.758893,999,70948.520000,7448023543,14868,211,0
NODE,0.758893,999,82422.530000,10180416593,14724,130,0
NODE,0.758893,999,79121.040000,8966502426,14771,95,0
NODE,0.758893,999,74722.430000,8036833776,14848,144,0
NODE,0.758893,999,81866.490000,10350010778,14736,27,0
NODE,0.758893,999,74627.970000,7816084628,14852,126,0
NODE,0.758893,999,76534.650000,8231573904,14828,68,0
NODE,0.758893,999,84048.590000,10699870666,14706,55,0
NODE,0.758893,999,77115.640000,7945508357,14818,23,0
NODE,0.758893,999,77058.210000,8733646010,14822,22,0
NODE,0.758893,999,75406.390000,8324578389,14847,188,0
NODE,0.758893,999,84768.570000,9843535955,14692,45,0
NODE,0.758893,999,73180.310000,8505294081,14862,19,0
NODE,0.758893,999,79880.760000,9648208306,14775,103,0
NODE,0.758893,999,84816.120000,9839255625,14699,51,0
NODE,0.758893,999,78178.720000,8159778183,14808,57,0
NODE,0.758893,999,74254.670000,8905835400,14857,221,0
NODE,0.758893,999,72930.790000,8316951164,14863,38,0
NODE,0.758893,999,82905.310000,10259931231,14734,152,0
NODE,0.758893,999,85292.120000,10295047700,14694,233,0
NODE,0.758893,999,82436.570000,10107605456,14742,115,0
NODE,0.758893,999,73010.780000,8319957928,14865,197,0
NODE,0.758893,999,79267.340000,9117986479,14795,217,0
NODE,0.758893,999,73817.240000,8097474320,14861,28,0
NODE,0.758893,999,76994.800000,8315958303,14838,100,0
NODE,0.758893,999,77663.050000,7628625492,14824,193,0
NODE,0.758893,999,82455.030000,10194167776,14744,18,0
NODE,0.758893,999,76979.800000,8429909513,14842,65,0
NODE,0.758893,999,78886.050000,8857639908,14803,180,0
NODE,0.758893,999,77726.400000,8278924254,14827,106,0
NODE,0.758893,999,76410.230000,8405919757,14845,43,0
NODE,0.758893,999,80081.770000,8998095345,14785,177,0
NODE,0.758893,999,89765.890000,11566581087,14654,168,0
NODE,0.758893,999,89819.240000,11027322171,14655,108,0
NODE,0.758893,999,83759.440000,9269717934,14737,222,0
NODE,0.758893,999,81734.130000,9838818132,14764,207,0
NODE,0.758893,999,77995.960000,8353158590,14837,99,0
NODE,0.758893,999,79709.160000,9277670927,14804,158,0
NODE,0.758893,999,79261.060000,8695381212,14814,236,0
NODE,0.758893,999,81354.030000,9108398442,14780,25,0
NODE,0.758893,999,82071.810000,9272226449,14773,59,0
NODE,0.758893,999,85476.510000,10037501907,14728,91,0
NODE,0.758893,999,80387.240000,8530383521,14811,208,0
NODE,0.758893,999,87472.160000,10960625069,14700,213,0
NODE,0.758893,999,80012.820000,9140436243,14832,78,0
NODE,0.758893,999,80492.110000,8859584758,14825,112,0
NODE,0.758893,999,87756.200000,10194216105,14712,141,0
NODE,0.758893,999,80012.850000,9262050780,14840,185,0
NODE,0.758893,999,70229.460000,7306064947,14876,46,0
NODE,0.758893,999,79005.960000,8271981510,14851,116,0
NODE,0.758893,999,92927.150000,11436197768,14651,53,0
NODE,0.758893,999,87199.890000,10739793057,14725,67,0
NODE,0.758893,999,79437.150000,8157102557,14849,98,0
NODE,0.758893,999,77798.140000,8775570858,14858,214,0
NODE,0.758893,999,82903.760000,9345880959,14793,223,0
NODE,0.758893,999,78673.000000,9082519353,14854,194,0
NODE,0.758893,999,81723.090000,9170358950,14815,227,0
NODE,0.758893,999,78996.370000,8626868173,14853,79,0
NODE,0.758893,999,87784.620000,10586445279,14723,148,0
NODE,0.758893,999,82816.990000,9102932418,14802,162,0
NODE,0.758893,999,93634.670000,12255502730,14652,179,0
NODE,0.758893,999,93910.110000,11618779230,14653,71,0
NODE,0.758893,999,83298.130000,9243803288,14807,125,0
NODE,0.758893,999,83269.170000,9223808510,14817,230,0
NODE,0.758893,999,79664.130000,8702433193,14860,182,0
NODE,0.758893,999,80732.230000,8900130962,14855,165,0
NODE,0.758893,999,77176.020000,8285627146,14874,47,0
NODE,0.758893,999,81759.740000,9269153412,14859,70,0
NODE,0.758893,999,90797.080000,11980574532,14732,159,0
NODE,0.758893,999,78079.250000,8637029558,14873,81,0
NODE,0.758893,999,85711.200000,10076654236,14816,97,0
NODE,0.758893,999,78473.960000,8324836221,14872,82,0
NODE,0.758893,999,75273.470000,7819455978,14875,149,0
NODE,0.758893,999,86425.290000,9757285949,14826,196,0
NODE,0.758893,999,78186.150000,8535884658,14877,74,0
NODE,0.758893,999,75629.220000,8112494858,14879,190,0
NODE,0.758893,999,70972.330000,7394160282,14884,35,0
NODE,0.758893,999,68220.940000,7047872840,14927,52,0
NODE,0.758893,999,78829.720000,8695598867,14878,83,0
NODE,0.758893,999,71141.210000,7912907129,14905,7,0
NODE,0.758893,999,75873.940000,7904203974,14882,117,0
NODE,0.758893,999,79189.190000,9060743006,14880,218,0
NODE,0.758893,999,72195.900000,7275575990,14901,212,0
NODE,0.758893,999,74009.300000,8114342688,14889,84,0
NODE,0.758893,999,70134.760000,7221875468,14928,110,0
NODE,0.758893,999,72386.630000,7479510030,14906,24,0
NODE,0.758893,999,74776.680000,8229686056,14888,166,0
NODE,0.758893,999,74130.200000,8606617287,14893,44,0
NODE,0.758893,999,73945.820000,7910549054,14897,237,0
NODE,0.758893,999,70826.750000,7625744615,14938,219,0
NODE,0.758893,999,76496.060000,8010852043,14886,15,0
NODE,0.758893,999,74257.760000,7686199748,14902,199,0
NODE,0.758893,999,71752.330000,7722707215,14934,189,0
NODE,0.758893,999,77839.900000,8173906664,14883,88,0
NODE,0.758893,999,74521.700000,7980942940,14918,64,0
NODE,0.758893,999,73314.160000,7352535501,14932,204,0
NODE,0.758893,999,76358.870000,8124709433,14899,107,0
NODE,0.758893,999,76572.520000,8378174497,14898,26,0
NODE,0.758893,999,77817.300000,8773101537,14890,145,0
NODE,0.758893,999,75420.520000,7812716095,14913,228,0
NODE,0.758893,999,74388.810000,7851983160,14925,9,0
NODE,0.758893,999,77640.930000,8936462795,14892,191,0
NODE,0.758893,999,77552.590000,8101252196,14894,156,0
NODE,0.758893,999,76165.610000,8770898925,14907,102,0
NODE,0.758893,999,73157.300000,7631463482,14949,187,0
NODE,0.758893,999,73916.010000,7980286493,14939,239,0
NODE,0.758893,999,77957.710000,7870332728,14896,170,0
NODE,0.758893,999,75642.220000,8560649509,14922,62,0
NODE,0.758893,999,80235.510000,8757510164,14885,198,0
NODE,0.758893,999,77154.200000,8777690590,14903,58,0
NODE,0.758893,999,75463.870000,8318773677,14926,210,0
NODE,0.758893,999,76624.400000,8406018256,14916,161,0
NODE,0.758893,999,70891.600000,7809293417,14999,89,0
NODE,0.758893,999,74540.010000,7655436120,14942,201,0
NODE,0.758893,999,74468.790000,7583523574,14945,202,0
NODE,0.758893,999,76084.440000,8764687474,14930,14,0
NODE,0.758893,999,73892.740000,7771667716,14961,31,0
NODE,0.758893,999,75494.450000,8623156203,14937,143,0
NODE,0.758893,999,78525.850000,7619243879,14900,133,0
NODE,0.758893,999,77102.000000,8779074514,14920,80,0
NODE,0.758893,999,75212.660000,7881115236,14943,164,0
NODE,0.758893,999,74601.030000,7800418791,14955,54,0
NODE,0.758893,999,75743.150000,8722898853,14936,42,0
NODE,0.758893,999,77924.530000,8287361988,14917,8,0
NODE,0.758893,999,74537.480000,7663795300,14960,48,0
NODE,0.758893,999,78592.150000,8554901127,14909,129,0
NODE,0.758893,999,80783.790000,9344018545,14891,220,0
NODE,0.758893,999,79030.050000,9166705950,14908,132,0
NODE,0.758893,999,80459.100000,7750204914,14895,138,0
NODE,0.758893,999,84055.920000,9750307097,14881,60,0
NODE,0.758893,999,74591.060000,7389061682,14975,171,0
NODE,0.758893,999,77624.790000,8228237473,14929,6,0
NODE,0.758893,999,74886.980000,8177691678,14970,186,0
NODE,0.758893,999,75915.780000,8219470858,14954,113,0
NODE,0.758893,999,76813.850000,7838420925,14940,66,0
NODE,0.758893,999,79059.480000,8860826463,14919,174,0
NODE,0.758893,999,79642.320000,8666377287,14910,12,0
NODE,0.758893,999,77484.270000,7987728905,14935,224,0
NODE,0.758893,999,77866.960000,7854091642,14941,172,0
NODE,0.758893,999,76964.270000,7856836869,14956,11,0
NODE,0.758893,999,75969.630000,7848103603,14971,4,0
NODE,0.758893,999,81024.620000,9012856582,14904,232,0
NODE,0.758893,999,80837.940000,8910183543,14911,75,0
NODE,0.758893,999,74807.410000,7977539245,14998,127,0
NODE,0.758893,999,76235.830000,8454667391,14980,124,0
NODE,0.758893,999,77107.170000,8686706003,14964,169,0
NODE,0.758893,999,75054.780000,7903053981,14995,96,0
NODE,0.758893,999,77858.150000,8637223317,14952,61,0
NODE,0.758893,999,77165.150000,7772805099,14968,234,0
NODE,0.758893,999,77324.630000,8193785595,14967,37,0
NODE,0.758893,999,78906.250000,8655261737,14944,178,0
NODE,0.758893,999,79956.530000,8829728001,14931,226,0
NODE,0.758893,999,81493.540000,9684739972,14915,94,0
NODE,0.758893,999,78117.910000,8265621261,14962,56,0
NODE,0.758893,999,79307.340000,8600379239,14947,76,0
NODE,0.758893,999,78567.980000,8023459268,14959,33,0
NODE,0.758893,999,76305.000000,8195701629,15000,114,0
NODE,0.758893,999,80551.980000,8238681104,14933,121,0
NODE,0.758893,999,79516.800000,8227032239,14953,63,0
NODE,0.758893,999,79608.590000,8804670762,14950,49,0
NODE,0.758893,999,78696.900000,8610832466,14966,3,0
NODE,0.758893,999,77516.220000,8004354884,14996,134,0
NODE,0.758893,999,80514.600000,8703738287,14948,39,0
NODE,0.758893,999,78580.670000,8279787795,14987,101,0
NODE,0.758893,999,79243.750000,8175715598,14978,154,0
NODE,0.758893,999,83748.000000,9181921622,14912,77,0
NODE,0.758893,999,79552.130000,8759141487,14972,192,0
NODE,0.758893,999,81168.770000,8643698604,14946,128,0
NODE,0.758893,999,79704.740000,8661914331,14977,136,0
NODE,0.758893,999,80802.130000,8610932083,14958,235,0
NODE,0.758893,999,79516.550000,8701504373,14986,157,0
NODE,0.758893,999,84097.300000,8975775608,14923,120,0
NODE,0.758893,999,81196.030000,8031142054,14969,155,0
NODE,0.758893,999,82256.310000,9039362049,14965,122,0
NODE,0.758893,999,82194.150000,8671473163,14976,1,0
NODE,0.758893,999,85746.490000,9427675454,14924,93,0
NODE,0.758893,999,83221.670000,9673986930,14963,13,0
NODE,0.758893,999,81108.480000,8543618091,14997,90,0
NODE,0.758893,999,83080.310000,8636747351,14974,17,0
NODE,0.758893,999,84397.180000,9208903910,14951,73,0
NODE,0.758893,999,90620.010000,9446534088,14887,238,0
NODE,0.758893,999,82193.810000,9186546634,14993,137,0
NODE,0.758893,999,82103.490000,8535484594,14994,40,0
NODE,0.758893,999,82847.010000,8794551673,14991,183,0
NODE,0.758893,999,83974.520000,9223059974,14979,167,0
NODE,0.758893,999,87930.000000,10423958916,14921,34,0
NODE,0.758893,999,84290.220000,8996905236,14982,160,0
NODE,0.758893,999,83988.370000,9400326631,14988,111,0
NODE,0.758893,999,85229.930000,9203946434,14973,10,0
NODE,0.758893,999,89497.790000,9633262177,14914,140,0
NODE,0.758893,999,85633.880000,8886461384,14989,92,0
NODE,0.758893,999,87858.690000,9568198209,14957,181,0
NODE,0.758893,999,86497.990000,9136985073,14983,175,0
NODE,0.758893,999,86796.270000,9461963133,14981,150,0
NODE,0.758893,999,86995.450000,8983749628,14990,16,0
NODE,0.758893,999,89040.700000,9112605277,14992,231,0
NODE,0.758893,999,90625.490000,9552336651,14984,32,0
NODE,0.758893,999,93446.760000,10040445403,14985,215,0
