NODE,0.758893,999,57597.990000,6555603280,37337,334,0
NODE,0.758893,999,60841.100000,7228469043,37338,320,0
NODE,0.758893,999,62231.390000,7144265106,37333,309,0
NODE,0.758893,999,62709.370000,7176451111,37320,213,0
NODE,0.758893,999,62716.060000,6831917428,37331,335,0
NODE,0.758893,999,63805.450000,6786069823,37223,66,0
NODE,0.758893,999,64031.300000,6965606846,37190,178,0
NODE,0.758893,999,64508.020000,7170903896,37319,141,0
NODE,0.758893,999,65106.030000,6896783648,37330,319,0
NODE,0.758893,999,65180.250000,6929675584,37273,36,0
NODE,0.758893,999,65399.840000,7058326930,37174,105,0
NODE,0.758893,999,65450.570000,7222742206,37342,4,0
NODE,0.758893,999,65786.780000,7331423856,37196,85,0
NODE,0.758893,999,65928.470000,7501920533,37210,64,0
NODE,0.758893,999,66247.880000,7401700317,37272,202,0
NODE,0.758893,999,66467.410000,7580012681,37169,179,0
NODE,0.758893,999,66513.080000,7225011381,37237,291,0
NODE,0.758893,999,66695.450000,7914337807,37340,343,0
NODE,0.758893,999,66718.110000,7500659188,37186,305,0
NODE,0.758893,999,66740.630000,7813839047,37329,187,0
NODE,0.758893,999,66923.670000,7481148175,37204,108,0
NODE,0.758893,999,67008.110000,7730156530,37349,168,0
NODE,0.758893,999,67041.230000,7221803793,37236,106,0
NODE,0.758893,999,67116.450000,6937092799,37271,50,0
NODE,0.758893,999,67141.150000,7596172785,37332,142,0
NODE,0.758893,999,67109.050000,7269645593,37274,210,0
NODE,0.758893,999,67286.720000,8340415245,37357,322,0
NODE,0.758893,999,67314.030000,7453415050,37209,62,0
NODE,0.758893,999,67533.660000,7226488153,37232,23,0
NODE,0.758893,999,67645.870000,7254721253,37321,299,0
NODE,0.758893,999,67824.660000,7578316461,37170,284,0
NODE,0.758893,999,67835.830000,7580080744,37047,183,0
NODE,0.758893,999,67904.250000,8046138429,37334,347,0
NODE,0.758893,999,68062.110000,8147819795,37344,321,0
NODE,0.758893,999,68182.270000,7503881896,37184,229,0
NODE,0.758893,999,68309.630000,7442674181,37198,286,0
NODE,0.758893,999,68354.390000,7918857710,37280,46,0
NODE,0.758893,999,68476.700000,7604881341,37235,196,0
NODE,0.758893,999,67866.270000,7696029464,37197,89,0
NODE,0.758893,999,68644.420000,8010979639,37167,240,0
NODE,0.758893,999,68802.450000,7702716790,37281,307,0
NODE,0.758893,999,68813.930000,7454299371,37183,152,0
NODE,0.758893,999,68845.450000,7689361442,37350,358,0
NODE,0.758893,999,68886.550000,7667727857,37345,260,0
NODE,0.758893,999,68882.570000,8018010017,37185,49,0
NODE,0.758893,999,68975.750000,7723196647,37219,110,0
NODE,0.758893,999,68987.810000,7570997438,37200,22,0
NODE,0.758893,999,69038.350000,7616904887,37269,69,0
NODE,0.758893,999,69133.470000,7931690693,37191,88,0
NODE,0.758893,999,69148.380000,8268978198,37312,248,0
NODE,0.758893,999,69164.260000,7597632981,37226,227,0
NODE,0.758893,999,69266.410000,8059196503,37346,346,0
NODE,0.758893,999,69261.470000,7992850524,37201,87,0
NODE,0.758893,999,69284.440000,7096645851,37231,287,0
NODE,0.758893,999,69292.080000,7532968411,37267,209,0
NODE,0.758893,999,69305.520000,7623504659,37062,184,0
NODE,0.758893,999,69332.530000,7012402244,37326,143,0
NODE,0.758893,999,69410.570000,7272386785,37168,43,0
NODE,0.758893,999,69382.430000,8151599068,37315,318,0
NODE,0.758893,999,69559.070000,7806247581,37278,139,0
NODE,0.758893,999,69662.810000,7444823343,37310,95,0
NODE,0.758893,999,69665.680000,8117791855,37339,140,0
NODE,0.758893,999,69697.240000,7840055048,37195,86,0
NODE,0.758893,999,69788.020000,7426094843,37325,332,0
NODE,0.758893,999,69873.780000,7634308898,37164,231,0
NODE,0.758893,999,69917.610000,7558946657,37275,211,0
NODE,0.758893,999,69992.050000,7639472711,37205,67,0
NODE,0.758893,999,70019.170000,7227561179,37261,226,0
NODE,0.758893,999,70086.100000,7799802804,37179,288,0
NODE,0.758893,999,70160.240000,7443408961,37348,261,0
NODE,0.758893,999,70173.020000,7256248726,37242,93,0
NODE,0.758893,999,70201.900000,7523544683,37352,357,0
NODE,0.758893,999,70293.060000,7944143034,37241,199,0
NODE,0.758893,999,70325.640000,7865656379,37353,263,0
NODE,0.758893,999,70420.820000,8046572726,37276,44,0
NODE,0.758893,999,70631.890000,8451913164,37050,281,0
NODE,0.758893,999,70644.890000,7707919812,37323,310,0
NODE,0.758893,999,70712.880000,7723101591,37302,272,0
NODE,0.758893,999,70777.100000,8040356311,37224,109,0
NODE,0.758893,999,70817.830000,8127064991,37355,297,0
NODE,0.758893,999,70836.380000,7820453430,37207,68,0
NODE,0.758893,999,70847.840000,7527484560,37099,283,0
NODE,0.758893,999,70925.480000,7520903486,37150,51,0
NODE,0.758893,999,70958.730000,7773834450,37155,230,0
NODE,0.758893,999,70916.440000,7767022668,37266,144,0
NODE,0.758893,999,70991.320000,7852065008,37279,204,0
NODE,0.758893,999,71059.450000,7981335606,37265,119,0
NODE,0.758893,999,71064.300000,7915274417,37188,225,0
NODE,0.758893,999,71051.650000,7625332387,37283,162,0
NODE,0.758893,999,70596.360000,7584427773,37100,17,0
NODE,0.758893,999,71199.420000,8075758261,37307,316,0
NODE,0.758893,999,71213.150000,8416332825,37317,308,0
NODE,0.758893,999,71276.180000,7300639072,37014,27,0
NODE,0.758893,999,71333.700000,7947131719,37239,197,0
NODE,0.758893,999,71369.090000,8388418197,37119,352,0
NODE,0.758893,999,71403.680000,8299939025,37187,91,0
NODE,0.758893,999,70601.700000,7641897505,37221,114,0
NODE,0.758893,999,71443.730000,8194293548,37152,302,0
NODE,0.758893,999,71463.450000,8219552961,37247,81,0
NODE,0.758893,999,71540.880000,8413426513,37033,124,0
NODE,0.758893,999,71601.940000,8183287395,37107,76,0
NODE,0.758893,999,71670.640000,7664234299,37166,228,0
NODE,0.758893,999,71744.090000,8584776852,37277,47,0
NODE,0.758893,999,71543.580000,8076607695,37055,180,0
NODE,0.758893,999,71960.310000,8663140935,37156,244,0
NODE,0.758893,999,72150.540000,9188435252,37336,190,0
NODE,0.758893,999,72318.380000,7496214688,37291,212,0
NODE,0.758893,999,72393.930000,8324755485,37282,163,0
NODE,0.758893,999,72442.730000,7861544645,37301,265,0
NODE,0.758893,999,72370.210000,8117624862,37324,186,0
NODE,0.758893,999,72483.460000,7908587572,37064,339,0
NODE,0.758893,999,72489.970000,7420501633,37295,166,0
NODE,0.758893,999,72469.710000,8991661784,37175,294,0
NODE,0.758893,999,72019.340000,7809606480,37030,206,0
NODE,0.758893,999,72554.090000,8502998853,37176,329,0
NODE,0.758893,999,72645.450000,7669261060,37294,165,0
NODE,0.758893,999,72695.330000,8373457730,37244,113,0
NODE,0.758893,999,72706.930000,8129567247,37354,359,0
NODE,0.758893,999,72719.930000,7260536051,37263,203,0
NODE,0.758893,999,72757.440000,7765001034,37116,176,0
NODE,0.758893,999,72795.120000,8333611573,37211,56,0
NODE,0.758893,999,72929.560000,8104460343,37157,242,0
NODE,0.758893,999,72933.980000,8319683720,37218,118,0
NODE,0.758893,999,72966.830000,8427166849,37316,333,0
NODE,0.758893,999,72861.870000,8089541786,37284,160,0
NODE,0.758893,999,73122.920000,8015876340,37322,315,0
NODE,0.758893,999,73129.430000,8783978819,37341,356,0
NODE,0.758893,999,73074.430000,7995698751,37045,98,0
NODE,0.758893,999,73164.570000,7725053222,37259,82,0
NODE,0.758893,999,73218.560000,8831358343,37328,296,0
NODE,0.758893,999,73240.570000,7926235260,37234,200,0
NODE,0.758893,999,73270.760000,8192801893,37206,117,0
NODE,0.758893,999,73228.490000,8426363134,37118,258,0
NODE,0.758893,999,73311.730000,8077629879,37122,136,0
NODE,0.758893,999,73064.620000,7708696518,37288,158,0
NODE,0.758893,999,73380.250000,7342775788,37250,201,0
NODE,0.758893,999,73380.020000,8470458860,37318,344,0
NODE,0.758893,999,73404.780000,8088354381,37249,249,0
NODE,0.758893,999,73411.020000,7606862417,37029,218,0
NODE,0.758893,999,73547.790000,7741038519,37017,122,0
NODE,0.758893,999,73525.310000,8321830116,37051,96,0
NODE,0.758893,999,73703.510000,8628901984,37217,236,0
NODE,0.758893,999,73772.390000,7700994453,37254,115,0
NODE,0.758893,999,73812.550000,8177038822,37180,79,0
NODE,0.758893,999,73883.870000,7597154280,37063,104,0
NODE,0.758893,999,73965.370000,8229048358,37268,83,0
NODE,0.758893,999,73997.380000,8633961234,37212,63,0
NODE,0.758893,999,74051.090000,8758272411,37314,189,0
NODE,0.758893,999,74115.550000,8331363903,37173,21,0
NODE,0.758893,999,74202.500000,8065658358,37060,129,0
NODE,0.758893,999,74208.630000,8413315155,37311,45,0
NODE,0.758893,999,74203.980000,8028679521,37258,252,0
NODE,0.758893,999,74229.670000,9126086269,37049,173,0
NODE,0.758893,999,74243.920000,7534769983,37027,172,0
NODE,0.758893,999,74393.800000,7982866110,37245,154,0
NODE,0.758893,999,74417.150000,9006975918,37358,323,0
NODE,0.758893,999,74361.630000,8680488430,37202,101,0
NODE,0.758893,999,74451.570000,9314945530,37335,355,0
NODE,0.758893,999,74519.970000,8659611731,37056,222,0
NODE,0.758893,999,74558.730000,8409060982,37203,60,0
NODE,0.758893,999,74698.610000,7745227017,37037,97,0
NODE,0.758893,999,74796.690000,8149203762,37233,193,0
NODE,0.758893,999,74827.660000,7835495305,37253,90,0
NODE,0.758893,999,74952.640000,7741036677,37300,267,0
NODE,0.758893,999,75120.040000,8159727238,37007,9,0
NODE,0.758893,999,75157.580000,8437501843,37260,238,0
NODE,0.758893,999,75187.620000,8314841535,37248,237,0
NODE,0.758893,999,75190.870000,7784313022,37043,25,0
NODE,0.758893,999,75125.130000,7804761186,37297,270,0
NODE,0.758893,999,75222.660000,8047536831,37220,65,0
NODE,0.758893,999,75237.300000,8020325516,37262,251,0
NODE,0.758893,999,75247.600000,9112791660,37313,298,0
NODE,0.758893,999,75262.790000,8176143900,37225,92,0
NODE,0.758893,999,75342.700000,8150153675,37160,235,0
NODE,0.758893,999,75383.830000,8463169985,37105,312,0
NODE,0.758893,999,75387.780000,8765135263,37243,53,0
NODE,0.758893,999,75364.680000,8044568107,37036,18,0
NODE,0.758893,999,75462.310000,8275621552,37303,274,0
NODE,0.758893,999,75544.990000,7761117351,37133,147,0
NODE,0.758893,999,75566.410000,8667579794,37117,191,0
NODE,0.758893,999,75598.360000,8150858766,37270,239,0
NODE,0.758893,999,75607.590000,8482838083,37171,135,0
NODE,0.758893,999,75638.880000,8652897462,37213,111,0
NODE,0.758893,999,75825.290000,8093269238,37098,253,0
NODE,0.758893,999,75832.470000,9041675009,37182,289,0
NODE,0.758893,999,75865.610000,8578585157,37351,262,0
NODE,0.758893,999,75879.130000,8765598511,37015,121,0
NODE,0.758893,999,75965.390000,8721450462,37101,188,0
NODE,0.758893,999,75973.870000,8054726890,37162,241,0
NODE,0.758893,999,75958.820000,8078393236,37025,126,0
NODE,0.758893,999,76018.680000,8855467990,37178,292,0
NODE,0.758893,999,76024.930000,8867097701,37306,266,0
NODE,0.758893,999,76118.760000,8292126705,37172,182,0
NODE,0.758893,999,76180.230000,8246178071,37163,232,0
NODE,0.758893,999,76188.250000,8593737302,37181,295,0
NODE,0.758893,999,76215.710000,8524089001,37148,331,0
NODE,0.758893,999,76253.160000,8504694151,37127,303,0
NODE,0.758893,999,76276.780000,8499587959,37327,345,0
NODE,0.758893,999,76280.000000,8233905912,37028,277,0
NODE,0.758893,999,76208.700000,8339367628,37194,84,0
NODE,0.758893,999,76314.250000,9060861782,37343,10,0
NODE,0.758893,999,76344.310000,8845849374,37246,71,0
NODE,0.758893,999,76347.520000,8965788625,37215,61,0
NODE,0.758893,999,76405.490000,8362520529,37121,103,0
NODE,0.758893,999,76548.340000,7808549639,37299,271,0
NODE,0.758893,999,76555.770000,8681094247,37222,116,0
NODE,0.758893,999,76627.930000,8218246115,37022,207,0
NODE,0.758893,999,76661.400000,8731585397,37120,74,0
NODE,0.758893,999,76675.520000,8094841304,37145,20,0
NODE,0.758893,999,75902.050000,9056383920,37112,38,0
NODE,0.758893,999,76774.260000,8127843484,37035,280,0
NODE,0.758893,999,76666.210000,9664588394,37048,221,0
NODE,0.758893,999,76794.750000,7831393020,37044,279,0
NODE,0.758893,999,76737.670000,8907535491,37058,282,0
NODE,0.758893,999,76828.320000,8744062215,37016,205,0
NODE,0.758893,999,76868.760000,8908859051,37199,293,0
NODE,0.758893,999,76936.300000,9912165853,37216,80,0
NODE,0.758893,999,76689.750000,8146898856,37103,59,0
NODE,0.758893,999,77066.710000,8897917643,37021,30,0
NODE,0.758893,999,77155.830000,9226452351,37149,151,0
NODE,0.758893,999,77192.370000,8885256767,37088,326,0
NODE,0.758893,999,77361.130000,7958253414,37290,164,0
NODE,0.758893,999,77374.610000,8158163369,37020,169,0
NODE,0.758893,999,77359.640000,8776155975,37054,19,0
NODE,0.758893,999,77453.040000,8525105988,37227,195,0
NODE,0.758893,999,77542.200000,9110180765,37053,32,0
NODE,0.758893,999,77649.590000,8190317205,37019,217,0
NODE,0.758893,999,77661.950000,8801347343,37193,247,0
NODE,0.758893,999,77698.860000,9634246871,37052,127,0
NODE,0.758893,999,77746.230000,8671406263,37229,250,0
NODE,0.758893,999,77655.170000,8686611274,37010,24,0
NODE,0.758893,999,77751.400000,8295303011,37012,123,0
NODE,0.758893,999,77769.280000,8012152748,37289,156,0
NODE,0.758893,999,77967.290000,8949196095,37067,338,0
NODE,0.758893,999,78013.000000,8638985235,37304,268,0
NODE,0.758893,999,78049.170000,8275783938,37024,278,0
NODE,0.758893,999,77892.630000,8100508862,37002,3,0
NODE,0.758893,999,78035.150000,7824432376,37023,15,0
NODE,0.758893,999,78178.260000,9344782695,37125,304,0
NODE,0.758893,999,78179.910000,8655105838,37347,354,0
NODE,0.758893,999,78220.720000,8202547676,37011,28,0
NODE,0.758893,999,78252.460000,9138951145,37285,159,0
NODE,0.758893,999,78329.300000,8111391721,37026,102,0
NODE,0.758893,999,78377.560000,8509808953,37308,214,0
NODE,0.758893,999,78382.450000,8430006680,37126,300,0
NODE,0.758893,999,78429.820000,9468038982,37153,233,0
NODE,0.758893,999,78305.890000,9006891911,37094,55,0
NODE,0.758893,999,78416.750000,8734989510,37161,246,0
NODE,0.758893,999,78488.750000,8364163601,37251,39,0
NODE,0.758893,999,78581.200000,8576760733,37298,269,0
NODE,0.758893,999,78539.000000,8711090647,37238,192,0
NODE,0.758893,999,78635.140000,9877081628,37106,349,0
NODE,0.758893,999,78672.530000,8794005031,37065,340,0
NODE,0.758893,999,78792.930000,8788598914,37264,42,0
NODE,0.758893,999,78819.160000,8656827317,37124,330,0
NODE,0.758893,999,78490.500000,7904128134,37132,146,0
NODE,0.758893,999,78603.540000,8836110519,37142,100,0
NODE,0.758893,999,79055.710000,8398372435,37013,29,0
NODE,0.758893,999,79219.090000,8868775630,37177,290,0
NODE,0.758893,999,79267.490000,9026098519,37143,285,0
NODE,0.758893,999,79303.930000,9424900649,37192,41,0
NODE,0.758893,999,79183.800000,9044783521,37287,161,0
NODE,0.758893,999,79527.820000,8578949318,37189,94,0
NODE,0.758893,999,79542.400000,8524873879,37095,175,0
NODE,0.758893,999,79596.480000,9105817483,37230,37,0
NODE,0.758893,999,79697.160000,9903351042,37208,112,0
NODE,0.758893,999,79817.380000,8705369587,37071,353,0
NODE,0.758893,999,79862.590000,8750955482,37240,194,0
NODE,0.758893,999,79941.670000,8263619429,37256,70,0
NODE,0.758893,999,79952.110000,10079490771,37139,128,0
NODE,0.758893,999,80034.820000,9068384422,37102,325,0
NODE,0.758893,999,79762.650000,8691139706,37129,148,0
NODE,0.758893,999,80084.750000,9153574466,37046,14,0
NODE,0.758893,999,80112.830000,9666526879,37104,134,0
NODE,0.758893,999,80188.080000,9023466541,37032,125,0
NODE,0.758893,999,80202.490000,9517628086,37087,328,0
NODE,0.758893,999,80283.330000,8382547848,37293,215,0
NODE,0.758893,999,80456.500000,8709693847,37252,155,0
NODE,0.758893,999,80489.870000,8931850049,37356,311,0
NODE,0.758893,999,80458.350000,8719141685,37154,234,0
NODE,0.758893,999,80505.240000,9182414913,37151,341,0
NODE,0.758893,999,80432.800000,8892362190,37131,306,0
NODE,0.758893,999,80545.470000,8801094066,37134,149,0
NODE,0.758893,999,80550.740000,9203343951,37057,174,0
NODE,0.758893,999,80587.360000,8488257386,37130,145,0
NODE,0.758893,999,80514.100000,8844971941,37286,157,0
NODE,0.758893,999,80616.050000,8710650814,37078,255,0
NODE,0.758893,999,80612.500000,8822993828,37109,223,0
NODE,0.758893,999,80746.790000,9514384659,37075,256,0
NODE,0.758893,999,80765.390000,8656081450,37292,167,0
NODE,0.758893,999,80725.310000,9615051788,37228,198,0
NODE,0.758893,999,80813.200000,9143210994,37113,276,0
NODE,0.758893,999,81016.680000,9349339707,37135,301,0
NODE,0.758893,999,81192.280000,8555626777,37034,170,0
NODE,0.758893,999,81182.170000,9814731256,37165,224,0
NODE,0.758893,999,81030.770000,9031618584,37255,57,0
NODE,0.758893,999,81218.090000,9596741977,37072,314,0
NODE,0.758893,999,81287.270000,8473651031,37038,31,0
NODE,0.758893,999,81444.640000,9653772459,37140,177,0
NODE,0.758893,999,81472.640000,9221965700,37305,264,0
NODE,0.758893,999,81510.410000,8772494843,37009,26,0
NODE,0.758893,999,81656.200000,8876169697,37296,273,0
NODE,0.758893,999,82007.410000,9145318042,37086,75,0
NODE,0.758893,999,82213.950000,9194305700,37073,313,0
NODE,0.758893,999,82403.520000,9163887122,37042,171,0
NODE,0.758893,999,82429.060000,9250876018,37144,259,0
NODE,0.758893,999,82445.190000,9133383163,37092,48,0
NODE,0.758893,999,82566.790000,9169423695,37041,120,0
NODE,0.758893,999,82708.340000,9838963357,37114,130,0
NODE,0.758893,999,82743.480000,9305618671,37059,33,0
NODE,0.758893,999,82255.370000,9164505050,37079,137,0
NODE,0.758893,999,82862.180000,9131299000,37108,337,0
NODE,0.758893,999,82930.380000,9370301175,37006,8,0
NODE,0.758893,999,82943.520000,9892528880,37097,52,0
NODE,0.758893,999,82979.400000,9278501971,37123,58,0
NODE,0.758893,999,83209.220000,9899902508,37085,138,0
NODE,0.758893,999,83289.990000,9062055271,37147,185,0
NODE,0.758893,999,83135.330000,8716555112,37040,216,0
NODE,0.758893,999,83365.350000,8978086587,37128,342,0
NODE,0.758893,999,83493.070000,9554233147,37136,150,0
NODE,0.758893,999,83579.540000,9545100560,37146,133,0
NODE,0.758893,999,83745.980000,9094051724,37069,351,0
NODE,0.758893,999,83824.320000,9181031147,37077,254,0
NODE,0.758893,999,84021.450000,9119004999,37018,99,0
NODE,0.758893,999,84130.510000,10300361690,37091,35,0
NODE,0.758893,999,84168.280000,9882763918,37309,275,0
NODE,0.758893,999,83960.610000,9684526164,37061,12,0
NODE,0.758893,999,83942.310000,8730244435,37039,181,0
NODE,0.758893,999,84471.190000,10800226804,37214,153,0
NODE,0.758893,999,84481.060000,8826020987,37080,257,0
NODE,0.758893,999,84521.630000,9330412800,37070,317,0
NODE,0.758893,999,84686.140000,9623645851,37090,327,0
NODE,0.758893,999,84835.150000,9882924259,37066,336,0
NODE,0.758893,999,85042.710000,9813635022,37159,245,0
NODE,0.758893,999,84920.390000,9293501612,37137,220,0
NODE,0.758893,999,85112.020000,8989890150,37257,208,0
NODE,0.758893,999,85402.850000,9997213482,37005,7,0
NODE,0.758893,999,85240.850000,10505139212,37068,219,0
NODE,0.758893,999,85722.740000,10407486441,37158,243,0
NODE,0.758893,999,85649.450000,9645338088,37093,54,0
NODE,0.758893,999,86246.760000,10704033824,37141,77,0
NODE,0.758893,999,86716.700000,9367662454,37031,13,0
NODE,0.758893,999,87170.370000,9688546427,37008,11,0
NODE,0.758893,999,86359.550000,9708022129,37084,72,0
NODE,0.758893,999,87285.400000,9915567258,37004,6,0
NODE,0.758893,999,87444.600000,9739258660,37110,107,0
NODE,0.758893,999,87531.580000,10075305792,37076,348,0
NODE,0.758893,999,87878.130000,10313857734,37096,131,0
NODE,0.758893,999,87956.210000,10112312052,37083,78,0
NODE,0.758893,999,89181.900000,10228759094,37001,2,0
NODE,0.758893,999,89383.780000,9659144616,37111,34,0
NODE,0.758893,999,89644.320000,9828456854,37115,16,0
NODE,0.758893,999,90076.750000,11236253678,37138,40,0
NODE,0.758893,999,90230.100000,11104149460,37074,350,0
NODE,0.758893,999,90315.590000,10990975461,37089,324,0
NODE,0.758893,999,90131.670000,9973066526,37003,5,0
NODE,0.758893,999,91872.570000,10037640288,37081,132,0
NODE,0.758893,999,94675.200000,10352206623,37000,1,0
NODE,0.758893,999,94997.580000,10441607627,37082,73,0
