NODE,0.758893,999,63024.870000,6743050192,33215,160,0
NODE,0.758893,999,64415.220000,6984865818,33103,135,0
NODE,0.758893,999,65131.430000,6873132036,33025,61,0
NODE,0.758893,999,65599.620000,7480460929,33235,104,0
NODE,0.758893,999,65653.140000,7176613807,33232,30,0
NODE,0.758893,999,66445.740000,6889884098,33127,180,0
NODE,0.758893,999,66446.860000,7002699861,33236,105,0
NODE,0.758893,999,66616.890000,7618868309,33230,82,0
NODE,0.758893,999,66615.240000,7373251619,33188,222,0
NODE,0.758893,999,66651.270000,7171465965,33013,49,0
NODE,0.758893,999,66675.400000,6910379460,33129,181,0
NODE,0.758893,999,66751.520000,7689380613,33228,159,0
NODE,0.758893,999,67161.550000,6984678791,33053,65,0
NODE,0.758893,999,67758.830000,7302210058,33004,4,0
NODE,0.758893,999,67928.940000,7312571955,33148,78,0
NODE,0.758893,999,68106.670000,7139020730,33134,56,0
NODE,0.758893,999,68317.130000,7358026383,33196,97,0
NODE,0.758893,999,68481.650000,7353643273,33014,12,0
NODE,0.758893,999,68656.110000,7586058471,33206,238,0
NODE,0.758893,999,68523.010000,7225110725,33041,24,0
NODE,0.758893,999,68701.960000,7756264649,33210,166,0
NODE,0.758893,999,68707.860000,7514183646,33060,41,0
NODE,0.758893,999,68759.020000,7288590325,33172,80,0
NODE,0.758893,999,68881.980000,7743025370,33190,237,0
NODE,0.758893,999,68938.900000,7493672076,33229,239,0
NODE,0.758893,999,68997.920000,8233452237,33193,92,0
NODE,0.758893,999,68907.300000,7343949036,33005,6,0
NODE,0.758893,999,69113.850000,8020030492,33222,191,0
NODE,0.758893,999,69168.130000,7682944123,33227,167,0
NODE,0.758893,999,69190.480000,7665167345,33200,142,0
NODE,0.758893,999,69303.390000,8233081281,33056,58,0
NODE,0.758893,999,69498.690000,7407674416,33233,100,0
NODE,0.758893,999,69536.010000,7559821001,33054,37,0
NODE,0.758893,999,69713.640000,7191025739,33027,16,0
NODE,0.758893,999,69783.210000,7817658990,33171,31,0
NODE,0.758893,999,70034.860000,8198086019,33216,141,0
NODE,0.758893,999,70060.970000,8298048442,33213,157,0
NODE,0.758893,999,70100.760000,8180205971,33067,19,0
NODE,0.758893,999,70133.340000,7753052086,33120,207,0
NODE,0.758893,999,70081.480000,7737405552,33021,18,0
NODE,0.758893,999,70165.400000,7677670921,33214,164,0
NODE,0.758893,999,70029.100000,7409091807,33055,29,0
NODE,0.758893,999,70239.860000,7640351509,33019,63,0
NODE,0.758893,999,70177.230000,7487076949,33045,108,0
NODE,0.758893,999,70259.070000,7167866990,33133,184,0
NODE,0.758893,999,70336.530000,8371918661,33202,148,0
NODE,0.758893,999,70265.260000,7850423710,33016,120,0
NODE,0.758893,999,70365.750000,7494794426,33043,125,0
NODE,0.758893,999,70380.900000,7272513122,33178,192,0
NODE,0.758893,999,70618.810000,7679368203,33189,203,0
NODE,0.758893,999,70750.430000,7688525914,33218,151,0
NODE,0.758893,999,70847.820000,7927336003,33114,231,0
NODE,0.758893,999,70871.630000,7806788351,33125,179,0
NODE,0.758893,999,70880.490000,7617719735,33152,75,0
NODE,0.758893,999,70571.450000,7585958170,33198,102,0
NODE,0.758893,999,70915.880000,7973173314,33066,128,0
NODE,0.758893,999,70939.400000,7564652778,33035,170,0
NODE,0.758893,999,70952.000000,8332415471,33226,161,0
NODE,0.758893,999,71110.700000,7515567501,33126,185,0
NODE,0.758893,999,71185.660000,7857367214,33220,202,0
NODE,0.758893,999,70963.080000,7663917081,33136,119,0
NODE,0.758893,999,71340.000000,7991712454,33020,168,0
NODE,0.758893,999,71386.820000,7675529100,33023,172,0
NODE,0.758893,999,71423.140000,7915819457,33212,165,0
NODE,0.758893,999,71354.070000,7507212442,33011,110,0
NODE,0.758893,999,71212.140000,8151794451,33191,28,0
NODE,0.758893,999,71482.220000,7599706074,33143,89,0
NODE,0.758893,999,71387.830000,7583708218,33003,5,0
NODE,0.758893,999,71741.140000,8741309377,33169,147,0
NODE,0.758893,999,71751.780000,8322197659,33009,11,0
NODE,0.758893,999,71758.060000,7280356132,33175,200,0
NODE,0.758893,999,71799.750000,7396301826,33044,174,0
NODE,0.758893,999,71787.080000,7564311749,33092,84,0
NODE,0.758893,999,71955.210000,8327571764,33199,46,0
NODE,0.758893,999,71987.480000,8396672746,33201,201,0
NODE,0.758893,999,71972.770000,7491024225,33017,109,0
NODE,0.758893,999,72055.840000,7835872895,33153,47,0
NODE,0.758893,999,72102.760000,7401145679,33089,69,0
NODE,0.758893,999,72127.350000,8504622318,33207,83,0
NODE,0.758893,999,72136.730000,8295779555,33116,208,0
NODE,0.758893,999,72055.490000,8531413295,33061,59,0
NODE,0.758893,999,72189.700000,8097530044,33224,226,0
NODE,0.758893,999,72242.590000,7800620399,33164,236,0
NODE,0.758893,999,72291.520000,7339982981,33022,121,0
NODE,0.758893,999,72329.560000,8453113603,33195,99,0
NODE,0.758893,999,72439.340000,8080326810,33237,106,0
NODE,0.758893,999,72513.290000,7964628054,33080,129,0
NODE,0.758893,999,72412.110000,8149183043,33001,2,0
NODE,0.758893,999,72529.330000,7380703016,33122,204,0
NODE,0.758893,999,72560.290000,8089475741,33119,205,0
NODE,0.758893,999,72665.130000,8117992575,33111,118,0
NODE,0.758893,999,72704.240000,8326087397,33135,21,0
NODE,0.758893,999,72638.130000,8471627716,33165,144,0
NODE,0.758893,999,72844.740000,8156394309,33058,123,0
NODE,0.758893,999,72920.480000,7690453219,33000,1,0
NODE,0.758893,999,72891.580000,7895985769,33109,52,0
NODE,0.758893,999,72962.250000,8268256129,33076,235,0
NODE,0.758893,999,72960.800000,7661738842,33110,138,0
NODE,0.758893,999,73058.020000,8253244355,33185,214,0
NODE,0.758893,999,73088.560000,7551578174,33145,73,0
NODE,0.758893,999,73146.620000,7757254092,33097,88,0
NODE,0.758893,999,73168.180000,7968919187,33010,10,0
NODE,0.758893,999,73174.500000,8119794304,33007,9,0
NODE,0.758893,999,73236.440000,7809284153,33176,199,0
NODE,0.758893,999,73187.990000,7651178034,33098,90,0
NODE,0.758893,999,73230.270000,7915092616,33231,95,0
NODE,0.758893,999,73314.940000,7975175892,33124,206,0
NODE,0.758893,999,73579.300000,7842672966,33108,20,0
NODE,0.758893,999,73653.200000,8801986123,33015,173,0
NODE,0.758893,999,73653.670000,7525285670,33042,43,0
NODE,0.758893,999,73620.670000,8279248426,33036,42,0
NODE,0.758893,999,73738.110000,7757452775,33031,64,0
NODE,0.758893,999,73724.020000,8731721902,33217,162,0
NODE,0.758893,999,73816.130000,8178543257,33012,122,0
NODE,0.758893,999,73860.200000,7920009749,33177,143,0
NODE,0.758893,999,73151.460000,8079658343,33138,70,0
NODE,0.758893,999,73910.790000,8301743758,33159,188,0
NODE,0.758893,999,73970.450000,8777769814,33221,163,0
NODE,0.758893,999,73480.130000,8003103946,33095,87,0
NODE,0.758893,999,74166.610000,8649706599,33006,7,0
NODE,0.758893,999,74162.650000,7811567190,33163,150,0
NODE,0.758893,999,74254.780000,7695193258,33107,39,0
NODE,0.758893,999,74271.040000,7734821634,33104,140,0
NODE,0.758893,999,74217.040000,8207863839,33238,107,0
NODE,0.758893,999,74168.610000,7960718514,33046,27,0
NODE,0.758893,999,74346.750000,8045076609,33026,112,0
NODE,0.758893,999,74368.100000,7755967791,33082,219,0
NODE,0.758893,999,74341.900000,8385299919,33142,210,0
NODE,0.758893,999,74506.460000,7673620363,33106,132,0
NODE,0.758893,999,74239.280000,9068381062,33062,115,0
NODE,0.758893,999,74575.740000,7893466454,33032,169,0
NODE,0.758893,999,74585.180000,8098013538,33074,53,0
NODE,0.758893,999,74690.920000,7949873637,33139,186,0
NODE,0.758893,999,74804.680000,9234306544,33192,81,0
NODE,0.758893,999,74810.590000,7820294806,33123,131,0
NODE,0.758893,999,74805.280000,8351165519,33093,91,0
NODE,0.758893,999,74816.680000,8228949423,33049,15,0
NODE,0.758893,999,74853.650000,8864927385,33184,149,0
NODE,0.758893,999,74844.700000,7494064249,33173,44,0
NODE,0.758893,999,74844.910000,8162810024,33100,133,0
NODE,0.758893,999,74833.970000,8208234091,33234,101,0
NODE,0.758893,999,74986.140000,8437654418,33064,33,0
NODE,0.758893,999,75018.080000,8003239462,33099,178,0
NODE,0.758893,999,75058.110000,8190421716,33128,45,0
NODE,0.758893,999,75091.720000,7993328234,33033,113,0
NODE,0.758893,999,74790.460000,8038670028,33002,3,0
NODE,0.758893,999,75151.380000,8407340235,33219,158,0
NODE,0.758893,999,74955.590000,8722062032,33115,85,0
NODE,0.758893,999,75186.880000,7923248540,33101,134,0
NODE,0.758893,999,75228.020000,9047199051,33205,213,0
NODE,0.758893,999,75478.090000,8522960997,33008,8,0
NODE,0.758893,999,75408.910000,8148342116,33029,36,0
NODE,0.758893,999,75640.250000,8480545530,33121,209,0
NODE,0.758893,999,75380.220000,7858939485,33197,103,0
NODE,0.758893,999,75750.830000,8587337618,33070,229,0
NODE,0.758893,999,76084.180000,8978113945,33203,189,0
NODE,0.758893,999,75879.860000,7895611804,33024,54,0
NODE,0.758893,999,76378.160000,8829950053,33150,77,0
NODE,0.758893,999,76448.940000,8025805335,33209,34,0
NODE,0.758893,999,76405.410000,8289839792,33091,228,0
NODE,0.758893,999,76471.370000,8733122234,33223,156,0
NODE,0.758893,999,76551.680000,9308669545,33225,215,0
NODE,0.758893,999,76554.260000,8607683168,33160,153,0
NODE,0.758893,999,76549.180000,8259346422,33077,32,0
NODE,0.758893,999,76625.410000,8556889620,33102,130,0
NODE,0.758893,999,76558.160000,8305274609,33038,60,0
NODE,0.758893,999,75738.350000,8407607899,33149,72,0
NODE,0.758893,999,76666.930000,9408518770,33194,98,0
NODE,0.758893,999,76622.730000,9258907313,33039,114,0
NODE,0.758893,999,76768.210000,8194075973,33166,146,0
NODE,0.758893,999,76940.410000,8706848341,33137,187,0
NODE,0.758893,999,76847.260000,8731628633,33075,116,0
NODE,0.758893,999,77053.050000,9057417005,33071,234,0
NODE,0.758893,999,76995.790000,8292814302,33081,40,0
NODE,0.758893,999,77088.160000,7908438479,33086,220,0
NODE,0.758893,999,77075.310000,8267279053,33090,117,0
NODE,0.758893,999,77147.470000,7777717394,33084,221,0
NODE,0.758893,999,77158.840000,8167709536,33088,218,0
NODE,0.758893,999,77231.490000,8817525484,33151,76,0
NODE,0.758893,999,77244.470000,8862263212,33057,17,0
NODE,0.758893,999,77401.000000,8851824423,33156,68,0
NODE,0.758893,999,77419.420000,9582882970,33211,96,0
NODE,0.758893,999,77487.580000,8949360830,33147,79,0
NODE,0.758893,999,77540.990000,8937468773,33182,193,0
NODE,0.758893,999,77586.960000,8838496363,33141,230,0
NODE,0.758893,999,77609.110000,8658688762,33079,177,0
NODE,0.758893,999,77543.030000,9256374000,33040,55,0
NODE,0.758893,999,77710.120000,9566903894,33208,93,0
NODE,0.758893,999,77775.380000,8697967194,33130,183,0
NODE,0.758893,999,77785.750000,9237066786,33158,212,0
NODE,0.758893,999,77755.890000,8336119762,33174,23,0
NODE,0.758893,999,77861.070000,7996277659,33047,51,0
NODE,0.758893,999,77873.290000,7605695260,33140,223,0
NODE,0.758893,999,77904.220000,9036063910,33028,124,0
NODE,0.758893,999,77956.440000,8983625936,33034,13,0
NODE,0.758893,999,77911.750000,8630196191,33018,48,0
NODE,0.758893,999,77996.140000,8639843232,33204,227,0
NODE,0.758893,999,77277.390000,9476756940,33072,38,0
NODE,0.758893,999,78039.100000,8666331633,33131,182,0
NODE,0.758893,999,78086.400000,9493344908,33068,232,0
NODE,0.758893,999,78109.640000,8621993368,33030,50,0
NODE,0.758893,999,78154.180000,7613714304,33048,66,0
NODE,0.758893,999,78320.830000,8400098171,33157,152,0
NODE,0.758893,999,77750.710000,9790751049,33078,14,0
NODE,0.758893,999,78665.930000,9209260288,33180,194,0
NODE,0.758893,999,78811.090000,8489967438,33037,127,0
NODE,0.758893,999,79201.730000,9071149357,33073,62,0
NODE,0.758893,999,79191.640000,8552034782,33063,67,0
NODE,0.758893,999,79256.650000,9286966662,33069,233,0
NODE,0.758893,999,79423.490000,8338555350,33132,137,0
NODE,0.758893,999,79441.250000,9486577959,33183,195,0
NODE,0.758893,999,79490.000000,9536220450,33167,155,0
NODE,0.758893,999,79212.400000,8592340277,33144,26,0
NODE,0.758893,999,79553.720000,8881942204,33155,139,0
NODE,0.758893,999,79501.130000,8691074614,33087,57,0
NODE,0.758893,999,79665.440000,9321277535,33065,171,0
NODE,0.758893,999,79694.680000,9821452160,33168,94,0
NODE,0.758893,999,79703.920000,9026360480,33094,86,0
NODE,0.758893,999,79844.220000,9262157835,33181,198,0
NODE,0.758893,999,80016.740000,9343113121,33118,211,0
NODE,0.758893,999,80215.550000,8574589051,33059,176,0
NODE,0.758893,999,80225.570000,8623705874,33083,216,0
NODE,0.758893,999,80493.990000,9414871842,33170,145,0
NODE,0.758893,999,80741.110000,8712129954,33052,111,0
NODE,0.758893,999,80829.960000,8713695357,33154,22,0
NODE,0.758893,999,81119.570000,9446289942,33162,154,0
NODE,0.758893,999,81189.420000,8668413721,33096,35,0
NODE,0.758893,999,81835.380000,9882256187,33187,197,0
NODE,0.758893,999,82304.920000,10030998416,33051,175,0
NODE,0.758893,999,82408.880000,9131754705,33085,217,0
NODE,0.758893,999,82713.280000,8988102365,33179,196,0
NODE,0.758893,999,82710.150000,9144759802,33050,126,0
NODE,0.758893,999,82968.690000,9084142486,33161,225,0
NODE,0.758893,999,83418.940000,10442656986,33186,190,0
NODE,0.758893,999,86083.350000,9434098189,33105,136,0
NODE,0.758893,999,86644.500000,10155567787,33113,224,0
NODE,0.758893,999,86608.230000,10562405976,33117,25,0
NODE,0.758893,999,86674.970000,9602164322,33112,71,0
NODE,0.758893,999,88955.360000,9436269544,33146,74,0
NODE,0.758893,999,61419.210000,6955090941,33250,159,0
NODE,0.758893,999,58493.940000,6186246309,33325,129,0
NODE,0.758893,999,65279.280000,7482650681,33255,97,0
NODE,0.758893,999,63648.370000,7168887651,33289,151,0
NODE,0.758893,999,62877.180000,6643079264,33306,5,0
NODE,0.758893,999,64358.570000,7246296675,33287,192,0
NODE,0.758893,999,64606.820000,7300384295,33286,125,0
NODE,0.758893,999,66737.400000,7645782750,33252,4,0
NODE,0.758893,999,68483.490000,7744072359,33249,181,0
NODE,0.758893,999,64209.720000,7057994743,33303,110,0
NODE,0.758893,999,69292.660000,7630188743,33246,82,0
NODE,0.758893,999,63869.820000,6226964391,33323,99,0
NODE,0.758893,999,66157.080000,7289328828,33277,207,0
NODE,0.758893,999,66880.360000,7182929471,33269,58,0
NODE,0.758893,999,66577.430000,6953394903,33276,19,0
NODE,0.758893,999,70271.870000,7720017751,33244,180,0
NODE,0.758893,999,65162.030000,7344106459,33310,174,0
NODE,0.758893,999,70414.320000,7999659703,33247,222,0
NODE,0.758893,999,72898.540000,9156422613,33240,135,0
NODE,0.758893,999,70262.560000,7483866451,33251,65,0
NODE,0.758893,999,71822.160000,8531091107,33242,104,0
NODE,0.758893,999,70041.150000,8370461397,33254,56,0
NODE,0.758893,999,68332.310000,7255504679,33278,18,0
NODE,0.758893,999,67888.460000,7096339202,33290,231,0
NODE,0.758893,999,68277.390000,7417305041,33288,203,0
NODE,0.758893,999,70410.800000,8221248236,33256,12,0
NODE,0.758893,999,67566.000000,7647275753,33300,168,0
NODE,0.758893,999,72429.400000,8492038261,33248,49,0
NODE,0.758893,999,64371.080000,7345259465,33376,149,0
NODE,0.758893,999,68101.720000,7467630122,33299,119,0
NODE,0.758893,999,64442.460000,7291183009,33385,158,0
NODE,0.758893,999,68522.670000,7690029573,33301,172,0
NODE,0.758893,999,71586.900000,8809558944,33257,238,0
NODE,0.758893,999,68839.800000,7386820746,33302,165,0
NODE,0.758893,999,67323.650000,7146626956,33333,1,0
NODE,0.758893,999,73613.710000,8672961488,33245,105,0
NODE,0.758893,999,71822.430000,8264504044,33259,166,0
NODE,0.758893,999,65658.400000,7046451116,33379,101,0
NODE,0.758893,999,64240.960000,6570894485,33397,34,0
NODE,0.758893,999,71719.570000,8247214820,33266,191,0
NODE,0.758893,999,71937.000000,7640485084,33258,24,0
NODE,0.758893,999,71984.130000,8969972853,33262,237,0
NODE,0.758893,999,69406.440000,7729993170,33304,28,0
NODE,0.758893,999,69250.230000,7318462049,33305,89,0
NODE,0.758893,999,69412.680000,8080601930,33307,147,0
NODE,0.758893,999,69200.370000,8516245873,33314,109,0
NODE,0.758893,999,66127.650000,7217558740,33383,113,0
NODE,0.758893,999,66444.600000,6900582176,33377,44,0
NODE,0.758893,999,66574.050000,8315834357,33368,115,0
NODE,0.758893,999,72312.030000,7869846368,33264,92,0
NODE,0.758893,999,71180.410000,7434851725,33279,164,0
NODE,0.758893,999,71065.320000,8512209369,33285,120,0
NODE,0.758893,999,71315.440000,8512218201,33283,184,0
NODE,0.758893,999,68646.410000,7601846989,33334,52,0
NODE,0.758893,999,65138.700000,7046567052,33406,98,0
NODE,0.758893,999,71517.820000,8209318699,33284,148,0
NODE,0.758893,999,72706.410000,7747782331,33265,6,0
NODE,0.758893,999,69472.220000,6963765159,33328,205,0
NODE,0.758893,999,64112.860000,6730621980,33435,227,0
NODE,0.758893,999,71639.960000,8378328429,33282,108,0
NODE,0.758893,999,72002.220000,7761626431,33281,63,0
NODE,0.758893,999,71570.070000,7849123037,33292,75,0
NODE,0.758893,999,70761.170000,8048825373,33315,47,0
NODE,0.758893,999,74811.560000,8136701268,33253,78,0
NODE,0.758893,999,79863.760000,9302803878,33239,160,0
NODE,0.758893,999,69716.140000,7110063925,33345,206,0
NODE,0.758893,999,70298.640000,7186032191,33316,69,0
NODE,0.758893,999,74463.840000,8199874729,33260,41,0
NODE,0.758893,999,73217.720000,7550533452,33274,141,0
NODE,0.758893,999,72947.780000,7541854977,33280,29,0
NODE,0.758893,999,68060.610000,7811857981,33386,85,0
NODE,0.758893,999,68953.750000,8236558076,33374,91,0
NODE,0.758893,999,74273.790000,8512660150,33270,100,0
NODE,0.758893,999,68835.250000,7615312484,33381,178,0
NODE,0.758893,999,71757.910000,7722208735,33317,83,0
NODE,0.758893,999,78177.170000,8941654621,33243,30,0
NODE,0.758893,999,79071.870000,8853913530,33241,61,0
NODE,0.758893,999,70382.330000,7487872244,33354,70,0
NODE,0.758893,999,66254.990000,6768500567,33434,48,0
NODE,0.758893,999,67291.020000,7369740976,33412,40,0
NODE,0.758893,999,74826.250000,8804645742,33272,16,0
NODE,0.758893,999,71583.460000,7345867792,33337,214,0
NODE,0.758893,999,73655.380000,7700127060,33293,102,0
NODE,0.758893,999,67224.240000,7131759997,33425,55,0
NODE,0.758893,999,71832.420000,7521705778,33342,199,0
NODE,0.758893,999,72509.120000,7633972047,33330,21,0
NODE,0.758893,999,73694.380000,7627446089,33309,200,0
NODE,0.758893,999,73516.680000,7526686827,33318,208,0
NODE,0.758893,999,72067.810000,7787298403,33347,173,0
NODE,0.758893,999,74639.900000,8177870436,33297,185,0
NODE,0.758893,999,76951.960000,9187169437,33261,80,0
NODE,0.758893,999,76619.820000,8270113408,33267,167,0
NODE,0.758893,999,69231.180000,6939301895,33398,228,0
NODE,0.758893,999,75730.140000,8226816604,33275,157,0
NODE,0.758893,999,72727.550000,8022919016,33340,10,0
NODE,0.758893,999,71360.420000,8564181513,33367,132,0
NODE,0.758893,999,73391.910000,7857865090,33326,2,0
NODE,0.758893,999,72958.640000,7935880974,33338,73,0
NODE,0.758893,999,71142.340000,7632727027,33382,45,0
NODE,0.758893,999,75330.390000,8077266868,33296,161,0
NODE,0.758893,999,70869.800000,7574355069,33389,8,0
NODE,0.758893,999,72575.420000,8364242596,33353,143,0
NODE,0.758893,999,69006.150000,7134401110,33405,72,0
NODE,0.758893,999,74307.290000,8047406022,33322,121,0
NODE,0.758893,999,77159.240000,8891262220,33271,37,0
NODE,0.758893,999,72278.870000,8371445320,33369,169,0
NODE,0.758893,999,74326.450000,8337977832,33327,204,0
NODE,0.758893,999,69803.430000,7381335342,33416,218,0
NODE,0.758893,999,73377.950000,7766270762,33346,20,0
NODE,0.758893,999,73005.300000,8164847995,33356,163,0
NODE,0.758893,999,74880.700000,7613356083,33311,84,0
NODE,0.758893,999,74028.370000,7837138978,33335,235,0
NODE,0.758893,999,76262.880000,7815365432,33291,179,0
NODE,0.758893,999,74304.500000,8153847348,33332,123,0
NODE,0.758893,999,78231.080000,9195556288,33263,239,0
NODE,0.758893,999,70695.600000,6976406322,33401,153,0
NODE,0.758893,999,72158.100000,7942255437,33384,3,0
NODE,0.758893,999,74518.770000,8096685150,33329,118,0
NODE,0.758893,999,70598.990000,7951147420,33408,146,0
NODE,0.758893,999,74656.840000,8627200643,33331,144,0
NODE,0.758893,999,73654.300000,8092554223,33352,122,0
NODE,0.758893,999,74226.280000,7914367271,33343,90,0
NODE,0.758893,999,78408.700000,8866075280,33268,142,0
NODE,0.758893,999,70606.840000,7539121802,33410,116,0
NODE,0.758893,999,75762.760000,9130142604,33313,201,0
NODE,0.758893,999,70214.230000,7733186589,33437,182,0
NODE,0.758893,999,76567.070000,7748519204,33308,11,0
NODE,0.758893,999,76159.660000,8392526852,33319,59,0
NODE,0.758893,999,69342.680000,7247596745,33445,62,0
NODE,0.758893,999,69953.640000,7632713250,33436,38,0
NODE,0.758893,999,75693.660000,7523765071,33339,88,0
NODE,0.758893,999,73078.490000,8728487399,33393,229,0
NODE,0.758893,999,68029.510000,8357012169,33463,22,0
NODE,0.758893,999,77960.180000,9015482096,33295,170,0
NODE,0.758893,999,72175.820000,8291395660,33395,54,0
NODE,0.758893,999,72274.430000,8304891515,33404,60,0
NODE,0.758893,999,79396.290000,8487553246,33273,31,0
NODE,0.758893,999,75824.700000,8506990719,33344,95,0
NODE,0.758893,999,75560.010000,8567505314,33348,43,0
NODE,0.758893,999,72692.240000,7952945802,33399,156,0
NODE,0.758893,999,72709.260000,7661194587,33402,32,0
NODE,0.758893,999,71166.260000,7725560056,33439,50,0
NODE,0.758893,999,71777.980000,7561445801,33430,51,0
NODE,0.758893,999,77264.090000,8343005251,33324,106,0
NODE,0.758893,999,74982.750000,8681306808,33371,186,0
NODE,0.758893,999,72483.780000,7331358743,33419,68,0
NODE,0.758893,999,76300.940000,8702242089,33360,39,0
NODE,0.758893,999,70059.010000,8081713201,33461,145,0
NODE,0.758893,999,76893.720000,9300269882,33350,64,0
NODE,0.758893,999,71115.570000,8278225358,33452,139,0
NODE,0.758893,999,78739.630000,8926140375,33312,46,0
NODE,0.758893,999,73636.710000,8482576381,33413,220,0
NODE,0.758893,999,68335.310000,7894141696,33468,217,0
NODE,0.758893,999,76431.300000,8799665045,33365,219,0
NODE,0.758893,999,74283.030000,7556814503,33403,130,0
NODE,0.758893,999,78770.450000,7955767530,33321,236,0
NODE,0.758893,999,73785.160000,7925222091,33414,117,0
NODE,0.758893,999,77431.660000,8510765359,33349,42,0
NODE,0.758893,999,68661.030000,7971373091,33469,196,0
NODE,0.758893,999,69119.950000,8012050329,33467,175,0
NODE,0.758893,999,76752.170000,8610794679,33373,131,0
NODE,0.758893,999,76588.510000,8305575207,33380,33,0
NODE,0.758893,999,72954.570000,7527828473,33443,194,0
NODE,0.758893,999,76012.250000,8274085486,33390,36,0
NODE,0.758893,999,79686.220000,8384116052,33320,226,0
NODE,0.758893,999,77849.220000,8406531502,33358,7,0
NODE,0.758893,999,77432.820000,9161343884,33375,15,0
NODE,0.758893,999,74795.410000,8086660022,33426,93,0
NODE,0.758893,999,81420.190000,9981993320,33298,202,0
NODE,0.758893,999,77878.010000,9445890950,33372,81,0
NODE,0.758893,999,77139.950000,8500014373,33391,209,0
NODE,0.758893,999,73628.060000,7901308665,33447,233,0
NODE,0.758893,999,75954.810000,7985928721,33409,187,0
NODE,0.758893,999,76159.750000,8714355040,33407,114,0
NODE,0.758893,999,75197.450000,8048283727,33431,223,0
NODE,0.758893,999,77924.600000,9203401124,33387,134,0
NODE,0.758893,999,76269.770000,7991340171,33411,234,0
NODE,0.758893,999,78572.920000,9283265917,33378,133,0
NODE,0.758893,999,78996.680000,10119676370,33370,53,0
NODE,0.758893,999,76206.240000,8659093119,33418,17,0
NODE,0.758893,999,77395.430000,8544996166,33396,77,0
NODE,0.758893,999,78780.100000,9272623796,33388,213,0
NODE,0.758893,999,77106.010000,8263357077,33415,221,0
NODE,0.758893,999,77884.150000,8457802613,33400,215,0
NODE,0.758893,999,80460.460000,9644116070,33357,87,0
NODE,0.758893,999,81445.150000,8823898552,33336,138,0
NODE,0.758893,999,71720.410000,8017836905,33470,126,0
NODE,0.758893,999,75802.660000,7471390805,33444,127,0
NODE,0.758893,999,80782.110000,9184681689,33355,188,0
NODE,0.758893,999,76466.770000,8144894366,33441,152,0
NODE,0.758893,999,75118.290000,9307357680,33455,94,0
NODE,0.758893,999,77046.800000,7999514215,33427,183,0
NODE,0.758893,999,81068.930000,8899255882,33351,162,0
NODE,0.758893,999,77206.680000,9007177310,33429,23,0
NODE,0.758893,999,74281.510000,8619135766,33462,111,0
NODE,0.758893,999,80897.210000,9130983187,33359,150,0
NODE,0.758893,999,79342.890000,8538358022,33394,189,0
NODE,0.758893,999,72536.770000,8018757650,33471,225,0
NODE,0.758893,999,77636.110000,8170640825,33432,124,0
NODE,0.758893,999,84895.020000,8986665660,33294,128,0
NODE,0.758893,999,76656.590000,8444749980,33442,14,0
NODE,0.758893,999,69816.140000,7527483395,33474,224,0
NODE,0.758893,999,79130.730000,8694713227,33422,193,0
NODE,0.758893,999,79145.510000,8816625089,33423,230,0
NODE,0.758893,999,79301.240000,8732545253,33420,96,0
NODE,0.758893,999,78680.900000,8644900631,33440,66,0
NODE,0.758893,999,70309.510000,8371836279,33476,71,0
NODE,0.758893,999,83108.860000,8961179441,33361,140,0
NODE,0.758893,999,80194.990000,8421198577,33421,79,0
NODE,0.758893,999,79889.110000,8622745125,33438,232,0
NODE,0.758893,999,78054.190000,8866127760,33458,211,0
NODE,0.758893,999,78708.780000,8033184286,33449,195,0
NODE,0.758893,999,81121.240000,9136357757,33424,177,0
NODE,0.758893,999,84219.210000,9404169980,33363,27,0
NODE,0.758893,999,78462.950000,9035277506,33460,216,0
NODE,0.758893,999,82794.510000,8952799007,33392,103,0
NODE,0.758893,999,79183.790000,8850309441,33456,86,0
NODE,0.758893,999,82248.930000,9113054667,33417,76,0
NODE,0.758893,999,86506.170000,9453857411,33341,9,0
NODE,0.758893,999,85403.660000,10026416418,33366,210,0
NODE,0.758893,999,85715.860000,9653820257,33364,112,0
NODE,0.758893,999,80952.270000,8507207691,33446,67,0
NODE,0.758893,999,80387.770000,8543901998,33457,198,0
NODE,0.758893,999,78577.360000,9050072625,33466,197,0
NODE,0.758893,999,73953.500000,8521956812,33475,25,0
NODE,0.758893,999,82679.980000,8609047636,33433,13,0
NODE,0.758893,999,80732.110000,9496518735,33459,176,0
NODE,0.758893,999,72789.040000,8296123360,33477,74,0
NODE,0.758893,999,82299.870000,9890709845,33454,171,0
NODE,0.758893,999,80895.340000,9962946467,33464,154,0
NODE,0.758893,999,82650.520000,8732580759,33448,137,0
NODE,0.758893,999,82703.730000,9130094827,33451,26,0
NODE,0.758893,999,85331.090000,9408560560,33428,212,0
NODE,0.758893,999,79968.490000,9240748221,33472,190,0
NODE,0.758893,999,82684.700000,9985918611,33465,35,0
NODE,0.758893,999,85167.330000,9474698298,33450,155,0
NODE,0.758893,999,87094.210000,9546651238,33453,57,0
NODE,0.758893,999,92887.090000,11328336990,33362,107,0
NODE,0.758893,999,82033.210000,10080926871,33473,136,0
NODE,0.758893,999,71871.100000,8809142112,33478,159,0
NODE,0.758893,999,70133.050000,7557283219,33479,129,0
NODE,0.758893,999,67945.530000,6919192238,33486,181,0
NODE,0.758893,999,67811.320000,7229594888,33485,4,0
NODE,0.758893,999,70444.570000,8382940853,33483,192,0
NODE,0.758893,999,70127.420000,7825841564,33488,82,0
NODE,0.758893,999,69315.520000,6638464758,33494,174,0
NODE,0.758893,999,70648.200000,7546964301,33487,110,0
NODE,0.758893,999,75314.460000,8255906330,33480,97,0
NODE,0.758893,999,74346.480000,8071709828,33484,125,0
NODE,0.758893,999,73013.890000,7935447407,33492,19,0
NODE,0.758893,999,71730.860000,8087971363,33499,56,0
NODE,0.758893,999,76815.960000,8614691369,33481,151,0
NODE,0.758893,999,77107.490000,8428477012,33482,5,0
NODE,0.758893,999,74362.890000,8201904843,33498,104,0
NODE,0.758893,999,75630.780000,8019775714,33491,58,0
NODE,0.758893,999,75811.730000,8108079830,33493,180,0
NODE,0.758893,999,76931.400000,8660146175,33490,207,0
NODE,0.758893,999,76121.660000,8496578851,33496,135,0
NODE,0.758893,999,75734.250000,8376050100,33500,18,0
NODE,0.758893,999,79808.910000,8865991230,33489,99,0
NODE,0.758893,999,82359.920000,9238557001,33497,65,0
NODE,0.758893,999,84727.010000,8998416927,33495,222,0
