NODE,0.758893,999,60943.260000,6146532552,40228,105,0
NODE,0.758893,999,65792.620000,6617829786,40221,131,0
NODE,0.758893,999,65826.520000,8467187239,40094,89,0
NODE,0.758893,999,65949.570000,7416564935,40146,64,0
NODE,0.758893,999,66116.150000,7045568341,40128,65,0
NODE,0.758893,999,66262.610000,7064227549,40142,13,0
NODE,0.758893,999,66895.170000,7427437658,40018,52,0
NODE,0.758893,999,67150.790000,8145029577,40134,217,0
NODE,0.758893,999,67159.450000,7528431544,40133,229,0
NODE,0.758893,999,67193.990000,7195365831,40125,157,0
NODE,0.758893,999,67223.140000,6956060327,40150,201,0
NODE,0.758893,999,67367.620000,7382809066,40166,117,0
NODE,0.758893,999,67804.720000,7513486579,40054,111,0
NODE,0.758893,999,67864.040000,7464811353,40077,175,0
NODE,0.758893,999,67876.940000,7153936409,40164,202,0
NODE,0.758893,999,67885.130000,7888557246,40087,36,0
NODE,0.758893,999,67984.250000,7871301375,40180,154,0
NODE,0.758893,999,68065.540000,7372936809,40152,170,0
NODE,0.758893,999,68394.030000,7560153448,40156,153,0
NODE,0.758893,999,68442.680000,8241511716,40103,176,0
NODE,0.758893,999,67871.250000,7338967152,40219,83,0
NODE,0.758893,999,68439.640000,7785481013,40083,162,0
NODE,0.758893,999,68547.710000,7039029917,40234,225,0
NODE,0.758893,999,68552.910000,8708237616,40105,235,0
NODE,0.758893,999,68528.790000,7198276740,40144,14,0
NODE,0.758893,999,68917.840000,8114979894,40179,238,0
NODE,0.758893,999,68983.840000,7735660389,40025,144,0
NODE,0.758893,999,69030.670000,7417319752,40014,126,0
NODE,0.758893,999,69216.320000,8402147553,40016,205,0
NODE,0.758893,999,69323.830000,8476142753,40139,17,0
NODE,0.758893,999,69363.520000,8393922774,40212,32,0
NODE,0.758893,999,69422.720000,8006631318,40129,215,0
NODE,0.758893,999,69366.330000,7574269588,40011,48,0
NODE,0.758893,999,69639.710000,8327290159,40081,147,0
NODE,0.758893,999,69736.550000,7694586000,40217,143,0
NODE,0.758893,999,69770.550000,8482023284,40109,95,0
NODE,0.758893,999,69981.460000,8174571784,40061,39,0
NODE,0.758893,999,69947.150000,8254324815,40096,116,0
NODE,0.758893,999,70000.130000,7842254227,40132,189,0
NODE,0.758893,999,70028.890000,7461758684,40151,188,0
NODE,0.758893,999,69988.420000,7073126183,40024,132,0
NODE,0.758893,999,70143.720000,7160241056,40157,118,0
NODE,0.758893,999,70062.610000,7856646652,40197,78,0
NODE,0.758893,999,70232.110000,8657630055,40099,159,0
NODE,0.758893,999,70248.950000,8406953805,40034,197,0
NODE,0.758893,999,70294.100000,8426940379,40111,76,0
NODE,0.758893,999,70363.460000,7765420840,40012,125,0
NODE,0.758893,999,70076.300000,7733342994,40233,10,0
NODE,0.758893,999,70381.790000,8344622157,40090,199,0
NODE,0.758893,999,70108.940000,7456878005,40223,58,0
NODE,0.758893,999,70374.640000,8085340058,40131,174,0
NODE,0.758893,999,70516.770000,8304324899,40085,137,0
NODE,0.758893,999,70487.440000,8320859914,40004,1,0
NODE,0.758893,999,70720.990000,7879002808,40203,31,0
NODE,0.758893,999,70699.700000,8725218222,40063,204,0
NODE,0.758893,999,70764.570000,7753691572,40124,115,0
NODE,0.758893,999,70786.070000,7510537909,40023,156,0
NODE,0.758893,999,70838.560000,7567195830,40167,169,0
NODE,0.758893,999,70874.720000,8135194247,40001,4,0
NODE,0.758893,999,70967.100000,7852189202,40092,181,0
NODE,0.758893,999,70971.360000,8446229953,40174,70,0
NODE,0.758893,999,70983.420000,7453996897,40019,207,0
NODE,0.758893,999,71048.100000,7812590549,40108,146,0
NODE,0.758893,999,71022.430000,8102041439,40068,150,0
NODE,0.758893,999,71169.200000,8287897853,40115,193,0
NODE,0.758893,999,71256.200000,7844317768,40013,50,0
NODE,0.758893,999,71302.010000,8010183757,40121,148,0
NODE,0.758893,999,71387.980000,8177966806,40126,134,0
NODE,0.758893,999,71511.030000,7916720004,40165,190,0
NODE,0.758893,999,71703.840000,8333354146,40193,21,0
NODE,0.758893,999,71788.690000,7691748101,40204,127,0
NODE,0.758893,999,71785.630000,7721877275,40235,99,0
NODE,0.758893,999,71819.890000,8364669265,40060,233,0
NODE,0.758893,999,71740.670000,8238997559,40041,216,0
NODE,0.758893,999,71609.410000,8483457780,40177,12,0
NODE,0.758893,999,71914.120000,8553397386,40184,30,0
NODE,0.758893,999,71443.460000,8501150349,40140,24,0
NODE,0.758893,999,71976.070000,7838342496,40210,33,0
NODE,0.758893,999,71857.580000,7420665378,40169,46,0
NODE,0.758893,999,71981.190000,8271244555,40106,44,0
NODE,0.758893,999,71985.420000,7585671042,40026,86,0
NODE,0.758893,999,72059.200000,8271951029,40080,187,0
NODE,0.758893,999,72053.990000,7582442951,40141,113,0
NODE,0.758893,999,72073.610000,8063221874,40089,230,0
NODE,0.758893,999,72060.950000,8439732067,40135,42,0
NODE,0.758893,999,72121.810000,8946442711,40190,98,0
NODE,0.758893,999,72186.710000,8559185863,40086,69,0
NODE,0.758893,999,72384.650000,8178115985,40112,164,0
NODE,0.758893,999,72473.660000,8291904011,40055,161,0
NODE,0.758893,999,72523.880000,7966441885,40113,61,0
NODE,0.758893,999,72658.340000,7903903504,40218,22,0
NODE,0.758893,999,72674.080000,8136743716,40192,73,0
NODE,0.758893,999,72971.420000,8300452813,40084,87,0
NODE,0.758893,999,73103.460000,8823158471,40102,196,0
NODE,0.758893,999,73188.600000,8530320538,40050,173,0
NODE,0.758893,999,73286.950000,8482476222,40136,152,0
NODE,0.758893,999,73291.090000,8602913381,40194,121,0
NODE,0.758893,999,73453.000000,9211335075,40202,100,0
NODE,0.758893,999,73538.980000,8184172615,40178,171,0
NODE,0.758893,999,73578.680000,8315271135,40122,219,0
NODE,0.758893,999,73401.330000,8305485871,40159,25,0
NODE,0.758893,999,73595.990000,9053513415,40093,223,0
NODE,0.758893,999,73645.470000,8415163773,40162,141,0
NODE,0.758893,999,73722.270000,7910143265,40168,237,0
NODE,0.758893,999,73785.890000,8821679627,40117,185,0
NODE,0.758893,999,73825.200000,8088791208,40031,97,0
NODE,0.758893,999,73868.680000,8358114640,40123,93,0
NODE,0.758893,999,73877.710000,8481749297,40213,71,0
NODE,0.758893,999,73878.080000,8655821359,40200,26,0
NODE,0.758893,999,74039.580000,8573597161,40005,7,0
NODE,0.758893,999,74111.220000,9307911828,40088,212,0
NODE,0.758893,999,74117.430000,8503800888,40007,5,0
NODE,0.758893,999,74139.470000,8976773434,40003,2,0
NODE,0.758893,999,74164.420000,9343700597,40185,80,0
NODE,0.758893,999,74283.530000,8372756212,40107,221,0
NODE,0.758893,999,74284.610000,8366517906,40017,84,0
NODE,0.758893,999,74359.080000,9658093843,40101,213,0
NODE,0.758893,999,74354.640000,8485766981,40130,200,0
NODE,0.758893,999,74359.310000,8259680140,40119,231,0
NODE,0.758893,999,74384.810000,8198292424,40154,43,0
NODE,0.758893,999,74519.580000,8825505862,40230,214,0
NODE,0.758893,999,74544.740000,8357422729,40220,35,0
NODE,0.758893,999,74579.420000,7619856359,40149,16,0
NODE,0.758893,999,74394.950000,7838272256,40143,15,0
NODE,0.758893,999,74107.340000,7939116140,40216,47,0
NODE,0.758893,999,74737.690000,9155432501,40175,75,0
NODE,0.758893,999,74654.990000,7904084099,40044,54,0
NODE,0.758893,999,74747.890000,8324606158,40032,109,0
NODE,0.758893,999,74758.350000,8267222306,40114,133,0
NODE,0.758893,999,74755.480000,8367769474,40183,140,0
NODE,0.758893,999,74757.250000,8270484382,40022,37,0
NODE,0.758893,999,74763.150000,8138188789,40059,66,0
NODE,0.758893,999,74728.430000,8891779771,40138,18,0
NODE,0.758893,999,74863.280000,8718601840,40066,110,0
NODE,0.758893,999,74903.010000,8961192113,40187,179,0
NODE,0.758893,999,74980.840000,7771407752,40155,88,0
NODE,0.758893,999,75003.360000,8523057083,40189,123,0
NODE,0.758893,999,74907.530000,8417621770,40224,57,0
NODE,0.758893,999,75060.520000,8609886978,40186,20,0
NODE,0.758893,999,75052.700000,9026084873,40195,28,0
NODE,0.758893,999,75171.750000,8999142199,40015,51,0
NODE,0.758893,999,75185.850000,8390512339,40147,77,0
NODE,0.758893,999,75343.440000,8479652256,40030,209,0
NODE,0.758893,999,75190.670000,8406010194,40222,106,0
NODE,0.758893,999,75451.760000,8508350857,40173,27,0
NODE,0.758893,999,75450.730000,8584475905,40079,234,0
NODE,0.758893,999,75513.430000,8942648151,40137,92,0
NODE,0.758893,999,75554.670000,8914399734,40206,128,0
NODE,0.758893,999,75371.360000,9144949682,40110,114,0
NODE,0.758893,999,75687.340000,8865606199,40048,40,0
NODE,0.758893,999,75752.320000,9641170809,40104,184,0
NODE,0.758893,999,75779.200000,8952330440,40116,206,0
NODE,0.758893,999,75817.820000,8951936897,40028,192,0
NODE,0.758893,999,75877.200000,8405786179,40078,112,0
NODE,0.758893,999,75938.000000,9069164329,40009,122,0
NODE,0.758893,999,75756.140000,9355113779,40182,119,0
NODE,0.758893,999,75997.080000,8953236055,40039,145,0
NODE,0.758893,999,76128.150000,8011180453,40214,203,0
NODE,0.758893,999,76141.550000,8569512073,40062,172,0
NODE,0.758893,999,76099.370000,8851209223,40225,96,0
NODE,0.758893,999,75875.800000,8285185812,40196,102,0
NODE,0.758893,999,76226.910000,9828429116,40098,67,0
NODE,0.758893,999,76634.750000,8621132698,40188,239,0
NODE,0.758893,999,76927.780000,9090967629,40211,130,0
NODE,0.758893,999,76919.490000,8397331205,40205,103,0
NODE,0.758893,999,77125.980000,8656250035,40120,45,0
NODE,0.758893,999,77232.130000,8744607480,40118,178,0
NODE,0.758893,999,77237.320000,8715525269,40091,177,0
NODE,0.758893,999,77270.260000,8573606947,40076,211,0
NODE,0.758893,999,77370.540000,9521085910,40163,19,0
NODE,0.758893,999,77496.100000,10088427748,40082,220,0
NODE,0.758893,999,77630.570000,9263667252,40056,91,0
NODE,0.758893,999,77610.390000,8451252770,40021,72,0
NODE,0.758893,999,77703.030000,9177625594,40033,208,0
NODE,0.758893,999,77681.480000,9145728698,40232,8,0
NODE,0.758893,999,77767.120000,8958054613,40199,124,0
NODE,0.758893,999,77759.430000,8525925960,40207,104,0
NODE,0.758893,999,77878.010000,8628383089,40148,135,0
NODE,0.758893,999,77880.130000,8318344193,40153,236,0
NODE,0.758893,999,77873.540000,8648226957,40058,49,0
NODE,0.758893,999,77896.120000,8765469775,40042,108,0
NODE,0.758893,999,77961.750000,8794678611,40176,142,0
NODE,0.758893,999,78029.110000,9350896990,40036,38,0
NODE,0.758893,999,78042.290000,9125480555,40097,74,0
NODE,0.758893,999,78079.180000,8986155613,40052,210,0
NODE,0.758893,999,78263.900000,8523665066,40227,191,0
NODE,0.758893,999,78271.870000,9715115272,40236,101,0
NODE,0.758893,999,78342.840000,9201851566,40191,29,0
NODE,0.758893,999,78349.780000,8784751645,40067,222,0
NODE,0.758893,999,78392.290000,9798775497,40095,151,0
NODE,0.758893,999,78337.030000,8574351238,40198,23,0
NODE,0.758893,999,78478.790000,8892318771,40229,34,0
NODE,0.758893,999,78409.830000,8875981438,40006,6,0
NODE,0.758893,999,78748.980000,8878938988,40040,85,0
NODE,0.758893,999,78703.020000,9248967755,40010,11,0
NODE,0.758893,999,78896.120000,8941470758,40171,155,0
NODE,0.758893,999,79129.980000,8915328534,40043,158,0
NODE,0.758893,999,79284.330000,7994629964,40161,79,0
NODE,0.758893,999,79354.430000,9473465607,40238,226,0
NODE,0.758893,999,79388.190000,9738667876,40051,149,0
NODE,0.758893,999,79355.700000,8426995441,40215,59,0
NODE,0.758893,999,79493.970000,9479639819,40181,166,0
NODE,0.758893,999,79518.590000,8766639805,40170,94,0
NODE,0.758893,999,79530.330000,8849324618,40158,167,0
NODE,0.758893,999,79537.560000,8438965312,40226,55,0
NODE,0.758893,999,79524.700000,9113737745,40002,9,0
NODE,0.758893,999,79664.820000,9290624044,40037,182,0
NODE,0.758893,999,79874.770000,10062058162,40064,198,0
NODE,0.758893,999,80029.100000,9393950272,40020,60,0
NODE,0.758893,999,80159.610000,8928249872,40027,180,0
NODE,0.758893,999,80238.490000,9078946522,40000,3,0
NODE,0.758893,999,80296.580000,9393801016,40049,232,0
NODE,0.758893,999,80284.240000,8908298635,40069,90,0
NODE,0.758893,999,80368.910000,9120010689,40070,163,0
NODE,0.758893,999,80459.590000,9673997499,40209,129,0
NODE,0.758893,999,80489.870000,9236321313,40047,183,0
NODE,0.758893,999,80500.670000,9018746399,40072,138,0
NODE,0.758893,999,80540.140000,9405108497,40075,195,0
NODE,0.758893,999,80741.950000,8493965738,40029,53,0
NODE,0.758893,999,80739.970000,9971752532,40237,227,0
NODE,0.758893,999,81247.610000,9243915650,40145,160,0
NODE,0.758893,999,81422.020000,8678951184,40046,194,0
NODE,0.758893,999,81494.880000,9836932182,40127,81,0
NODE,0.758893,999,81600.280000,10073518595,40172,165,0
NODE,0.758893,999,81754.770000,10747729077,40100,139,0
NODE,0.758893,999,82099.520000,9635135126,40038,168,0
NODE,0.758893,999,82135.070000,9451204363,40201,82,0
NODE,0.758893,999,82057.020000,9429049533,40071,56,0
NODE,0.758893,999,82262.720000,8444204710,40160,63,0
NODE,0.758893,999,82265.910000,8949438973,40045,62,0
NODE,0.758893,999,83050.340000,9688991787,40073,68,0
NODE,0.758893,999,83426.040000,9656393351,40035,228,0
NODE,0.758893,999,83702.250000,9546948400,40231,224,0
NODE,0.758893,999,84226.610000,9614405017,40053,218,0
NODE,0.758893,999,84478.810000,10321200544,40008,120,0
NODE,0.758893,999,84723.730000,10251270937,40065,186,0
NODE,0.758893,999,85182.100000,10387549643,40074,41,0
NODE,0.758893,999,85346.270000,10043227467,40057,136,0
NODE,0.758893,999,86143.130000,10051417710,40208,107,0
NODE,0.758893,999,75803.060000,8647430019,40239,105,0
NODE,0.758893,999,70461.580000,7846492167,40251,111,0
NODE,0.758893,999,67682.830000,7318772167,40292,31,0
NODE,0.758893,999,71721.880000,8401930219,40247,229,0
NODE,0.758893,999,69124.950000,7750079517,40276,116,0
NODE,0.758893,999,71056.330000,8320005107,40258,176,0
NODE,0.758893,999,73782.850000,8830702598,40242,64,0
NODE,0.758893,999,74203.970000,8558784489,40240,131,0
NODE,0.758893,999,71064.210000,7778659774,40274,95,0
NODE,0.758893,999,67936.240000,7140545344,40339,25,0
NODE,0.758893,999,74593.230000,8203159024,40249,201,0
NODE,0.758893,999,73468.270000,8208672452,40263,14,0
NODE,0.758893,999,75033.540000,8669088863,40248,157,0
NODE,0.758893,999,71828.740000,8136320566,40290,137,0
NODE,0.758893,999,75697.410000,9528177284,40245,52,0
NODE,0.758893,999,74069.340000,8172647402,40261,225,0
NODE,0.758893,999,72539.190000,8758908032,40283,197,0
NODE,0.758893,999,71855.030000,7746902536,40305,148,0
NODE,0.758893,999,73254.940000,9034263011,40282,159,0
NODE,0.758893,999,75145.600000,8055885353,40260,162,0
NODE,0.758893,999,73432.560000,8549639289,40284,76,0
NODE,0.758893,999,74129.920000,8271851317,40279,132,0
NODE,0.758893,999,74293.740000,8759600313,40275,39,0
NODE,0.758893,999,74235.830000,8756920921,40285,125,0
NODE,0.758893,999,74080.420000,8600809686,40291,1,0
NODE,0.758893,999,75929.060000,8288368130,40264,238,0
NODE,0.758893,999,78731.740000,9311919693,40244,13,0
NODE,0.758893,999,74982.650000,8512199861,40287,199,0
NODE,0.758893,999,71988.430000,8532109000,40336,100,0
NODE,0.758893,999,73732.100000,8330939760,40311,233,0
NODE,0.758893,999,79487.850000,9409379594,40243,65,0
NODE,0.758893,999,74677.270000,8241281092,40298,181,0
NODE,0.758893,999,75303.710000,8655326788,40286,10,0
NODE,0.758893,999,72310.860000,8361825280,40340,223,0
NODE,0.758893,999,74192.490000,8378599053,40308,21,0
NODE,0.758893,999,80152.770000,9592917601,40241,89,0
NODE,0.758893,999,78107.280000,8797438254,40255,154,0
NODE,0.758893,999,77020.580000,8184315201,40265,144,0
NODE,0.758893,999,78510.630000,9665554388,40253,202,0
NODE,0.758893,999,77868.230000,8462117154,40262,235,0
NODE,0.758893,999,79284.460000,9827938712,40246,217,0
NODE,0.758893,999,72534.590000,7869463501,40347,26,0
NODE,0.758893,999,76534.960000,8370917958,40277,189,0
NODE,0.758893,999,76419.530000,8739332311,40280,118,0
NODE,0.758893,999,78379.580000,9124205326,40257,153,0
NODE,0.758893,999,75563.570000,8906141149,40306,134,0
NODE,0.758893,999,73905.560000,8685239856,40332,196,0
NODE,0.758893,999,73409.670000,8370732525,40341,141,0
NODE,0.758893,999,75636.540000,8547707471,40307,190,0
NODE,0.758893,999,76185.130000,8271486625,40300,207,0
NODE,0.758893,999,76966.230000,8793314242,40281,78,0
NODE,0.758893,999,79211.950000,9312181439,40256,170,0
NODE,0.758893,999,74924.290000,8340569373,40323,42,0
NODE,0.758893,999,76800.310000,9028918354,40288,58,0
NODE,0.758893,999,75410.940000,8044377955,40322,230,0
NODE,0.758893,999,74987.300000,8373583267,40315,24,0
NODE,0.758893,999,75553.180000,8326588309,40321,113,0
NODE,0.758893,999,78466.870000,9347554220,40269,32,0
NODE,0.758893,999,79456.060000,9737942978,40250,117,0
NODE,0.758893,999,75767.580000,9196178699,40326,164,0
NODE,0.758893,999,78482.080000,8286017896,40273,143,0
NODE,0.758893,999,78348.520000,9335881189,40278,188,0
NODE,0.758893,999,79954.960000,9100742144,40259,83,0
NODE,0.758893,999,76487.640000,9034884857,40319,86,0
NODE,0.758893,999,77531.850000,8596352826,40303,193,0
NODE,0.758893,999,78159.720000,8367763971,40293,204,0
NODE,0.758893,999,79434.090000,8824708328,40272,147,0
NODE,0.758893,999,78237.030000,8289515433,40295,156,0
NODE,0.758893,999,77356.570000,8607440479,40314,30,0
NODE,0.758893,999,76904.130000,9069511437,40327,161,0
NODE,0.758893,999,74583.010000,8344678386,40374,88,0
NODE,0.758893,999,77444.830000,9033935618,40324,98,0
NODE,0.758893,999,74389.040000,8518944214,40383,27,0
NODE,0.758893,999,71983.960000,7956614688,40416,135,0
NODE,0.758893,999,77940.880000,8888988577,40318,44,0
NODE,0.758893,999,76356.280000,8856420334,40338,219,0
NODE,0.758893,999,77795.900000,8368615402,40313,12,0
NODE,0.758893,999,82109.250000,10351328137,40252,175,0
NODE,0.758893,999,77888.170000,8918845492,40317,46,0
NODE,0.758893,999,74783.160000,8507909785,40385,92,0
NODE,0.758893,999,76498.280000,9199492268,40344,97,0
NODE,0.758893,999,75145.260000,7957875509,40376,57,0
NODE,0.758893,999,81434.060000,8506698823,40266,126,0
NODE,0.758893,999,77328.460000,9549386052,40334,152,0
NODE,0.758893,999,77754.090000,9107511938,40331,87,0
NODE,0.758893,999,81464.550000,9282728705,40271,48,0
NODE,0.758893,999,77295.310000,9265247969,40342,237,0
NODE,0.758893,999,81806.510000,9172468387,40270,215,0
NODE,0.758893,999,77678.080000,9085623647,40337,171,0
NODE,0.758893,999,79252.500000,9263322182,40320,187,0
NODE,0.758893,999,83788.200000,9739057122,40254,36,0
NODE,0.758893,999,81059.540000,8813813229,40296,169,0
NODE,0.758893,999,76094.550000,8796303321,40391,192,0
NODE,0.758893,999,81131.410000,9560337920,40297,4,0
NODE,0.758893,999,71738.900000,8271592498,40451,90,0
NODE,0.758893,999,79971.400000,9639585830,40325,69,0
NODE,0.758893,999,78107.670000,9070272705,40349,212,0
NODE,0.758893,999,81721.800000,9590462680,40289,174,0
NODE,0.758893,999,79079.420000,9511415989,40333,173,0
NODE,0.758893,999,79874.980000,8867778257,40328,61,0
NODE,0.758893,999,77415.900000,8405407529,40375,123,0
NODE,0.758893,999,76762.710000,8605042962,40382,106,0
NODE,0.758893,999,77375.740000,8777428854,40384,234,0
NODE,0.758893,999,72684.810000,7755308441,40448,180,0
NODE,0.758893,999,81176.400000,9301164840,40316,33,0
NODE,0.758893,999,82209.410000,9731582025,40299,70,0
NODE,0.758893,999,77653.390000,8873448597,40378,28,0
NODE,0.758893,999,84001.890000,8507379030,40267,205,0
NODE,0.758893,999,75291.980000,8452252280,40420,142,0
NODE,0.758893,999,83610.670000,9711806174,40268,17,0
NODE,0.758893,999,82468.310000,9152078477,40294,115,0
NODE,0.758893,999,79951.140000,9229926440,40346,71,0
NODE,0.758893,999,78534.710000,9158208316,40381,209,0
NODE,0.758893,999,73197.760000,8932026233,40458,227,0
NODE,0.758893,999,75090.750000,7979342386,40435,158,0
NODE,0.758893,999,83291.670000,9476856625,40301,146,0
NODE,0.758893,999,80691.160000,9675663037,40343,185,0
NODE,0.758893,999,80078.860000,9049359316,40363,47,0
NODE,0.758893,999,82958.030000,9442748573,40310,99,0
NODE,0.758893,999,80211.470000,9044196761,40352,80,0
NODE,0.758893,999,78670.100000,9207075993,40399,102,0
NODE,0.758893,999,81621.640000,9988118746,40335,121,0
NODE,0.758893,999,80577.730000,9065346742,40356,200,0
NODE,0.758893,999,80262.360000,8562702381,40362,15,0
NODE,0.758893,999,78961.970000,8811625946,40398,96,0
NODE,0.758893,999,82526.950000,10088268139,40329,22,0
NODE,0.758893,999,80598.960000,9893945766,40360,35,0
NODE,0.758893,999,74475.640000,8622138056,40457,53,0
NODE,0.758893,999,74993.420000,8289175724,40449,3,0
NODE,0.758893,999,77497.520000,8940756306,40415,104,0
NODE,0.758893,999,84156.450000,8724968574,40304,50,0
NODE,0.758893,999,81378.670000,9200560954,40351,2,0
NODE,0.758893,999,77568.760000,8656467721,40421,38,0
NODE,0.758893,999,81307.150000,9291825094,40367,133,0
NODE,0.758893,999,84359.270000,9352375149,40309,127,0
NODE,0.758893,999,73883.780000,7755283617,40466,56,0
NODE,0.758893,999,76979.980000,7961210698,40433,11,0
NODE,0.758893,999,80385.440000,9225495857,40395,145,0
NODE,0.758893,999,81529.850000,9354914758,40371,18,0
NODE,0.758893,999,81798.610000,9120598197,40364,75,0
NODE,0.758893,999,79736.480000,9381594917,40403,103,0
NODE,0.758893,999,84040.200000,10312297415,40330,73,0
NODE,0.758893,999,82173.530000,9081177092,40358,43,0
NODE,0.758893,999,81671.520000,9112187770,40380,77,0
NODE,0.758893,999,82070.080000,9646262643,40373,179,0
NODE,0.758893,999,82200.470000,9037580450,40369,37,0
NODE,0.758893,999,81820.030000,9656678205,40379,51,0
NODE,0.758893,999,79371.590000,8868094262,40411,72,0
NODE,0.758893,999,79327.830000,8937461453,40414,124,0
NODE,0.758893,999,77662.660000,8953639385,40442,167,0
NODE,0.758893,999,78503.600000,8498257116,40431,6,0
NODE,0.758893,999,80588.390000,8977866282,40401,239,0
NODE,0.758893,999,86158.490000,9539371702,40302,150,0
NODE,0.758893,999,79568.300000,9825715015,40418,49,0
NODE,0.758893,999,81516.560000,9326422203,40394,119,0
NODE,0.758893,999,80071.910000,9167154207,40417,236,0
NODE,0.758893,999,79482.390000,8542958746,40430,34,0
NODE,0.758893,999,77154.570000,9020057078,40459,160,0
NODE,0.758893,999,84203.540000,10073052360,40353,221,0
NODE,0.758893,999,82375.090000,9864658967,40397,172,0
NODE,0.758893,999,84806.270000,9637926110,40345,93,0
NODE,0.758893,999,82961.220000,9439748903,40388,40,0
NODE,0.758893,999,78291.670000,9483399717,40454,183,0
NODE,0.758893,999,81575.940000,8881720499,40407,211,0
NODE,0.758893,999,78568.940000,8370950238,40450,232,0
NODE,0.758893,999,84259.860000,9541115374,40366,109,0
NODE,0.758893,999,83492.740000,9343208359,40386,128,0
NODE,0.758893,999,79807.170000,9677527470,40437,226,0
NODE,0.758893,999,83610.910000,10750140480,40387,114,0
NODE,0.758893,999,78756.770000,9119698944,40456,195,0
NODE,0.758893,999,82148.540000,8757703838,40406,177,0
NODE,0.758893,999,79000.310000,9398773922,40452,163,0
NODE,0.758893,999,83409.030000,9344312939,40400,67,0
NODE,0.758893,999,85345.810000,9513282885,40355,213,0
NODE,0.758893,999,81453.770000,9662715695,40427,222,0
NODE,0.758893,999,81483.350000,9148551898,40426,29,0
NODE,0.758893,999,77976.590000,8950325230,40461,81,0
NODE,0.758893,999,84432.580000,9807920355,40390,206,0
NODE,0.758893,999,82341.290000,9738172789,40413,8,0
NODE,0.758893,999,81765.330000,9223667300,40432,85,0
NODE,0.758893,999,85780.540000,9754547863,40372,110,0
NODE,0.758893,999,84563.040000,10146097646,40396,203,0
NODE,0.758893,999,78427.320000,8672488222,40467,63,0
NODE,0.758893,999,78691.710000,9382131598,40464,168,0
NODE,0.758893,999,86658.980000,10334829284,40357,231,0
NODE,0.758893,999,89144.550000,10936258909,40312,216,0
NODE,0.758893,999,85213.340000,9864455035,40392,112,0
NODE,0.758893,999,86986.740000,11014813166,40350,5,0
NODE,0.758893,999,85232.940000,9438087639,40393,122,0
NODE,0.758893,999,83477.900000,9144647628,40422,74,0
NODE,0.758893,999,81695.500000,9420426593,40446,198,0
NODE,0.758893,999,86660.260000,9608027063,40377,20,0
NODE,0.758893,999,83382.750000,9674924431,40428,151,0
NODE,0.758893,999,87645.540000,10388593722,40348,7,0
NODE,0.758893,999,83802.810000,10067077494,40419,108,0
NODE,0.758893,999,87073.960000,10328216452,40368,140,0
NODE,0.758893,999,80352.830000,8916713941,40462,165,0
NODE,0.758893,999,84553.430000,9873475907,40409,220,0
NODE,0.758893,999,83934.920000,9875471398,40424,191,0
NODE,0.758893,999,81630.710000,9307965999,40455,138,0
NODE,0.758893,999,82045.920000,8831577894,40447,60,0
NODE,0.758893,999,83840.770000,9560400946,40429,23,0
NODE,0.758893,999,82760.910000,9452694312,40441,94,0
NODE,0.758893,999,84620.690000,9551378545,40412,208,0
NODE,0.758893,999,82740.560000,9898409087,40439,59,0
NODE,0.758893,999,84418.840000,10731114861,40425,101,0
NODE,0.758893,999,86977.590000,11085388386,40389,184,0
NODE,0.758893,999,83105.360000,10579616613,40445,182,0
NODE,0.758893,999,82388.810000,10055559499,40453,129,0
NODE,0.758893,999,86638.480000,10706558165,40405,178,0
NODE,0.758893,999,82621.240000,9782507622,40460,194,0
NODE,0.758893,999,85170.240000,8705025722,40434,155,0
NODE,0.758893,999,86664.050000,9789158184,40408,19,0
NODE,0.758893,999,89391.610000,10748995924,40361,16,0
NODE,0.758893,999,89684.960000,10677828152,40359,214,0
NODE,0.758893,999,89228.990000,10507086846,40365,54,0
NODE,0.758893,999,83269.320000,9471321935,40463,139,0
NODE,0.758893,999,85586.380000,10366891317,40440,166,0
NODE,0.758893,999,90674.790000,10702938157,40370,66,0
NODE,0.758893,999,87878.280000,10671252905,40410,91,0
NODE,0.758893,999,81388.270000,8668467265,40473,120,0
NODE,0.758893,999,86307.710000,9872149880,40444,9,0
NODE,0.758893,999,91749.140000,10573793474,40354,84,0
NODE,0.758893,999,87364.230000,9646733025,40436,79,0
NODE,0.758893,999,88693.330000,9680562482,40423,210,0
NODE,0.758893,999,88295.530000,10135192591,40438,149,0
NODE,0.758893,999,85967.200000,9499946157,40468,62,0
NODE,0.758893,999,93329.930000,11547969651,40402,130,0
NODE,0.758893,999,90640.640000,10783641489,40443,55,0
NODE,0.758893,999,85645.110000,9548458250,40474,186,0
NODE,0.758893,999,86239.610000,10112467946,40472,218,0
NODE,0.758893,999,93210.580000,11593871440,40404,45,0
NODE,0.758893,999,88122.390000,9941436624,40469,68,0
NODE,0.758893,999,86087.580000,9268224458,40475,41,0
NODE,0.758893,999,89589.480000,10123824730,40470,228,0
NODE,0.758893,999,91422.170000,10309971000,40465,82,0
NODE,0.758893,999,88645.560000,9643650781,40477,107,0
NODE,0.758893,999,90337.600000,9795949890,40476,136,0
NODE,0.758893,999,95343.120000,10655252688,40471,224,0
NODE,0.758893,999,63964.260000,6820570386,40534,113,0
NODE,0.758893,999,67903.210000,7819408762,40537,164,0
NODE,0.758893,999,74267.370000,8206334509,40488,201,0
NODE,0.758893,999,67810.350000,7366751429,40539,188,0
NODE,0.758893,999,67735.550000,7465130157,40550,27,0
NODE,0.758893,999,69501.010000,7923725837,40538,143,0
NODE,0.758893,999,72412.420000,8014254406,40520,189,0
NODE,0.758893,999,76239.250000,8752452411,40494,197,0
NODE,0.758893,999,72167.410000,7397296971,40525,141,0
NODE,0.758893,999,71167.140000,7921619699,40540,83,0
NODE,0.758893,999,73399.510000,7773036384,40522,153,0
NODE,0.758893,999,83399.750000,9478738495,40478,105,0
NODE,0.758893,999,71948.020000,7343259824,40542,193,0
NODE,0.758893,999,72515.650000,7786714433,40530,42,0
NODE,0.758893,999,68787.870000,6583267225,40576,173,0
NODE,0.758893,999,77591.480000,8109788788,40496,159,0
NODE,0.758893,999,72058.300000,7292752390,40546,30,0
NODE,0.758893,999,77090.080000,8832722836,40502,1,0
NODE,0.758893,999,79423.480000,8734776474,40489,14,0
NODE,0.758893,999,72364.550000,7790408050,40552,44,0
NODE,0.758893,999,74834.510000,8143533206,40532,230,0
NODE,0.758893,999,72544.000000,7571204791,40551,135,0
NODE,0.758893,999,74892.580000,8672221324,40533,24,0
NODE,0.758893,999,73475.510000,7959547071,40545,156,0
NODE,0.758893,999,76509.540000,8010140330,40521,118,0
NODE,0.758893,999,74059.210000,7653912469,40544,147,0
NODE,0.758893,999,74726.100000,8329479789,40541,86,0
NODE,0.758893,999,71383.120000,8099912464,40572,90,0
NODE,0.758893,999,75723.880000,8403154848,40528,78,0
NODE,0.758893,999,68095.970000,7306064833,40609,2,0
NODE,0.758893,999,75244.540000,9008491757,40536,117,0
NODE,0.758893,999,77397.580000,8067720436,40526,190,0
NODE,0.758893,999,77052.410000,8003496286,40531,58,0
NODE,0.758893,999,73918.490000,7798024164,40562,87,0
NODE,0.758893,999,76764.590000,9087425415,40535,32,0
NODE,0.758893,999,75840.300000,7322261777,40543,204,0
NODE,0.758893,999,77808.880000,8402872557,40527,207,0
NODE,0.758893,999,85283.420000,9964931074,40484,64,0
NODE,0.758893,999,77737.760000,8254460432,40529,170,0
NODE,0.758893,999,85621.800000,9871497100,40483,176,0
NODE,0.758893,999,71151.960000,7387128183,40584,28,0
NODE,0.758893,999,82056.080000,8657685531,40495,148,0
NODE,0.758893,999,86372.320000,9488532785,40481,229,0
NODE,0.758893,999,74556.070000,8007475020,40563,48,0
NODE,0.758893,999,64954.140000,6464934444,40662,231,0
NODE,0.758893,999,65008.290000,7234329900,40666,122,0
NODE,0.758893,999,71263.880000,7440300478,40599,121,0
NODE,0.758893,999,82190.330000,9832026423,40500,39,0
NODE,0.758893,999,73579.880000,8233297735,40581,180,0
NODE,0.758893,999,71934.150000,7523385360,40600,200,0
NODE,0.758893,999,88458.920000,10050830712,40480,31,0
NODE,0.758893,999,84634.910000,9628071616,40491,137,0
NODE,0.758893,999,65119.650000,7176528638,40671,7,0
NODE,0.758893,999,84403.450000,9408654361,40493,225,0
NODE,0.758893,999,71815.180000,7611328395,40601,15,0
NODE,0.758893,999,77580.970000,8088286620,40548,88,0
NODE,0.758893,999,82805.750000,9266600443,40501,125,0
NODE,0.758893,999,66733.920000,7742934634,40660,63,0
NODE,0.758893,999,68463.150000,7475533519,40646,114,0
NODE,0.758893,999,75797.280000,8147056805,40571,4,0
NODE,0.758893,999,80925.890000,9034022191,40524,196,0
NODE,0.758893,999,82444.080000,9257094284,40508,65,0
NODE,0.758893,999,76843.090000,8840908748,40566,171,0
NODE,0.758893,999,83266.870000,9287105560,40503,238,0
NODE,0.758893,999,77862.090000,8473137031,40557,92,0
NODE,0.758893,999,75117.280000,7548999835,40583,70,0
NODE,0.758893,999,73310.780000,8376643031,40598,102,0
NODE,0.758893,999,82671.660000,8995446846,40509,181,0
NODE,0.758893,999,88487.930000,11237382162,40485,131,0
NODE,0.758893,999,66875.270000,7632696677,40670,151,0
NODE,0.758893,999,79436.400000,8006854566,40547,161,0
NODE,0.758893,999,73187.660000,7821747380,40610,38,0
NODE,0.758893,999,74961.470000,8193867920,40591,227,0
NODE,0.758893,999,77224.330000,8053711503,40568,36,0
NODE,0.758893,999,83555.960000,8741053664,40507,233,0
NODE,0.758893,999,90027.220000,10328271174,40482,116,0
NODE,0.758893,999,68167.080000,7159242443,40664,112,0
NODE,0.758893,999,85636.060000,9616344324,40498,76,0
NODE,0.758893,999,77059.640000,7759495352,40578,123,0
NODE,0.758893,999,77211.130000,8616873870,40575,174,0
NODE,0.758893,999,79653.980000,8552334020,40553,219,0
NODE,0.758893,999,72429.110000,7806661270,40627,167,0
NODE,0.758893,999,68529.440000,7613964251,40663,216,0
NODE,0.758893,999,87090.130000,10497341015,40492,52,0
NODE,0.758893,999,77685.780000,8395500242,40574,212,0
NODE,0.758893,999,71882.170000,7724457945,40634,34,0
NODE,0.758893,999,79739.300000,8719014655,40556,46,0
NODE,0.758893,999,86242.140000,9547800360,40497,162,0
NODE,0.758893,999,73517.030000,7812021172,40614,11,0
NODE,0.758893,999,84521.800000,9476532169,40506,100,0
NODE,0.758893,999,88470.310000,11062830269,40487,25,0
NODE,0.758893,999,73007.030000,7759202799,40626,124,0
NODE,0.758893,999,69947.250000,7512725424,40656,8,0
NODE,0.758893,999,79319.980000,8469166297,40564,237,0
NODE,0.758893,999,78184.410000,8713984320,40573,69,0
NODE,0.758893,999,66145.250000,6959168726,40692,214,0
NODE,0.758893,999,80781.010000,8322574881,40549,98,0
NODE,0.758893,999,80270.840000,8511741752,40554,12,0
NODE,0.758893,999,78073.510000,8001745072,40577,61,0
NODE,0.758893,999,79242.200000,8425062385,40567,187,0
NODE,0.758893,999,88433.710000,9972725358,40490,157,0
NODE,0.758893,999,80820.460000,9488434837,40555,175,0
NODE,0.758893,999,75483.570000,8191650032,40608,50,0
NODE,0.758893,999,69330.910000,7536121481,40668,198,0
NODE,0.758893,999,80790.800000,9124885039,40558,97,0
NODE,0.758893,999,79309.230000,8693016652,40570,192,0
NODE,0.758893,999,76330.990000,8223232876,40604,35,0
NODE,0.758893,999,85195.210000,9311974831,40519,26,0
NODE,0.758893,999,85548.860000,9552780704,40510,10,0
NODE,0.758893,999,79776.980000,8487296146,40569,169,0
NODE,0.758893,999,86321.700000,9358350538,40504,13,0
NODE,0.758893,999,76843.070000,8350701760,40597,80,0
NODE,0.758893,999,85827.990000,9052219621,40511,223,0
NODE,0.758893,999,72994.700000,7768800924,40641,211,0
NODE,0.758893,999,71055.930000,7462433616,40661,168,0
NODE,0.758893,999,86537.650000,9441828714,40505,199,0
NODE,0.758893,999,85022.780000,9251196043,40523,134,0
NODE,0.758893,999,77755.460000,8169094272,40593,146,0
NODE,0.758893,999,74839.230000,8429516432,40630,150,0
NODE,0.758893,999,73287.420000,7750969169,40644,128,0
NODE,0.758893,999,77299.020000,8234194200,40602,96,0
NODE,0.758893,999,81455.510000,9112799430,40565,215,0
NODE,0.758893,999,77469.210000,8316379676,40603,22,0
NODE,0.758893,999,70807.750000,8028552131,40672,108,0
NODE,0.758893,999,72530.750000,8723741483,40655,206,0
NODE,0.758893,999,76476.540000,8509668883,40616,18,0
NODE,0.758893,999,74530.610000,8215910456,40635,160,0
NODE,0.758893,999,71852.310000,7994853178,40665,5,0
NODE,0.758893,999,87032.680000,9767200934,40513,89,0
NODE,0.758893,999,79738.050000,9143499729,40588,115,0
NODE,0.758893,999,78869.200000,7660444925,40592,158,0
NODE,0.758893,999,92619.740000,11360078442,40486,95,0
NODE,0.758893,999,78217.310000,8628483121,40607,104,0
NODE,0.758893,999,73942.990000,7998522883,40651,213,0
NODE,0.758893,999,87205.810000,9888524065,40518,217,0
NODE,0.758893,999,80524.050000,8800762629,40582,33,0
NODE,0.758893,999,95380.720000,10187234996,40479,111,0
NODE,0.758893,999,78960.980000,8333619597,40595,47,0
NODE,0.758893,999,70841.280000,8237378937,40686,129,0
NODE,0.758893,999,77136.690000,8427613681,40618,103,0
NODE,0.758893,999,76751.590000,8837875916,40629,239,0
NODE,0.758893,999,78810.590000,7940708937,40605,53,0
NODE,0.758893,999,89726.700000,10052964717,40499,132,0
NODE,0.758893,999,77136.650000,8630548113,40624,51,0
NODE,0.758893,999,75024.630000,8483638804,40645,226,0
NODE,0.758893,999,76280.710000,8018458290,40633,236,0
NODE,0.758893,999,80773.410000,8787114219,40579,106,0
NODE,0.758893,999,78086.140000,8414814267,40615,145,0
NODE,0.758893,999,79709.830000,8847500886,40596,99,0
NODE,0.758893,999,75774.560000,7972845138,40640,183,0
NODE,0.758893,999,77181.180000,8526585528,40631,49,0
NODE,0.758893,999,79702.910000,7669810677,40606,3,0
NODE,0.758893,999,75608.020000,8529057996,40649,163,0
NODE,0.758893,999,72898.080000,8429443624,40677,138,0
NODE,0.758893,999,73704.070000,8303019614,40667,74,0
NODE,0.758893,999,82144.000000,9081458054,40585,205,0
NODE,0.758893,999,89443.230000,9570401219,40514,154,0
NODE,0.758893,999,76195.770000,8744676644,40648,177,0
NODE,0.758893,999,73842.230000,7696399629,40669,20,0
NODE,0.758893,999,75986.930000,8462767257,40650,67,0
NODE,0.758893,999,85118.670000,9746042571,40560,126,0
NODE,0.758893,999,73758.780000,8680762076,40675,220,0
NODE,0.758893,999,73951.980000,7990076734,40673,140,0
NODE,0.758893,999,82931.900000,8632044936,40580,234,0
NODE,0.758893,999,78937.070000,8404000650,40622,179,0
NODE,0.758893,999,79796.340000,8997984733,40612,127,0
NODE,0.758893,999,82671.920000,9057416574,40587,17,0
NODE,0.758893,999,78750.570000,8378653315,40628,6,0
NODE,0.758893,999,85943.410000,9220496503,40559,57,0
NODE,0.758893,999,79066.170000,9117027138,40632,119,0
NODE,0.758893,999,72363.500000,8248804535,40691,16,0
NODE,0.758893,999,82941.840000,9263755853,40589,71,0
NODE,0.758893,999,71802.400000,8097462444,40694,139,0
NODE,0.758893,999,76400.260000,8338545073,40657,85,0
NODE,0.758893,999,71490.650000,8824102604,40697,91,0
NODE,0.758893,999,80233.100000,8743152718,40621,77,0
NODE,0.758893,999,80654.140000,8932631348,40617,75,0
NODE,0.758893,999,78815.360000,9002203562,40636,221,0
NODE,0.758893,999,77442.540000,8874259520,40652,222,0
NODE,0.758893,999,75434.020000,8029437848,40674,165,0
NODE,0.758893,999,71903.310000,8685602991,40696,66,0
NODE,0.758893,999,77643.210000,9009727261,40653,29,0
NODE,0.758893,999,91102.570000,10449138184,40517,235,0
NODE,0.758893,999,80678.540000,9888818263,40623,37,0
NODE,0.758893,999,70008.990000,7684884637,40703,149,0
NODE,0.758893,999,78817.310000,8721762812,40642,232,0
NODE,0.758893,999,77635.780000,8140673197,40654,81,0
NODE,0.758893,999,75938.200000,8865931671,40680,94,0
NODE,0.758893,999,67763.040000,6956811957,40709,45,0
NODE,0.758893,999,77555.880000,8309907162,40658,110,0
NODE,0.758893,999,87794.020000,9772117119,40561,152,0
NODE,0.758893,999,75061.870000,8940054048,40687,178,0
NODE,0.758893,999,80240.640000,8405490163,40639,40,0
NODE,0.758893,999,79827.220000,8467571974,40647,195,0
NODE,0.758893,999,85923.380000,9637428530,40586,142,0
NODE,0.758893,999,84733.190000,8571355423,40594,185,0
NODE,0.758893,999,93367.700000,10924361778,40512,21,0
NODE,0.758893,999,68052.280000,7191965202,40711,41,0
NODE,0.758893,999,82232.980000,9058286366,40625,72,0
NODE,0.758893,999,83420.410000,8784647891,40611,133,0
NODE,0.758893,999,76790.920000,9362420766,40683,101,0
NODE,0.758893,999,83562.340000,8848914738,40613,56,0
NODE,0.758893,999,69341.010000,6996008381,40708,218,0
NODE,0.758893,999,86538.070000,9623466561,40590,209,0
NODE,0.758893,999,83692.240000,9556461526,40619,73,0
NODE,0.758893,999,77086.950000,9862118835,40689,155,0
NODE,0.758893,999,82460.950000,9087813764,40638,93,0
NODE,0.758893,999,76818.970000,8725551651,40693,54,0
NODE,0.758893,999,79082.580000,8216179610,40676,191,0
NODE,0.758893,999,79038.060000,8334262109,40679,23,0
NODE,0.758893,999,77268.730000,9159344398,40690,19,0
NODE,0.758893,999,71372.340000,7693075547,40707,186,0
NODE,0.758893,999,79962.910000,8415255066,40678,60,0
NODE,0.758893,999,75653.660000,7930153815,40702,210,0
NODE,0.758893,999,96374.340000,10131547799,40516,202,0
NODE,0.758893,999,84116.230000,8901319403,40643,109,0
NODE,0.758893,999,84676.210000,9766221883,40637,172,0
NODE,0.758893,999,80960.900000,8712902957,40681,208,0
NODE,0.758893,999,82717.420000,8957231255,40659,203,0
NODE,0.758893,999,72755.490000,7363726222,40710,68,0
NODE,0.758893,999,77697.450000,8393457616,40701,79,0
NODE,0.758893,999,78530.930000,8787403190,40698,120,0
NODE,0.758893,999,74556.060000,7778914990,40705,130,0
NODE,0.758893,999,80540.810000,9507780633,40695,166,0
NODE,0.758893,999,82403.190000,9798791762,40688,194,0
NODE,0.758893,999,76439.070000,8361078538,40706,55,0
NODE,0.758893,999,84599.600000,9689530598,40684,184,0
NODE,0.758893,999,85040.730000,9635631388,40685,182,0
NODE,0.758893,999,82153.130000,9167435387,40700,84,0
NODE,0.758893,999,91850.110000,10636901441,40620,43,0
NODE,0.758893,999,75256.010000,8077905452,40713,82,0
NODE,0.758893,999,82549.080000,9245403759,40699,9,0
NODE,0.758893,999,76191.700000,8753497520,40712,228,0
NODE,0.758893,999,86740.990000,9246909700,40682,59,0
NODE,0.758893,999,81595.790000,9405573105,40704,62,0
NODE,0.758893,999,74642.710000,8093403026,40714,107,0
NODE,0.758893,999,75249.500000,7971429415,40715,136,0
NODE,0.758893,999,106648.040000,12819200757,40515,144,0
NODE,0.758893,999,80995.870000,8599696623,40716,224,0
NODE,0.758893,999,69104.000000,6610762643,40717,113,0
NODE,0.758893,999,70972.220000,7318409188,40718,164,0
NODE,0.758893,999,68556.660000,6936294770,40723,189,0
NODE,0.758893,999,72017.150000,7332984486,40719,201,0
NODE,0.758893,999,66686.300000,7036715199,40740,156,0
NODE,0.758893,999,67549.450000,7789797876,40739,24,0
NODE,0.758893,999,70770.570000,7220120390,40726,83,0
NODE,0.758893,999,73976.940000,7913463021,40721,27,0
NODE,0.758893,999,72374.490000,8210897844,40725,141,0
NODE,0.758893,999,72637.820000,7427160820,40724,197,0
NODE,0.758893,999,67156.660000,6969962352,40749,58,0
NODE,0.758893,999,67571.320000,7288875627,40752,204,0
NODE,0.758893,999,75138.750000,7819631113,40722,143,0
NODE,0.758893,999,67851.620000,7487480165,40753,207,0
NODE,0.758893,999,77161.680000,7845332826,40720,188,0
NODE,0.758893,999,60869.340000,6388036260,40837,96,0
NODE,0.758893,999,61113.770000,6296135795,40848,95,0
NODE,0.758893,999,70003.120000,7867084314,40750,87,0
NODE,0.758893,999,69747.030000,7562511672,40756,176,0
NODE,0.758893,999,70663.010000,7514651483,40755,170,0
NODE,0.758893,999,71039.200000,7814768714,40751,32,0
NODE,0.758893,999,73326.510000,8179717502,40741,118,0
NODE,0.758893,999,64705.880000,7090367438,40828,80,0
NODE,0.758893,999,69647.500000,7480009182,40770,225,0
NODE,0.758893,999,70612.820000,7709452487,40762,122,0
NODE,0.758893,999,67135.240000,6889726952,40800,52,0
NODE,0.758893,999,66847.610000,6895024823,40804,162,0
NODE,0.758893,999,76524.710000,8193220808,40728,105,0
NODE,0.758893,999,69118.910000,7390218003,40776,4,0
NODE,0.758893,999,77026.060000,9086503874,40727,153,0
NODE,0.758893,999,75232.990000,8316574516,40735,14,0
NODE,0.758893,999,67411.740000,7413694013,40801,212,0
NODE,0.758893,999,67472.510000,7934361568,40802,34,0
NODE,0.758893,999,65563.510000,6967489203,40830,211,0
NODE,0.758893,999,66074.520000,7107600495,40822,192,0
NODE,0.758893,999,65415.090000,7364192915,40838,215,0
NODE,0.758893,999,65159.260000,6958960832,40845,89,0
NODE,0.758893,999,74131.690000,8351250723,40747,117,0
NODE,0.758893,999,66975.770000,7597470795,40829,223,0
NODE,0.758893,999,77076.870000,8678843500,40734,1,0
NODE,0.758893,999,72881.360000,8478423933,40761,231,0
NODE,0.758893,999,77665.550000,8095456913,40730,42,0
NODE,0.758893,999,73001.400000,7817363681,40763,121,0
NODE,0.758893,999,78318.300000,8969313270,40732,159,0
NODE,0.758893,999,65958.300000,6998157609,40849,104,0
NODE,0.758893,999,77260.080000,8120567133,40738,135,0
NODE,0.758893,999,68068.850000,7422863679,40824,26,0
NODE,0.758893,999,76334.020000,8234859135,40746,2,0
NODE,0.758893,999,68347.560000,7811748585,40826,169,0
NODE,0.758893,999,73058.870000,7448822987,40772,88,0
NODE,0.758893,999,75154.190000,8421317305,40758,148,0
NODE,0.758893,999,74464.080000,7495005977,40757,28,0
NODE,0.758893,999,78979.670000,8933726491,40733,30,0
NODE,0.758893,999,76601.740000,8107098953,40745,78,0
NODE,0.758893,999,73670.390000,8104790085,40766,200,0
NODE,0.758893,999,73691.400000,7599225422,40767,31,0
NODE,0.758893,999,66506.810000,7248894752,40859,132,0
NODE,0.758893,999,72543.120000,7694670907,40781,92,0
NODE,0.758893,999,71142.680000,7618478860,40799,216,0
NODE,0.758893,999,69275.990000,7855656383,40823,35,0
NODE,0.758893,999,77800.130000,9066527262,40743,86,0
NODE,0.758893,999,69164.520000,7530476518,40831,168,0
NODE,0.758893,999,76570.240000,8655308733,40748,190,0
NODE,0.758893,999,73901.870000,7871985397,40773,125,0
NODE,0.758893,999,69545.140000,8039423464,40825,10,0
NODE,0.758893,999,76379.560000,8583016759,40754,64,0
NODE,0.758893,999,80752.100000,8927473923,40729,193,0
NODE,0.758893,999,69657.150000,7009909944,40827,13,0
NODE,0.758893,999,69350.550000,7984529393,40835,150,0
NODE,0.758893,999,79240.120000,9374078212,40736,44,0
NODE,0.758893,999,71248.210000,6865681152,40809,8,0
NODE,0.758893,999,71549.570000,7757940687,40807,25,0
NODE,0.758893,999,68725.650000,7792103080,40843,160,0
NODE,0.758893,999,69688.690000,7642577228,40834,146,0
NODE,0.758893,999,76585.930000,9081191515,40759,229,0
NODE,0.758893,999,68843.520000,7108853180,40847,158,0
NODE,0.758893,999,68282.970000,7462033359,40855,129,0
NODE,0.758893,999,71391.780000,7523956772,40814,12,0
NODE,0.758893,999,73739.910000,7619250462,40783,102,0
NODE,0.758893,999,65077.670000,7011597795,40894,221,0
NODE,0.758893,999,69414.720000,7570948032,40844,5,0
NODE,0.758893,999,70600.010000,7610575551,40833,134,0
NODE,0.758893,999,74205.010000,7456560286,40775,114,0
NODE,0.758893,999,69705.140000,7393322563,40842,18,0
NODE,0.758893,999,77157.630000,8435988542,40760,48,0
NODE,0.758893,999,67795.380000,7872210469,40871,74,0
NODE,0.758893,999,82147.230000,9435704321,40731,173,0
NODE,0.758893,999,73708.570000,7906018106,40797,219,0
NODE,0.758893,999,73222.080000,7430513602,40812,214,0
NODE,0.758893,999,73668.700000,8100241172,40803,46,0
NODE,0.758893,999,74423.680000,7951730248,40793,112,0
NODE,0.758893,999,69335.950000,7693305413,40866,183,0
NODE,0.758893,999,80488.030000,8722825998,40744,90,0
NODE,0.758893,999,68864.360000,7616682497,40872,205,0
NODE,0.758893,999,76348.320000,8144409155,40777,196,0
NODE,0.758893,999,75836.010000,8000702109,40785,131,0
NODE,0.758893,999,71223.340000,7774089062,40846,115,0
NODE,0.758893,999,72434.820000,8002298044,40832,199,0
NODE,0.758893,999,73926.540000,7859039474,40816,187,0
NODE,0.758893,999,77293.830000,7775638639,40771,15,0
NODE,0.758893,999,77609.180000,8439571420,40768,137,0
NODE,0.758893,999,75466.880000,8026751201,40792,116,0
NODE,0.758893,999,76365.790000,7638415720,40784,181,0
NODE,0.758893,999,78204.980000,8775212725,40764,39,0
NODE,0.758893,999,68256.710000,7592417066,40885,57,0
NODE,0.758893,999,75716.770000,7882716203,40790,36,0
NODE,0.758893,999,66031.370000,7221131420,40908,178,0
NODE,0.758893,999,70511.480000,7715457932,40864,145,0
NODE,0.758893,999,69905.410000,7654780132,40870,138,0
NODE,0.758893,999,70882.580000,7076937865,40861,226,0
NODE,0.758893,999,77086.120000,8340937558,40779,171,0
NODE,0.758893,999,73995.390000,8368888131,40821,97,0
NODE,0.758893,999,75138.720000,8154613983,40808,124,0
NODE,0.758893,999,74713.060000,7270907306,40817,157,0
NODE,0.758893,999,73098.830000,8119228192,40836,128,0
NODE,0.758893,999,77656.010000,8663443420,40778,65,0
NODE,0.758893,999,70203.540000,6934439574,40874,177,0
NODE,0.758893,999,71957.200000,7788517781,40856,103,0
NODE,0.758893,999,68597.160000,7405683482,40896,165,0
NODE,0.758893,999,75233.840000,8089061471,40818,175,0
NODE,0.758893,999,71465.350000,7998171916,40867,49,0
NODE,0.758893,999,79463.810000,8693208682,40765,180,0
NODE,0.758893,999,72561.680000,7674818267,40851,217,0
NODE,0.758893,999,76332.980000,9351558237,40806,100,0
NODE,0.758893,999,77781.130000,8938072040,40787,161,0
NODE,0.758893,999,83545.430000,9676607928,40742,147,0
NODE,0.758893,999,70914.170000,7704234340,40882,127,0
NODE,0.758893,999,70277.980000,7335647077,40889,139,0
NODE,0.758893,999,79070.930000,8445719819,40780,238,0
NODE,0.758893,999,69592.320000,7430540976,40903,81,0
NODE,0.758893,999,74594.260000,7707183734,40841,206,0
NODE,0.758893,999,72824.480000,7679596391,40863,106,0
NODE,0.758893,999,73688.480000,7891053841,40854,47,0
NODE,0.758893,999,77368.430000,8284320371,40805,11,0
NODE,0.758893,999,73412.580000,7650407895,40862,236,0
NODE,0.758893,999,79025.370000,8544652944,40786,151,0
NODE,0.758893,999,69607.610000,7504061255,40904,94,0
NODE,0.758893,999,80831.160000,8758359754,40769,7,0
NODE,0.758893,999,74300.330000,8520985370,40853,111,0
NODE,0.758893,999,72283.020000,8414788646,40878,220,0
NODE,0.758893,999,78613.750000,8269841444,40795,123,0
NODE,0.758893,999,71423.350000,7967804406,40886,119,0
NODE,0.758893,999,75395.560000,8087775430,40840,108,0
NODE,0.758893,999,77271.990000,8551683321,40819,50,0
NODE,0.758893,999,74243.970000,8511794122,40857,239,0
NODE,0.758893,999,70714.370000,7746175188,40898,29,0
NODE,0.758893,999,73750.260000,8147571915,40869,163,0
NODE,0.758893,999,74837.470000,8503828270,40858,53,0
NODE,0.758893,999,74807.570000,8985431777,40860,51,0
NODE,0.758893,999,73207.090000,7990782604,40879,140,0
NODE,0.758893,999,78014.130000,8125401912,40820,198,0
NODE,0.758893,999,78769.740000,8237605307,40810,237,0
NODE,0.758893,999,80637.740000,8630631974,40788,38,0
NODE,0.758893,999,76900.520000,8284639107,40839,22,0
NODE,0.758893,999,71250.450000,7835276417,40907,152,0
NODE,0.758893,999,81427.620000,8546237070,40782,70,0
NODE,0.758893,999,80290.040000,8746308591,40796,174,0
NODE,0.758893,999,80821.340000,8916385521,40791,233,0
NODE,0.758893,999,72892.460000,8268891351,40892,77,0
NODE,0.758893,999,74521.880000,9098250462,40873,154,0
NODE,0.758893,999,72825.850000,8618768645,40893,75,0
NODE,0.758893,999,81147.310000,8545590490,40789,227,0
NODE,0.758893,999,72654.890000,7715861884,40897,66,0
NODE,0.758893,999,76431.670000,8439451191,40852,33,0
NODE,0.758893,999,70910.640000,8503948477,40916,133,0
NODE,0.758893,999,79962.250000,8268612352,40815,61,0
NODE,0.758893,999,71385.620000,7454518358,40910,195,0
NODE,0.758893,999,74322.090000,7843508969,40883,17,0
NODE,0.758893,999,76257.470000,8162475300,40865,99,0
NODE,0.758893,999,73254.010000,7860189916,40900,37,0
NODE,0.758893,999,73730.350000,8019238007,40895,222,0
NODE,0.758893,999,72966.270000,7627141639,40906,110,0
NODE,0.758893,999,81672.720000,9257579497,40798,167,0
NODE,0.758893,999,83889.680000,8902023390,40774,63,0
NODE,0.758893,999,77727.790000,8793720969,40850,213,0
NODE,0.758893,999,74463.580000,8588331453,40890,85,0
NODE,0.758893,999,81070.310000,8219778606,40811,69,0
NODE,0.758893,999,75539.080000,8449453602,40881,179,0
NODE,0.758893,999,71190.660000,7374660813,40920,209,0
NODE,0.758893,999,74996.750000,8450552702,40888,71,0
NODE,0.758893,999,76828.770000,8188466219,40868,3,0
NODE,0.758893,999,76238.660000,8715180260,40876,67,0
NODE,0.758893,999,74334.750000,7960848556,40902,232,0
NODE,0.758893,999,70978.050000,7469244095,40924,54,0
NODE,0.758893,999,74798.580000,7607148267,40901,149,0
NODE,0.758893,999,90136.780000,9945927730,40737,230,0
NODE,0.758893,999,71361.480000,8123175344,40923,93,0
NODE,0.758893,999,76910.400000,8457445023,40875,20,0
NODE,0.758893,999,83298.490000,8350044199,40794,76,0
NODE,0.758893,999,74633.910000,8004796035,40905,45,0
NODE,0.758893,999,70342.340000,7406593666,40930,210,0
NODE,0.758893,999,75430.320000,8202151390,40899,235,0
NODE,0.758893,999,64582.280000,7022353386,40946,43,0
NODE,0.758893,999,76479.530000,8833664980,40887,16,0
NODE,0.758893,999,76962.820000,8626469683,40884,6,0
NODE,0.758893,999,76418.640000,7981035659,40891,91,0
NODE,0.758893,999,70459.280000,7325888130,40933,172,0
NODE,0.758893,999,74770.540000,7649863029,40911,142,0
NODE,0.758893,999,72762.200000,7946143845,40926,23,0
NODE,0.758893,999,78717.150000,9808695401,40877,126,0
NODE,0.758893,999,72400.070000,7438612430,40932,109,0
NODE,0.758893,999,74103.840000,7351621937,40928,186,0
NODE,0.758893,999,76887.820000,8501843243,40915,72,0
NODE,0.758893,999,72540.210000,7804121049,40936,68,0
NODE,0.758893,999,77527.800000,8219356899,40912,185,0
NODE,0.758893,999,73768.160000,7750187449,40934,208,0
NODE,0.758893,999,78332.700000,9088017006,40909,40,0
NODE,0.758893,999,73203.050000,7349208427,40938,120,0
NODE,0.758893,999,77357.960000,8667756406,40921,73,0
NODE,0.758893,999,71665.310000,6961474933,40941,194,0
NODE,0.758893,999,78969.680000,8106258304,40913,21,0
NODE,0.758893,999,77549.350000,7956593731,40927,19,0
NODE,0.758893,999,78577.880000,8515502236,40925,191,0
NODE,0.758893,999,73217.750000,7210527596,40942,55,0
NODE,0.758893,999,75710.530000,7988793151,40939,130,0
NODE,0.758893,999,84774.220000,9464842315,40880,234,0
NODE,0.758893,999,79839.410000,8574780789,40922,155,0
NODE,0.758893,999,81254.150000,8825245834,40919,218,0
NODE,0.758893,999,82200.930000,8783047377,40918,56,0
NODE,0.758893,999,72771.490000,7942389727,40949,228,0
NODE,0.758893,999,91923.250000,9011392493,40813,98,0
NODE,0.758893,999,73194.470000,7554843941,40947,82,0
NODE,0.758893,999,75068.170000,7881937395,40943,184,0
NODE,0.758893,999,74383.730000,7210351718,40945,84,0
NODE,0.758893,999,73281.820000,7177158415,40950,59,0
NODE,0.758893,999,80432.450000,8123404354,40931,202,0
NODE,0.758893,999,75803.680000,7580501116,40944,182,0
NODE,0.758893,999,79131.830000,8483315083,40937,79,0
NODE,0.758893,999,80632.750000,8489912680,40935,203,0
NODE,0.758893,999,85379.940000,9522387417,40914,41,0
NODE,0.758893,999,85411.050000,9663106745,40917,101,0
NODE,0.758893,999,76329.770000,7940459528,40948,9,0
NODE,0.758893,999,80603.860000,7923988940,40940,166,0
NODE,0.758893,999,73430.130000,7919517151,40954,144,0
NODE,0.758893,999,76179.990000,8129359106,40953,136,0
NODE,0.758893,999,78090.460000,8837449007,40952,107,0
NODE,0.758893,999,80051.750000,9268804739,40951,62,0
NODE,0.758893,999,88999.260000,9391854289,40929,60,0
NODE,0.758893,999,76319.100000,7935451986,40955,224,0
NODE,0.758893,999,71705.250000,7436796495,40956,113,0
NODE,0.758893,999,63573.730000,6689803732,40963,27,0
NODE,0.758893,999,66001.290000,7220343032,40965,197,0
NODE,0.758893,999,65830.270000,7232173804,40966,58,0
NODE,0.758893,999,72248.970000,7789526954,40958,189,0
NODE,0.758893,999,72955.460000,7668966873,40957,164,0
NODE,0.758893,999,67992.250000,7741625827,40967,204,0
NODE,0.758893,999,69419.570000,7617671525,40964,141,0
NODE,0.758893,999,68997.240000,7695919677,40968,143,0
NODE,0.758893,999,72226.880000,8263203335,40961,24,0
NODE,0.758893,999,71841.620000,7922335193,40962,83,0
NODE,0.758893,999,73275.050000,8840161119,40960,156,0
NODE,0.758893,999,66564.330000,7443449842,40990,192,0
NODE,0.758893,999,76250.650000,8586064927,40959,201,0
NODE,0.758893,999,71165.010000,8019276762,40971,96,0
NODE,0.758893,999,72581.500000,7601236493,40970,188,0
NODE,0.758893,999,64639.490000,7237375087,41027,25,0
NODE,0.758893,999,69787.250000,6965142213,40979,225,0
NODE,0.758893,999,69466.330000,7184152326,40987,212,0
NODE,0.758893,999,70410.460000,7684287235,40980,122,0
NODE,0.758893,999,63351.890000,6541468969,41047,183,0
NODE,0.758893,999,66048.590000,7250787349,41028,160,0
NODE,0.758893,999,75246.790000,7608644103,40969,207,0
NODE,0.758893,999,70126.260000,7910053764,40992,89,0
NODE,0.758893,999,71095.570000,7518017892,40988,34,0
NODE,0.758893,999,67925.770000,7372073132,41012,132,0
NODE,0.758893,999,68168.770000,7565636105,41015,35,0
NODE,0.758893,999,69475.400000,7759982269,41000,104,0
NODE,0.758893,999,64497.800000,7007540946,41063,145,0
NODE,0.758893,999,68592.370000,7822798129,41009,78,0
NODE,0.758893,999,72604.990000,8032689507,40983,105,0
NODE,0.758893,999,68121.940000,7206057442,41026,8,0
NODE,0.758893,999,69087.750000,8151087285,41020,10,0
NODE,0.758893,999,70115.640000,8092707922,41011,31,0
NODE,0.758893,999,70454.870000,8062166769,41010,200,0
NODE,0.758893,999,70594.950000,7982984042,41008,30,0
NODE,0.758893,999,70177.550000,7791084107,41016,86,0
NODE,0.758893,999,69581.110000,7564863757,41030,229,0
NODE,0.758893,999,73125.680000,8518364265,40993,117,0
NODE,0.758893,999,69025.610000,7754031534,41037,134,0
NODE,0.758893,999,74786.190000,8567239596,40982,162,0
NODE,0.758893,999,74564.460000,7870202365,40985,153,0
NODE,0.758893,999,74954.760000,7819051747,40981,52,0
NODE,0.758893,999,70720.100000,8185764346,41025,44,0
NODE,0.758893,999,67810.390000,8032911713,41057,116,0
NODE,0.758893,999,77833.480000,8579258717,40973,87,0
NODE,0.758893,999,68798.190000,8293655503,41046,112,0
NODE,0.758893,999,69642.560000,7571064318,41042,173,0
NODE,0.758893,999,78367.410000,9293240414,40972,95,0
NODE,0.758893,999,72139.060000,8038072226,41014,216,0
