NODE,0.758893,999,64300.800000,7269304020,12817,20,0
NODE,0.758893,999,64754.170000,7243967193,12816,99,0
NODE,0.758893,999,65269.050000,7453236597,12769,63,0
NODE,0.758893,999,66266.270000,7425823728,12851,93,0
NODE,0.758893,999,67543.010000,7646508979,12821,56,0
NODE,0.758893,999,67898.600000,7702399032,12824,110,0
NODE,0.758893,999,68324.500000,7843989548,12766,37,0
NODE,0.758893,999,68956.440000,8559880163,12771,28,0
NODE,0.758893,999,69133.600000,7885401536,12819,29,0
NODE,0.758893,999,69327.050000,8018584590,12854,16,0
NODE,0.758893,999,69570.160000,8394404865,12812,52,0
NODE,0.758893,999,70040.120000,7366114994,12792,102,0
NODE,0.758893,999,70147.470000,8201450523,12815,81,0
NODE,0.758893,999,70445.600000,7548197070,12774,19,0
NODE,0.758893,999,71073.330000,7971554199,12761,98,0
NODE,0.758893,999,72069.940000,7810950257,12794,25,0
NODE,0.758893,999,72122.170000,8127211229,12787,22,0
NODE,0.758893,999,72167.640000,7871649337,12793,40,0
NODE,0.758893,999,72516.670000,7863870604,12814,89,0
NODE,0.758893,999,73190.180000,8588080451,12740,1,0
NODE,0.758893,999,73212.520000,7990781922,12790,35,0
NODE,0.758893,999,73280.230000,8506216240,12783,114,0
NODE,0.758893,999,73341.790000,8294102763,12822,83,0
NODE,0.758893,999,73476.560000,7903863222,12759,49,0
NODE,0.758893,999,73491.970000,7629052953,12834,96,0
NODE,0.758893,999,73625.280000,7684256740,12791,115,0
NODE,0.758893,999,73677.350000,7844075609,12796,51,0
NODE,0.758893,999,73874.270000,8364104173,12829,44,0
NODE,0.758893,999,73892.890000,8323961175,12748,9,0
NODE,0.758893,999,73897.110000,8676565894,12785,39,0
NODE,0.758893,999,74104.930000,8146080803,12840,68,0
NODE,0.758893,999,74123.560000,8146457953,12833,67,0
NODE,0.758893,999,74130.200000,8358440487,12786,71,0
NODE,0.758893,999,74302.930000,8483943039,12845,15,0
NODE,0.758893,999,74343.670000,8793564316,12843,105,0
NODE,0.758893,999,74480.900000,8377292939,12826,103,0
NODE,0.758893,999,74476.380000,8552079160,12765,18,0
NODE,0.758893,999,74647.000000,8510969273,12746,7,0
NODE,0.758893,999,74659.150000,8341590276,12788,77,0
NODE,0.758893,999,74701.720000,8056565461,12798,79,0
NODE,0.758893,999,74752.640000,8630083634,12830,58,0
NODE,0.758893,999,75137.580000,8204448358,12808,107,0
NODE,0.758893,999,75145.180000,9021492697,12832,86,0
NODE,0.758893,999,75203.270000,8615087857,12770,100,0
NODE,0.758893,999,75241.530000,9060626492,12811,41,0
NODE,0.758893,999,75309.430000,9151405981,12780,78,0
NODE,0.758893,999,75424.250000,9010474925,12846,34,0
NODE,0.758893,999,75431.950000,8367018932,12836,23,0
NODE,0.758893,999,75483.960000,8392530407,12753,97,0
NODE,0.758893,999,75582.710000,8278781593,12795,65,0
NODE,0.758893,999,75588.600000,8573800710,12842,95,0
NODE,0.758893,999,75590.290000,8340801958,12741,2,0
NODE,0.758893,999,75632.270000,8691065554,12857,94,0
NODE,0.758893,999,75724.420000,8371423398,12818,113,0
NODE,0.758893,999,75782.310000,8521562232,12809,14,0
NODE,0.758893,999,75849.680000,8586104049,12855,27,0
NODE,0.758893,999,75983.190000,8637568824,12813,60,0
NODE,0.758893,999,76048.540000,9225308019,12850,69,0
NODE,0.758893,999,76049.560000,8713580810,12806,92,0
NODE,0.758893,999,76080.110000,8683520029,12773,75,0
NODE,0.758893,999,76129.920000,9103924249,12847,43,0
NODE,0.758893,999,76346.980000,8260762538,12823,70,0
NODE,0.758893,999,76367.750000,8489648066,12844,116,0
NODE,0.758893,999,76568.390000,8510218399,12797,87,0
NODE,0.758893,999,76604.820000,9080819061,12760,62,0
NODE,0.758893,999,76643.870000,8458959893,12747,8,0
NODE,0.758893,999,76898.320000,8660576189,12749,10,0
NODE,0.758893,999,76842.820000,8656146489,12754,24,0
NODE,0.758893,999,76963.460000,8941228898,12828,31,0
NODE,0.758893,999,77165.100000,8619566530,12853,118,0
NODE,0.758893,999,77192.030000,8943270331,12777,101,0
NODE,0.758893,999,77188.410000,8469357214,12776,38,0
NODE,0.758893,999,77279.690000,9049353591,12800,109,0
NODE,0.758893,999,77794.750000,9062674605,12763,73,0
NODE,0.758893,999,77782.940000,9431232486,12764,108,0
NODE,0.758893,999,77925.830000,8617119204,12789,91,0
NODE,0.758893,999,77984.530000,8787411226,12762,26,0
NODE,0.758893,999,77998.770000,9101918817,12742,3,0
NODE,0.758893,999,78081.300000,8731275331,12750,11,0
NODE,0.758893,999,78104.290000,9033823977,12779,88,0
NODE,0.758893,999,78104.750000,8596640684,12781,33,0
NODE,0.758893,999,78544.550000,8344866854,12784,59,0
NODE,0.758893,999,78569.260000,9262523413,12810,32,0
NODE,0.758893,999,78672.370000,8984441615,12831,74,0
NODE,0.758893,999,78714.490000,8647623971,12745,6,0
NODE,0.758893,999,79015.610000,8750318481,12778,64,0
NODE,0.758893,999,79032.570000,9099850371,12856,46,0
NODE,0.758893,999,79344.100000,8752085203,12758,84,0
NODE,0.758893,999,79478.270000,8949967224,12827,13,0
NODE,0.758893,999,79513.390000,9462603181,12858,119,0
NODE,0.758893,999,79546.360000,9140937866,12756,12,0
NODE,0.758893,999,79675.970000,9290186954,12757,36,0
NODE,0.758893,999,79753.000000,9581679469,12772,112,0
NODE,0.758893,999,79786.060000,8776404974,12802,42,0
NODE,0.758893,999,80242.950000,9086373469,12775,53,0
NODE,0.758893,999,80435.740000,8986377405,12803,76,0
NODE,0.758893,999,80823.480000,9504164274,12852,106,0
NODE,0.758893,999,80865.850000,9545790174,12820,45,0
NODE,0.758893,999,80962.310000,8355208577,12835,117,0
NODE,0.758893,999,81034.540000,8979943988,12801,17,0
NODE,0.758893,999,81076.210000,9648273443,12825,90,0
NODE,0.758893,999,81267.440000,9271902441,12838,47,0
NODE,0.758893,999,81417.120000,9389909194,12841,82,0
NODE,0.758893,999,81466.650000,9183841881,12752,61,0
NODE,0.758893,999,81896.170000,9567322339,12782,21,0
NODE,0.758893,999,82198.240000,9849309631,12751,48,0
NODE,0.758893,999,82300.170000,10008506439,12768,50,0
NODE,0.758893,999,82772.030000,9483357658,12799,104,0
NODE,0.758893,999,83088.760000,10012423165,12848,55,0
NODE,0.758893,999,83134.770000,10287293838,12849,80,0
NODE,0.758893,999,83385.830000,9301779361,12807,111,0
NODE,0.758893,999,83622.810000,9622881637,12755,72,0
NODE,0.758893,999,83808.340000,10348564938,12767,85,0
NODE,0.758893,999,84330.920000,9361264844,12744,5,0
NODE,0.758893,999,85023.120000,9579210142,12837,30,0
NODE,0.758893,999,86436.390000,9803756045,12839,57,0
NODE,0.758893,999,86890.230000,9356894916,12804,66,0
NODE,0.758893,999,88713.870000,10068335817,12743,4,0
NODE,0.758893,999,88934.400000,10485833801,12805,54,0
NODE,0.758893,999,73162.280000,8124473913,12862,93,0
NODE,0.758893,999,70782.440000,8068983586,12875,22,0
NODE,0.758893,999,78537.760000,8664927849,12860,99,0
NODE,0.758893,999,78075.190000,8825878462,12861,63,0
NODE,0.758893,999,70508.090000,7269322777,12878,1,0
NODE,0.758893,999,80180.360000,8878746686,12859,20,0
NODE,0.758893,999,71253.290000,7552055653,12886,44,0
NODE,0.758893,999,72213.320000,7908822751,12879,35,0
NODE,0.758893,999,74157.210000,8210703849,12876,40,0
NODE,0.758893,999,73564.310000,8161626656,12882,49,0
NODE,0.758893,999,73861.230000,8182775870,12881,83,0
NODE,0.758893,999,73637.110000,8295521759,12885,51,0
NODE,0.758893,999,77821.750000,8924560771,12869,52,0
NODE,0.758893,999,79860.750000,8913239421,12863,56,0
NODE,0.758893,999,72844.460000,7944068055,12901,86,0
NODE,0.758893,999,72618.400000,7777211083,12912,113,0
NODE,0.758893,999,74844.240000,8609635842,12884,115,0
NODE,0.758893,999,79518.530000,9060471360,12867,29,0
NODE,0.758893,999,77898.050000,8652282435,12873,98,0
NODE,0.758893,999,72577.280000,8963298795,12922,87,0
NODE,0.758893,999,75939.010000,8206140839,12883,96,0
NODE,0.758893,999,76234.980000,8725939860,12887,9,0
NODE,0.758893,999,81763.890000,9006651303,12865,37,0
NODE,0.758893,999,80468.190000,8483903700,12870,102,0
NODE,0.758893,999,77552.510000,8759599474,12880,114,0
NODE,0.758893,999,83586.220000,9470145307,12864,110,0
NODE,0.758893,999,82476.770000,9031772925,12868,16,0
NODE,0.758893,999,81559.940000,9200621087,12872,19,0
NODE,0.758893,999,76397.680000,8298304213,12913,14,0
NODE,0.758893,999,75718.880000,9138089510,12923,62,0
NODE,0.758893,999,71601.760000,8199185706,12959,90,0
NODE,0.758893,999,78103.400000,8455198265,12898,79,0
NODE,0.758893,999,75736.730000,8342216281,12930,38,0
NODE,0.758893,999,78280.420000,8456978245,12899,58,0
NODE,0.758893,999,80645.640000,9284591218,12877,89,0
NODE,0.758893,999,78076.390000,8507471161,12903,41,0
NODE,0.758893,999,79251.020000,8444364844,12891,71,0
NODE,0.758893,999,81449.470000,8956259589,12874,25,0
NODE,0.758893,999,83762.060000,9874055334,12871,81,0
NODE,0.758893,999,78351.630000,8785373356,12909,95,0
NODE,0.758893,999,80132.910000,8625821302,12888,39,0
NODE,0.758893,999,85081.940000,10090767005,12866,28,0
NODE,0.758893,999,80212.150000,8621442414,12889,68,0
NODE,0.758893,999,79238.360000,8903538673,12906,23,0
NODE,0.758893,999,73449.300000,8487287902,12960,47,0
NODE,0.758893,999,77635.940000,8847388272,12929,101,0
NODE,0.758893,999,79266.020000,8721040328,12919,43,0
NODE,0.758893,999,80380.580000,10121602514,12905,34,0
NODE,0.758893,999,74861.030000,8712353856,12957,117,0
NODE,0.758893,999,80336.850000,9040399234,12907,97,0
NODE,0.758893,999,79824.300000,8843560203,12915,60,0
NODE,0.758893,999,76413.960000,8479366597,12952,42,0
NODE,0.758893,999,79728.030000,9584791956,12924,8,0
NODE,0.758893,999,75134.280000,8921356694,12962,61,0
NODE,0.758893,999,79489.040000,8583869251,12931,109,0
NODE,0.758893,999,80941.990000,8854592898,12914,27,0
NODE,0.758893,999,78434.680000,8554635959,12941,32,0
NODE,0.758893,999,81145.870000,9331471073,12918,75,0
NODE,0.758893,999,81848.510000,8870192551,12904,78,0
NODE,0.758893,999,76553.390000,9114563376,12955,106,0
NODE,0.758893,999,77867.020000,8136666349,12948,119,0
NODE,0.758893,999,78755.620000,9109849713,12942,74,0
NODE,0.758893,999,76650.020000,9027584272,12956,45,0
NODE,0.758893,999,78654.450000,8777754737,12943,6,0
NODE,0.758893,999,77132.070000,9010116645,12954,76,0
NODE,0.758893,999,76095.280000,7976400770,12963,21,0
NODE,0.758893,999,82402.940000,8792784888,12911,94,0
NODE,0.758893,999,74300.990000,9002781411,12972,5,0
NODE,0.758893,999,84568.310000,9148932575,12890,67,0
NODE,0.758893,999,76486.980000,8364713935,12964,48,0
NODE,0.758893,999,84203.270000,10148012262,12897,77,0
NODE,0.758893,999,83407.030000,9346335635,12908,65,0
NODE,0.758893,999,83937.730000,9294938866,12902,100,0
NODE,0.758893,999,84987.290000,9207220550,12893,105,0
NODE,0.758893,999,84914.470000,9500636781,12894,103,0
NODE,0.758893,999,85085.690000,8565557919,12895,18,0
NODE,0.758893,999,81890.810000,9286192524,12935,26,0
NODE,0.758893,999,83595.490000,8921101032,12920,70,0
NODE,0.758893,999,80357.770000,8785003611,12950,36,0
NODE,0.758893,999,80015.920000,9056808871,12953,53,0
NODE,0.758893,999,78957.420000,8837941951,12961,82,0
NODE,0.758893,999,81972.140000,9086483266,12940,59,0
NODE,0.758893,999,84593.360000,9621164625,12917,92,0
NODE,0.758893,999,83890.710000,8928668428,12927,31,0
NODE,0.758893,999,81355.660000,8978759443,12946,84,0
NODE,0.758893,999,81174.330000,8248272708,12949,12,0
NODE,0.758893,999,82435.800000,9037114868,12944,64,0
NODE,0.758893,999,83536.070000,9223741028,12938,88,0
NODE,0.758893,999,75701.650000,9040138808,12974,57,0
NODE,0.758893,999,87199.750000,9865126404,12900,107,0
NODE,0.758893,999,86104.660000,9819347729,12921,116,0
NODE,0.758893,999,81744.570000,10268494065,12958,17,0
NODE,0.758893,999,88157.390000,9916055462,12896,7,0
NODE,0.758893,999,85301.740000,9526965140,12934,91,0
NODE,0.758893,999,85264.820000,9744590244,12936,3,0
NODE,0.758893,999,86510.450000,9950952509,12926,24,0
NODE,0.758893,999,80471.800000,9576813000,12967,55,0
NODE,0.758893,999,86543.190000,9265802884,12928,118,0
NODE,0.758893,999,80229.790000,9623670295,12971,85,0
NODE,0.758893,999,86126.450000,9225082237,12933,108,0
NODE,0.758893,999,81375.440000,8823926109,12966,104,0
NODE,0.758893,999,85554.130000,9578304238,12945,46,0
NODE,0.758893,999,89261.350000,10503066202,12910,2,0
NODE,0.758893,999,85433.670000,9582133610,12947,13,0
NODE,0.758893,999,82672.770000,9193075386,12965,50,0
NODE,0.758893,999,89081.050000,9737914252,12916,69,0
NODE,0.758893,999,85556.640000,9498028818,12951,112,0
NODE,0.758893,999,87293.670000,9315296831,12937,11,0
NODE,0.758893,999,77853.490000,9641943357,12976,4,0
NODE,0.758893,999,83583.810000,9199766675,12968,80,0
NODE,0.758893,999,92678.570000,10269059923,12892,15,0
NODE,0.758893,999,91048.920000,11103503403,12925,10,0
NODE,0.758893,999,82059.740000,9409843613,12975,66,0
NODE,0.758893,999,84047.110000,9671730805,12973,30,0
NODE,0.758893,999,91263.670000,11848454504,12939,33,0
NODE,0.758893,999,86224.380000,10487264146,12970,72,0
NODE,0.758893,999,92585.470000,10189285288,12932,73,0
NODE,0.758893,999,82786.300000,9579302958,12977,54,0
NODE,0.758893,999,92097.640000,10884410837,12969,111,0
NODE,0.758893,999,70544.640000,7941321972,12980,99,0
NODE,0.758893,999,78791.160000,9866977077,12978,93,0
NODE,0.758893,999,72187.300000,8749670537,12988,83,0
NODE,0.758893,999,73038.950000,8427537565,12987,49,0
NODE,0.758893,999,71479.180000,7983196176,12995,29,0
NODE,0.758893,999,77243.910000,9329835940,12981,63,0
NODE,0.758893,999,77679.260000,8683568339,12979,22,0
NODE,0.758893,999,72300.190000,8008096129,12993,113,0
NODE,0.758893,999,77602.390000,8427187884,12982,1,0
NODE,0.758893,999,75324.960000,8198432791,12991,56,0
NODE,0.758893,999,79361.900000,9665240992,12983,20,0
NODE,0.758893,999,76894.830000,7848201139,12990,52,0
NODE,0.758893,999,78378.630000,9414584370,12994,115,0
NODE,0.758893,999,79103.720000,8965520170,12992,86,0
NODE,0.758893,999,77718.410000,9707291668,13000,37,0
NODE,0.758893,999,81675.890000,9878717201,12986,40,0
NODE,0.758893,999,82999.470000,10079258038,12985,35,0
NODE,0.758893,999,81241.240000,9640231529,12989,51,0
NODE,0.758893,999,79718.880000,10193447458,12996,98,0
NODE,0.758893,999,84524.800000,10522441088,12984,44,0
NODE,0.758893,999,83952.800000,9811809572,12997,87,0
NODE,0.758893,999,89311.370000,11319938090,12998,96,0
NODE,0.758893,999,89049.350000,10749172047,12999,9,0
